[CCD原图]
CCD0=53 60 65 65 71 72 77 75 77 74 77 75 77 75 76 74 77 75 78 75 76 74 76 95 115 117 123 122 126 123 124 123 125 125 125 123 126 119 123 122 122 119 120 115 118 116 119 121 127 128 128 129 127 126 131 125 130 128 130 129 131 122 135 127 130 125 121 121 121 120 125 125 129 125 132 130 134 133 136 134 137 133 135 132 132 128 127 128 124 120 118 107 88 76 76 77 79 73 75 74 76 73 75 73 74 73 75 73 74 72 73 72 74 71 73 70 73 71 73 70 73 70 72 71 72 71 74 71 
CCD1=0 0 0 0 0 0 0 0 0 0 0 0 0 0 0 0 0 0 0 0 0 0 0 0 0 0 0 0 0 0 0 0 0 0 0 0 0 0 0 0 0 0 0 0 0 0 0 0 0 0 0 0 0 0 0 0 0 0 0 0 0 0 0 0 0 0 0 0 0 0 0 0 0 0 0 0 0 0 0 0 0 0 0 0 0 0 0 0 0 0 0 0 0 0 0 0 0 0 0 0 0 0 0 0 0 0 0 0 0 0 0 0 0 0 0 0 0 0 0 0 0 0 0 0 0 0 0 0 
[CCD拟图]
CCDLRC0=22 93 57 
CCDLRC1=22 93 57 
CCDLRC2=0 0 0 
[反馈数据]
0=6
1=19
2=12
3=4194
4=2100
5=1750
6=0
7=1
8=0
9=0
10=88
11=1624
12=1580
[控制固参]
0=0
