[CCD原图]
CCD0=53 61 65 66 72 73 78 74 77 75 77 74 77 74 76 74 76 75 79 79 77 74 75 92 115 117 120 119 123 123 125 125 126 126 127 124 126 120 124 122 122 118 119 116 119 115 120 121 127 126 129 129 127 127 131 126 130 128 130 129 131 122 133 126 129 124 122 120 120 119 124 126 130 126 131 130 134 132 135 135 138 132 136 131 131 128 129 131 128 125 120 101 82 75 77 78 78 73 77 76 76 73 75 73 75 73 74 73 74 72 73 72 74 71 74 71 72 71 73 70 72 70 72 70 72 71 73 72 
CCD1=0 0 0 0 0 0 0 0 0 0 0 0 0 0 0 0 0 0 0 0 0 0 0 0 0 0 0 0 0 0 0 0 0 0 0 0 0 0 0 0 0 0 0 0 0 0 0 0 0 0 0 0 0 0 0 0 0 0 0 0 0 0 0 0 0 0 0 0 0 0 0 0 0 0 0 0 0 0 0 0 0 0 0 0 0 0 0 0 0 0 0 0 0 0 0 0 0 0 0 0 0 0 0 0 0 0 0 0 0 0 0 0 0 0 0 0 0 0 0 0 0 0 0 0 0 0 0 0 
[CCD拟图]
CCDLRC0=22 93 57 
CCDLRC1=22 93 57 
CCDLRC2=0 0 0 
[反馈数据]
0=6
1=19
2=12
3=4194
4=2100
5=1750
6=0
7=1
8=0
9=0
10=95
11=1631
12=1587
[控制固参]
0=0
