[CCD原图]
CCD0=53 60 66 66 73 74 78 76 78 75 78 74 77 74 76 75 76 75 78 76 79 76 75 76 79 76 79 78 80 78 80 78 81 79 82 80 81 74 77 75 81 109 128 128 132 129 131 133 135 134 135 135 133 131 135 131 136 134 136 135 137 127 138 133 138 137 137 139 139 137 139 138 142 136 139 137 139 136 138 136 138 132 137 134 135 131 132 133 132 130 130 127 130 127 129 129 130 126 128 126 126 123 126 124 123 125 125 124 121 109 85 76 77 76 80 78 81 79 80 78 80 79 81 79 80 79 82 80 
CCD1=0 0 0 0 0 0 0 0 0 0 0 0 0 0 0 0 0 0 0 0 0 0 0 0 0 0 0 0 0 0 0 0 0 0 0 0 0 0 0 0 0 0 0 0 0 0 0 0 0 0 0 0 0 0 0 0 0 0 0 0 0 0 0 0 0 0 0 0 0 0 0 0 0 0 0 0 0 0 0 0 0 0 0 0 0 0 0 0 0 0 0 0 0 0 0 0 0 0 0 0 0 0 0 0 0 0 0 0 0 0 0 0 0 0 0 0 0 0 0 0 0 0 0 0 0 0 0 0 
[CCD拟图]
CCDLRC0=40 110 75 
CCDLRC1=40 110 75 
CCDLRC2=0 0 0 
[反馈数据]
0=6
1=19
2=12
3=4194
4=2100
5=1750
6=0
7=1
8=0
9=0
10=209
11=209
12=165
[控制固参]
0=0
