[CCD原图]
CCD0=52 60 65 65 71 72 76 73 76 73 75 73 76 72 75 73 75 73 72 70 72 69 72 87 105 109 113 113 116 115 117 116 117 117 119 118 121 114 119 117 117 113 111 107 110 111 117 118 122 121 124 123 122 121 126 121 126 124 125 125 125 117 127 118 120 115 113 112 116 115 121 121 125 121 126 123 125 123 124 123 121 100 106 105 111 109 104 107 100 79 76 73 76 76 79 77 79 75 77 75 77 74 76 73 74 73 74 72 73 72 73 71 72 70 72 70 72 69 72 69 70 69 70 68 70 68 70 69 
CCD1=0 0 0 0 0 0 0 0 0 0 0 0 0 0 0 0 0 0 0 0 0 0 0 0 0 0 0 0 0 0 0 0 0 0 0 0 0 0 0 0 0 0 0 0 0 0 0 0 0 0 0 0 0 0 0 0 0 0 0 0 0 0 0 0 0 0 0 0 0 0 0 0 0 0 0 0 0 0 0 0 0 0 0 0 0 0 0 0 0 0 0 0 0 0 0 0 0 0 0 0 0 0 0 0 0 0 0 0 0 0 0 0 0 0 0 0 0 0 0 0 0 0 0 0 0 0 0 0 
[CCD拟图]
CCDLRC0=22 90 56 
CCDLRC1=22 90 56 
CCDLRC2=0 0 0 
[反馈数据]
0=6
1=19
2=12
3=4194
4=2100
5=1750
6=0
7=1
8=0
9=0
10=143
11=1679
12=1635
[控制固参]
0=0
