[CCD原图]
CCD0=53 59 65 64 71 71 76 74 75 73 76 73 75 73 75 73 75 72 72 70 72 69 76 95 108 110 114 112 117 115 116 115 117 117 119 117 121 115 119 118 116 111 111 107 112 112 117 118 122 121 124 123 123 122 126 121 126 124 126 124 126 117 127 119 121 115 112 112 116 115 119 121 124 120 125 123 125 123 125 123 125 109 103 104 108 109 107 102 105 94 79 73 75 75 78 77 79 76 77 75 77 75 76 74 74 73 75 72 74 71 73 71 73 71 72 70 72 69 72 70 72 69 70 69 71 69 71 69 
CCD1=0 0 0 0 0 0 0 0 0 0 0 0 0 0 0 0 0 0 0 0 0 0 0 0 0 0 0 0 0 0 0 0 0 0 0 0 0 0 0 0 0 0 0 0 0 0 0 0 0 0 0 0 0 0 0 0 0 0 0 0 0 0 0 0 0 0 0 0 0 0 0 0 0 0 0 0 0 0 0 0 0 0 0 0 0 0 0 0 0 0 0 0 0 0 0 0 0 0 0 0 0 0 0 0 0 0 0 0 0 0 0 0 0 0 0 0 0 0 0 0 0 0 0 0 0 0 0 0 
[CCD拟图]
CCDLRC0=22 90 56 
CCDLRC1=22 90 56 
CCDLRC2=0 0 0 
[反馈数据]
0=6
1=19
2=12
3=4194
4=2100
5=1750
6=0
7=1
8=0
9=0
10=144
11=1680
12=1636
[控制固参]
0=0
