[CCD原图]
CCD0=53 60 65 64 71 72 75 74 76 72 75 72 75 72 75 72 74 70 72 70 72 71 82 100 110 109 114 113 116 114 115 115 115 116 118 117 119 114 119 116 115 112 113 109 113 109 113 114 118 118 121 121 119 119 124 120 124 122 124 124 124 115 126 118 121 117 115 115 117 115 120 121 124 119 124 121 124 123 125 123 125 115 104 103 107 109 112 112 110 103 83 73 75 72 77 76 79 75 78 75 77 73 76 74 75 73 76 74 74 73 75 72 74 72 73 71 72 71 72 70 72 70 71 69 71 69 71 69 
CCD1=0 0 0 0 0 0 0 0 0 0 0 0 0 0 0 0 0 0 0 0 0 0 0 0 0 0 0 0 0 0 0 0 0 0 0 0 0 0 0 0 0 0 0 0 0 0 0 0 0 0 0 0 0 0 0 0 0 0 0 0 0 0 0 0 0 0 0 0 0 0 0 0 0 0 0 0 0 0 0 0 0 0 0 0 0 0 0 0 0 0 0 0 0 0 0 0 0 0 0 0 0 0 0 0 0 0 0 0 0 0 0 0 0 0 0 0 0 0 0 0 0 0 0 0 0 0 0 0 
[CCD拟图]
CCDLRC0=21 91 56 
CCDLRC1=21 91 56 
CCDLRC2=0 0 0 
[反馈数据]
0=6
1=19
2=12
3=4194
4=2100
5=1750
6=0
7=1
8=0
9=0
10=158
11=1694
12=1650
[控制固参]
0=0
