[CCD原图]
CCD0=52 60 65 64 71 71 76 73 76 73 75 73 76 73 75 73 73 71 73 70 73 76 90 105 113 111 114 112 115 113 114 114 116 116 118 116 120 114 118 116 116 112 114 109 112 109 113 114 118 117 120 120 120 120 124 120 124 122 123 123 124 115 125 119 122 118 117 117 118 116 119 118 121 116 122 119 123 121 123 122 124 119 122 119 121 118 120 120 118 116 111 88 77 72 75 74 78 75 77 75 77 74 75 73 74 73 75 73 74 73 75 73 74 72 74 71 73 71 73 71 72 70 72 70 71 70 72 70 
CCD1=0 0 0 0 0 0 0 0 0 0 0 0 0 0 0 0 0 0 0 0 0 0 0 0 0 0 0 0 0 0 0 0 0 0 0 0 0 0 0 0 0 0 0 0 0 0 0 0 0 0 0 0 0 0 0 0 0 0 0 0 0 0 0 0 0 0 0 0 0 0 0 0 0 0 0 0 0 0 0 0 0 0 0 0 0 0 0 0 0 0 0 0 0 0 0 0 0 0 0 0 0 0 0 0 0 0 0 0 0 0 0 0 0 0 0 0 0 0 0 0 0 0 0 0 0 0 0 0 
[CCD拟图]
CCDLRC0=21 91 56 
CCDLRC1=21 91 56 
CCDLRC2=0 0 0 
[反馈数据]
0=6
1=19
2=12
3=4194
4=2100
5=1750
6=0
7=1
8=0
9=0
10=166
11=1702
12=1658
[控制固参]
0=0
