[CCD原图]
CCD0=53 60 65 64 70 71 74 72 75 72 73 72 74 71 73 72 74 72 75 73 76 71 71 70 79 103 114 112 116 114 115 114 115 115 117 116 119 115 119 119 118 117 120 117 121 119 120 122 124 123 124 124 122 121 124 120 124 122 124 124 125 118 128 121 125 122 123 123 124 120 124 122 124 119 123 120 123 120 122 121 124 120 124 121 122 118 120 121 119 118 116 112 102 79 77 74 75 74 77 75 76 75 76 74 75 74 75 74 75 73 75 72 74 72 73 71 74 72 73 70 72 71 72 70 72 70 72 71 
CCD1=0 0 0 0 0 0 0 0 0 0 0 0 0 0 0 0 0 0 0 0 0 0 0 0 0 0 0 0 0 0 0 0 0 0 0 0 0 0 0 0 0 0 0 0 0 0 0 0 0 0 0 0 0 0 0 0 0 0 0 0 0 0 0 0 0 0 0 0 0 0 0 0 0 0 0 0 0 0 0 0 0 0 0 0 0 0 0 0 0 0 0 0 0 0 0 0 0 0 0 0 0 0 0 0 0 0 0 0 0 0 0 0 0 0 0 0 0 0 0 0 0 0 0 0 0 0 0 0 
[CCD拟图]
CCDLRC0=24 93 58 
CCDLRC1=24 93 58 
CCDLRC2=0 0 0 
[反馈数据]
0=6
1=19
2=12
3=4194
4=2100
5=1750
6=0
7=1
8=0
9=0
10=216
11=1752
12=1708
[控制固参]
0=0
