[CCD原图]
CCD0=56 65 74 79 93 102 110 107 109 104 107 104 105 102 105 104 105 104 108 106 109 106 100 105 111 109 111 109 112 110 110 110 111 111 113 111 115 110 116 114 114 113 116 113 118 114 117 117 121 118 120 119 117 116 120 117 121 120 122 122 123 116 125 119 123 121 122 121 122 120 122 121 123 118 122 119 121 119 120 116 111 96 89 76 74 71 74 73 75 74 75 73 75 73 75 73 75 72 74 72 74 71 73 72 73 71 73 72 73 71 73 71 73 71 73 71 73 71 73 71 72 71 72 70 72 71 73 71 
CCD1=0 0 0 0 0 0 0 0 0 0 0 0 0 0 0 0 0 0 0 0 0 0 0 0 0 0 0 0 0 0 0 0 0 0 0 0 0 0 0 0 0 0 0 0 0 0 0 0 0 0 0 0 0 0 0 0 0 0 0 0 0 0 0 0 0 0 0 0 0 0 0 0 0 0 0 0 0 0 0 0 0 0 0 0 0 0 0 0 0 0 0 0 0 0 0 0 0 0 0 0 0 0 0 0 0 0 0 0 0 0 0 0 0 0 0 0 0 0 0 0 0 0 0 0 0 0 0 0 
[CCD拟图]
CCDLRC0=6 86 46 
CCDLRC1=6 86 46 
CCDLRC2=0 0 0 
[反馈数据]
0=6
1=19
2=12
3=4194
4=2100
5=1750
6=0
7=1
8=0
9=0
10=231
11=1767
12=1723
[控制固参]
0=0
