[CCD原图]
CCD0=53 60 66 67 74 76 80 78 80 78 80 78 80 77 80 79 80 79 82 81 83 80 79 79 83 81 83 80 82 80 81 80 82 80 83 80 84 80 84 83 84 83 86 84 87 85 88 87 89 87 89 87 88 85 88 83 85 82 82 82 89 91 105 108 119 124 129 130 131 129 131 130 133 127 132 129 132 130 131 130 133 129 132 131 135 134 138 143 143 144 144 142 142 138 138 136 135 129 130 126 126 121 123 119 118 118 118 118 116 114 115 113 115 110 114 110 114 112 114 111 114 113 116 114 113 118 123 122 
CCD1=0 0 0 0 0 0 0 0 0 0 0 0 0 0 0 0 0 0 0 0 0 0 0 0 0 0 0 0 0 0 0 0 0 0 0 0 0 0 0 0 0 0 0 0 0 0 0 0 0 0 0 0 0 0 0 0 0 0 0 0 0 0 0 0 0 0 0 0 0 0 0 0 0 0 0 0 0 0 0 0 0 0 0 0 0 0 0 0 0 0 0 0 0 0 0 0 0 0 0 0 0 0 0 0 0 0 0 0 0 0 0 0 0 0 0 0 0 0 0 0 0 0 0 0 0 0 0 0 
[CCD拟图]
CCDLRC0=6 122 64 
CCDLRC1=6 122 64 
CCDLRC2=0 0 0 
[反馈数据]
0=6
1=19
2=12
3=4194
4=2100
5=1750
6=0
7=1
8=0
9=0
10=36
11=1828
12=1784
[控制固参]
0=0
