[CCD原图]
CCD0=53 60 65 66 73 75 80 77 80 76 80 77 79 76 78 77 78 76 80 77 79 77 75 76 80 78 80 78 80 79 80 78 80 79 81 79 82 79 82 80 82 80 83 81 84 81 82 82 84 82 85 82 84 82 86 84 87 86 88 87 89 84 90 85 88 86 88 86 87 84 87 84 86 83 86 83 85 84 86 84 86 84 86 84 86 84 86 86 86 86 86 84 86 84 86 84 86 84 85 83 84 80 83 81 82 81 82 81 82 80 82 80 82 79 82 79 82 81 83 80 83 81 84 81 81 82 85 83 
CCD1=0 0 0 0 0 0 0 0 0 0 0 0 0 0 0 0 0 0 0 0 0 0 0 0 0 0 0 0 0 0 0 0 0 0 0 0 0 0 0 0 0 0 0 0 0 0 0 0 0 0 0 0 0 0 0 0 0 0 0 0 0 0 0 0 0 0 0 0 0 0 0 0 0 0 0 0 0 0 0 0 0 0 0 0 0 0 0 0 0 0 0 0 0 0 0 0 0 0 0 0 0 0 0 0 0 0 0 0 0 0 0 0 0 0 0 0 0 0 0 0 0 0 0 0 0 0 0 0 
[CCD拟图]
CCDLRC0=6 122 99 
CCDLRC1=6 122 99 
CCDLRC2=0 0 0 
[反馈数据]
0=6
1=19
2=12
3=4194
4=2100
5=1750
6=0
7=1
8=0
9=0
10=50
11=1842
12=1798
[控制固参]
0=0
