[CCD原图]
CCD0=53 60 65 65 72 72 78 75 77 74 76 73 76 73 76 74 76 74 77 75 78 75 74 74 78 76 78 76 78 76 79 78 79 78 80 79 81 78 76 73 76 86 120 125 130 127 130 130 134 131 132 132 129 129 134 129 134 133 135 135 137 129 142 136 139 137 137 139 140 137 139 137 139 133 137 134 134 133 135 133 136 131 135 132 133 130 131 133 130 130 130 127 129 126 128 128 129 125 128 126 126 122 124 121 121 121 122 121 103 80 78 75 79 78 80 77 80 78 79 77 79 78 80 77 79 79 81 80 
CCD1=0 0 0 0 0 0 0 0 0 0 0 0 0 0 0 0 0 0 0 0 0 0 0 0 0 0 0 0 0 0 0 0 0 0 0 0 0 0 0 0 0 0 0 0 0 0 0 0 0 0 0 0 0 0 0 0 0 0 0 0 0 0 0 0 0 0 0 0 0 0 0 0 0 0 0 0 0 0 0 0 0 0 0 0 0 0 0 0 0 0 0 0 0 0 0 0 0 0 0 0 0 0 0 0 0 0 0 0 0 0 0 0 0 0 0 0 0 0 0 0 0 0 0 0 0 0 0 0 
[CCD拟图]
CCDLRC0=40 110 75 
CCDLRC1=40 110 75 
CCDLRC2=0 0 0 
[反馈数据]
0=6
1=19
2=12
3=4194
4=2100
5=1750
6=0
7=1
8=0
9=0
10=232
11=232
12=188
[控制固参]
0=0
