[CCD原图]
CCD0=56 64 71 75 92 106 120 119 121 115 117 113 116 111 114 114 114 113 117 115 119 116 109 115 121 119 121 120 123 122 123 122 125 125 128 128 130 126 131 131 130 129 132 130 134 130 132 132 136 135 137 137 136 137 141 138 144 143 145 144 146 135 146 138 141 139 137 137 138 135 137 136 139 133 138 134 137 135 137 135 138 132 138 135 136 136 137 140 138 139 138 137 139 136 138 136 137 132 134 131 130 124 126 124 123 124 125 125 122 121 122 121 123 118 123 119 124 123 125 123 125 124 127 124 121 126 130 129 
CCD1=0 0 0 0 0 0 0 0 0 0 0 0 0 0 0 0 0 0 0 0 0 0 0 0 0 0 0 0 0 0 0 0 0 0 0 0 0 0 0 0 0 0 0 0 0 0 0 0 0 0 0 0 0 0 0 0 0 0 0 0 0 0 0 0 0 0 0 0 0 0 0 0 0 0 0 0 0 0 0 0 0 0 0 0 0 0 0 0 0 0 0 0 0 0 0 0 0 0 0 0 0 0 0 0 0 0 0 0 0 0 0 0 0 0 0 0 0 0 0 0 0 0 0 0 0 0 0 0 
[CCD拟图]
CCDLRC0=6 122 73 
CCDLRC1=6 122 73 
CCDLRC2=0 0 0 
[反馈数据]
0=6
1=19
2=12
3=4194
4=2100
5=1750
6=0
7=1
8=0
9=0
10=88
11=1880
12=1836
[控制固参]
0=0
