[CCD原图]
CCD0=59 69 77 83 100 109 120 119 123 117 120 117 120 115 118 118 119 118 122 119 123 119 110 114 116 108 104 96 94 87 85 82 82 80 82 80 78 73 75 74 76 74 76 74 76 75 77 74 77 75 78 76 76 76 84 83 87 86 87 86 90 88 97 96 103 110 117 125 131 131 136 137 140 136 143 142 146 145 147 146 148 139 142 137 138 135 134 135 133 131 130 128 131 128 132 131 133 130 132 131 131 127 130 128 129 131 132 134 130 130 131 130 132 127 132 126 129 128 129 125 126 125 128 126 124 130 136 136 
CCD1=0 0 0 0 0 0 0 0 0 0 0 0 0 0 0 0 0 0 0 0 0 0 0 0 0 0 0 0 0 0 0 0 0 0 0 0 0 0 0 0 0 0 0 0 0 0 0 0 0 0 0 0 0 0 0 0 0 0 0 0 0 0 0 0 0 0 0 0 0 0 0 0 0 0 0 0 0 0 0 0 0 0 0 0 0 0 0 0 0 0 0 0 0 0 0 0 0 0 0 0 0 0 0 0 0 0 0 0 0 0 0 0 0 0 0 0 0 0 0 0 0 0 0 0 0 0 0 0 
[CCD拟图]
CCDLRC0=6 122 94 
CCDLRC1=6 122 94 
CCDLRC2=0 0 0 
[反馈数据]
0=6
1=19
2=12
3=4194
4=2100
5=1750
6=0
7=1
8=0
9=0
10=115
11=1907
12=1863
[控制固参]
0=0
