[CCD原图]
CCD0=53 61 66 67 74 75 80 77 80 77 80 76 79 75 78 76 78 77 79 77 79 78 76 77 81 78 80 78 81 79 81 80 81 80 83 80 83 80 84 81 83 82 85 83 85 83 85 84 87 84 87 84 85 83 87 84 87 86 87 86 89 84 90 86 88 86 88 87 88 85 86 84 87 96 125 135 140 139 141 140 143 137 141 138 139 136 137 139 136 136 134 133 135 133 135 135 137 134 136 134 133 130 131 128 129 130 130 130 127 127 126 126 127 122 127 122 125 124 125 122 124 123 126 123 121 127 133 134 
CCD1=0 0 0 0 0 0 0 0 0 0 0 0 0 0 0 0 0 0 0 0 0 0 0 0 0 0 0 0 0 0 0 0 0 0 0 0 0 0 0 0 0 0 0 0 0 0 0 0 0 0 0 0 0 0 0 0 0 0 0 0 0 0 0 0 0 0 0 0 0 0 0 0 0 0 0 0 0 0 0 0 0 0 0 0 0 0 0 0 0 0 0 0 0 0 0 0 0 0 0 0 0 0 0 0 0 0 0 0 0 0 0 0 0 0 0 0 0 0 0 0 0 0 0 0 0 0 0 0 
[CCD拟图]
CCDLRC0=6 122 109 
CCDLRC1=6 122 109 
CCDLRC2=0 0 0 
[反馈数据]
0=6
1=19
2=12
3=4194
4=2100
5=1750
6=0
7=1
8=0
9=0
10=166
11=1958
12=1914
[控制固参]
0=0
