[CCD原图]
CCD0=53 60 66 66 73 75 79 77 79 75 78 75 77 74 78 76 78 76 79 76 80 77 76 76 80 77 80 78 80 78 80 79 81 80 82 80 82 80 83 81 83 81 84 82 85 82 84 83 86 83 86 83 85 83 86 83 87 85 87 85 89 84 89 86 88 85 85 82 84 85 105 128 140 136 141 138 142 139 142 142 145 138 143 139 141 137 137 139 137 136 134 133 135 133 135 135 138 133 136 134 134 129 130 128 128 130 130 129 128 127 127 126 127 122 126 122 125 125 126 122 123 123 125 124 123 128 134 135 
CCD1=0 0 0 0 0 0 0 0 0 0 0 0 0 0 0 0 0 0 0 0 0 0 0 0 0 0 0 0 0 0 0 0 0 0 0 0 0 0 0 0 0 0 0 0 0 0 0 0 0 0 0 0 0 0 0 0 0 0 0 0 0 0 0 0 0 0 0 0 0 0 0 0 0 0 0 0 0 0 0 0 0 0 0 0 0 0 0 0 0 0 0 0 0 0 0 0 0 0 0 0 0 0 0 0 0 0 0 0 0 0 0 0 0 0 0 0 0 0 0 0 0 0 0 0 0 0 0 0 
[CCD拟图]
CCDLRC0=69 122 109 
CCDLRC1=69 122 109 
CCDLRC2=0 0 0 
[反馈数据]
0=6
1=19
2=12
3=4194
4=2100
5=1750
6=0
7=1
8=0
9=0
10=171
11=1963
12=1919
[控制固参]
0=0
