[CCD原图]
CCD0=53 61 66 66 73 74 79 76 79 76 78 75 78 75 78 76 77 76 78 77 79 77 76 76 80 77 80 78 80 79 80 78 81 79 81 80 83 79 83 81 83 81 83 82 84 82 84 83 86 83 85 84 84 83 85 83 86 84 87 86 88 83 88 85 87 85 86 81 84 83 101 124 138 134 140 137 140 139 141 140 143 138 141 138 139 136 135 138 135 134 133 130 133 130 134 133 135 129 133 132 131 126 128 125 125 126 128 128 125 124 124 123 125 120 124 120 124 123 124 121 122 122 123 122 121 126 131 131 
CCD1=0 0 0 0 0 0 0 0 0 0 0 0 0 0 0 0 0 0 0 0 0 0 0 0 0 0 0 0 0 0 0 0 0 0 0 0 0 0 0 0 0 0 0 0 0 0 0 0 0 0 0 0 0 0 0 0 0 0 0 0 0 0 0 0 0 0 0 0 0 0 0 0 0 0 0 0 0 0 0 0 0 0 0 0 0 0 0 0 0 0 0 0 0 0 0 0 0 0 0 0 0 0 0 0 0 0 0 0 0 0 0 0 0 0 0 0 0 0 0 0 0 0 0 0 0 0 0 0 
[CCD拟图]
CCDLRC0=69 122 109 
CCDLRC1=69 122 109 
CCDLRC2=0 0 0 
[反馈数据]
0=6
1=19
2=12
3=4194
4=2100
5=1750
6=0
7=1
8=0
9=0
10=194
11=1986
12=1942
[控制固参]
0=0
