[CCD原图]
CCD0=53 60 64 64 70 70 75 72 74 71 74 72 73 71 74 72 74 72 75 72 73 69 70 68 71 70 76 75 78 77 79 78 80 78 80 78 81 78 81 78 78 75 76 73 76 74 85 104 123 129 133 133 132 131 136 131 137 136 139 139 141 132 145 138 142 141 140 141 142 139 141 139 142 136 140 136 138 136 138 137 139 134 138 136 137 135 136 138 135 135 133 130 133 131 129 114 99 90 90 87 87 85 87 85 86 85 87 86 86 84 86 84 86 83 86 82 84 82 82 78 78 75 76 73 74 73 74 72 
CCD1=0 0 0 0 0 0 0 0 0 0 0 0 0 0 0 0 0 0 0 0 0 0 0 0 0 0 0 0 0 0 0 0 0 0 0 0 0 0 0 0 0 0 0 0 0 0 0 0 0 0 0 0 0 0 0 0 0 0 0 0 0 0 0 0 0 0 0 0 0 0 0 0 0 0 0 0 0 0 0 0 0 0 0 0 0 0 0 0 0 0 0 0 0 0 0 0 0 0 0 0 0 0 0 0 0 0 0 0 0 0 0 0 0 0 0 0 0 0 0 0 0 0 0 0 0 0 0 0 
[CCD拟图]
CCDLRC0=47 95 71 
CCDLRC1=47 95 71 
CCDLRC2=0 0 0 
[反馈数据]
0=6
1=19
2=12
3=4194
4=2100
5=1750
6=0
7=1
8=0
9=0
10=15
11=2063
12=2019
[控制固参]
0=0
