[CCD原图]
CCD0=52 60 65 64 70 70 75 72 74 71 74 71 73 71 73 69 71 68 69 67 73 72 73 73 76 74 77 74 77 74 76 76 78 76 80 78 80 77 79 76 77 75 76 73 76 84 106 124 134 134 137 137 134 135 139 135 139 139 142 142 145 135 148 140 143 141 141 141 142 138 141 140 142 136 141 137 141 139 140 140 142 137 142 138 139 137 139 142 139 140 139 136 138 136 140 141 145 140 144 143 142 136 139 135 133 133 133 132 129 127 128 127 129 124 128 124 127 127 128 124 126 124 128 126 123 116 95 85 
CCD1=0 0 0 0 0 0 0 0 0 0 0 0 0 0 0 0 0 0 0 0 0 0 0 0 0 0 0 0 0 0 0 0 0 0 0 0 0 0 0 0 0 0 0 0 0 0 0 0 0 0 0 0 0 0 0 0 0 0 0 0 0 0 0 0 0 0 0 0 0 0 0 0 0 0 0 0 0 0 0 0 0 0 0 0 0 0 0 0 0 0 0 0 0 0 0 0 0 0 0 0 0 0 0 0 0 0 0 0 0 0 0 0 0 0 0 0 0 0 0 0 0 0 0 0 0 0 0 0 
[CCD拟图]
CCDLRC0=45 123 84 
CCDLRC1=45 123 84 
CCDLRC2=0 0 0 
[反馈数据]
0=6
1=19
2=12
3=4194
4=2100
5=1750
6=0
7=1
8=0
9=0
10=43
11=2091
12=2047
[控制固参]
0=0
