[CCD原图]
CCD0=58 66 73 75 86 91 97 93 97 92 94 91 94 91 91 86 87 83 82 80 90 92 91 94 99 94 97 94 97 97 99 99 102 102 104 102 105 102 105 100 99 96 98 93 98 121 168 206 224 227 229 232 226 227 234 228 234 237 240 243 246 228 252 238 245 243 237 240 240 235 238 237 239 230 237 232 237 235 236 236 239 232 239 235 234 232 232 242 235 236 232 230 232 230 235 240 246 240 244 244 239 230 232 227 221 225 221 222 213 212 211 211 213 204 211 204 209 208 210 205 207 206 212 209 202 211 176 135 
CCD1=0 0 0 0 0 0 0 0 0 0 0 0 0 0 0 0 0 0 0 0 0 0 0 0 0 0 0 0 0 0 0 0 0 0 0 0 0 0 0 0 0 0 0 0 0 0 0 0 0 0 0 0 0 0 0 0 0 0 0 0 0 0 0 0 0 0 0 0 0 0 0 0 0 0 0 0 0 0 0 0 0 0 0 0 0 0 0 0 0 0 0 0 0 0 0 0 0 0 0 0 0 0 0 0 0 0 0 0 0 0 0 0 0 0 0 0 0 0 0 0 0 0 0 0 0 0 0 0 
[CCD拟图]
CCDLRC0=45 123 84 
CCDLRC1=45 123 84 
CCDLRC2=0 0 0 
[反馈数据]
0=6
1=19
2=12
3=4194
4=2100
5=1750
6=0
7=1
8=0
9=0
10=46
11=2094
12=2050
[控制固参]
0=0
