[CCD原图]
CCD0=52 59 64 63 69 69 73 71 74 70 74 71 74 71 73 71 73 71 74 72 74 72 72 73 75 72 73 71 75 73 73 71 72 71 75 74 78 76 80 78 81 79 81 80 82 79 80 76 78 76 76 74 84 100 121 125 133 132 135 135 138 128 141 134 138 137 137 138 138 136 138 137 140 134 139 136 139 137 137 137 139 133 138 135 135 133 134 136 134 133 132 130 133 129 131 131 133 128 131 130 131 127 132 130 130 131 131 133 129 128 127 125 126 120 124 118 119 115 113 106 103 96 94 88 86 85 85 84 
CCD1=0 0 0 0 0 0 0 0 0 0 0 0 0 0 0 0 0 0 0 0 0 0 0 0 0 0 0 0 0 0 0 0 0 0 0 0 0 0 0 0 0 0 0 0 0 0 0 0 0 0 0 0 0 0 0 0 0 0 0 0 0 0 0 0 0 0 0 0 0 0 0 0 0 0 0 0 0 0 0 0 0 0 0 0 0 0 0 0 0 0 0 0 0 0 0 0 0 0 0 0 0 0 0 0 0 0 0 0 0 0 0 0 0 0 0 0 0 0 0 0 0 0 0 0 0 0 0 0 
[CCD拟图]
CCDLRC0=52 119 85 
CCDLRC1=52 119 85 
CCDLRC2=0 0 0 
[反馈数据]
0=6
1=19
2=12
3=4194
4=2100
5=1750
6=0
7=1
8=0
9=0
10=77
11=2125
12=2081
[控制固参]
0=0
