[CCD原图]
CCD0=52 60 65 64 70 70 74 71 74 71 74 71 73 71 73 71 73 72 74 72 75 73 73 73 75 72 74 71 73 73 74 71 74 71 75 75 77 76 80 79 81 79 82 79 83 79 80 77 78 77 78 74 79 92 116 123 132 132 135 135 137 128 141 134 138 137 137 137 138 136 138 138 140 134 139 136 140 137 138 137 140 134 138 135 137 134 134 137 135 133 132 130 133 130 132 131 133 128 131 131 130 127 131 130 130 131 133 133 131 129 129 127 127 122 124 119 119 116 114 106 103 96 93 88 86 84 87 84 
CCD1=0 0 0 0 0 0 0 0 0 0 0 0 0 0 0 0 0 0 0 0 0 0 0 0 0 0 0 0 0 0 0 0 0 0 0 0 0 0 0 0 0 0 0 0 0 0 0 0 0 0 0 0 0 0 0 0 0 0 0 0 0 0 0 0 0 0 0 0 0 0 0 0 0 0 0 0 0 0 0 0 0 0 0 0 0 0 0 0 0 0 0 0 0 0 0 0 0 0 0 0 0 0 0 0 0 0 0 0 0 0 0 0 0 0 0 0 0 0 0 0 0 0 0 0 0 0 0 0 
[CCD拟图]
CCDLRC0=53 118 85 
CCDLRC1=53 118 85 
CCDLRC2=0 0 0 
[反馈数据]
0=6
1=19
2=12
3=4194
4=2100
5=1750
6=0
7=1
8=0
9=0
10=94
11=2142
12=2098
[控制固参]
0=0
