[CCD原图]
CCD0=54 59 65 64 70 70 75 72 75 71 73 72 74 71 73 71 73 72 74 73 75 72 70 69 72 69 72 70 72 70 68 67 69 69 74 76 80 78 81 79 81 79 81 80 82 78 79 76 78 76 77 76 89 107 125 127 134 133 135 135 138 129 142 135 140 138 138 139 140 137 140 139 142 136 140 137 139 137 139 137 140 134 139 135 136 134 135 137 135 135 134 130 133 130 133 132 134 129 132 131 132 130 133 129 130 131 132 132 129 128 128 128 129 123 128 122 125 123 124 121 121 120 120 113 104 93 89 84 
CCD1=0 0 0 0 0 0 0 0 0 0 0 0 0 0 0 0 0 0 0 0 0 0 0 0 0 0 0 0 0 0 0 0 0 0 0 0 0 0 0 0 0 0 0 0 0 0 0 0 0 0 0 0 0 0 0 0 0 0 0 0 0 0 0 0 0 0 0 0 0 0 0 0 0 0 0 0 0 0 0 0 0 0 0 0 0 0 0 0 0 0 0 0 0 0 0 0 0 0 0 0 0 0 0 0 0 0 0 0 0 0 0 0 0 0 0 0 0 0 0 0 0 0 0 0 0 0 0 0 
[CCD拟图]
CCDLRC0=51 120 85 
CCDLRC1=51 120 85 
CCDLRC2=0 0 0 
[反馈数据]
0=6
1=19
2=12
3=4194
4=2100
5=1750
6=0
7=1
8=0
9=0
10=98
11=2146
12=2102
[控制固参]
0=0
