[CCD原图]
CCD0=52 59 65 64 70 70 74 71 74 71 74 71 73 70 73 70 73 72 74 72 73 70 71 70 73 70 73 70 69 67 69 69 74 76 79 78 80 78 81 79 80 79 82 80 81 77 78 75 77 74 76 83 101 116 129 128 135 133 136 135 138 129 143 136 141 139 139 140 141 138 141 139 142 136 141 138 140 138 139 138 140 134 138 135 137 134 135 137 135 134 133 131 133 131 134 132 133 129 132 133 134 130 133 129 129 131 132 132 130 128 128 127 129 122 126 122 125 123 124 121 122 122 125 122 118 120 110 97 
CCD1=0 0 0 0 0 0 0 0 0 0 0 0 0 0 0 0 0 0 0 0 0 0 0 0 0 0 0 0 0 0 0 0 0 0 0 0 0 0 0 0 0 0 0 0 0 0 0 0 0 0 0 0 0 0 0 0 0 0 0 0 0 0 0 0 0 0 0 0 0 0 0 0 0 0 0 0 0 0 0 0 0 0 0 0 0 0 0 0 0 0 0 0 0 0 0 0 0 0 0 0 0 0 0 0 0 0 0 0 0 0 0 0 0 0 0 0 0 0 0 0 0 0 0 0 0 0 0 0 
[CCD拟图]
CCDLRC0=52 120 86 
CCDLRC1=52 120 86 
CCDLRC2=0 0 0 
[反馈数据]
0=6
1=19
2=12
3=4194
4=2100
5=1750
6=0
7=1
8=0
9=0
10=102
11=2150
12=2106
[控制固参]
0=0
