[CCD原图]
CCD0=53 60 65 64 70 70 74 73 75 72 74 72 74 71 73 71 73 72 73 71 73 70 69 68 73 72 76 74 76 73 74 72 74 73 76 74 78 75 78 77 79 77 79 76 78 75 77 74 83 99 121 131 133 133 138 135 139 138 141 142 144 135 148 142 145 144 143 143 144 141 142 141 143 137 142 138 140 139 139 140 142 136 141 138 139 137 137 140 138 138 137 135 138 136 139 139 139 135 139 140 141 136 139 136 135 136 137 136 131 130 129 127 130 124 128 124 128 126 128 124 127 126 129 127 125 131 137 137 
CCD1=0 0 0 0 0 0 0 0 0 0 0 0 0 0 0 0 0 0 0 0 0 0 0 0 0 0 0 0 0 0 0 0 0 0 0 0 0 0 0 0 0 0 0 0 0 0 0 0 0 0 0 0 0 0 0 0 0 0 0 0 0 0 0 0 0 0 0 0 0 0 0 0 0 0 0 0 0 0 0 0 0 0 0 0 0 0 0 0 0 0 0 0 0 0 0 0 0 0 0 0 0 0 0 0 0 0 0 0 0 0 0 0 0 0 0 0 0 0 0 0 0 0 0 0 0 0 0 0 
[CCD拟图]
CCDLRC0=49 120 84 
CCDLRC1=49 120 84 
CCDLRC2=0 0 0 
[反馈数据]
0=6
1=19
2=12
3=4194
4=2100
5=1750
6=0
7=1
8=0
9=0
10=114
11=2162
12=2118
[控制固参]
0=0
