[CCD原图]
CCD0=53 60 65 65 70 71 75 72 75 72 75 73 74 69 71 68 69 67 72 72 75 74 74 73 76 74 77 75 78 76 78 76 78 77 80 78 80 77 81 77 76 74 76 75 77 77 92 112 125 129 138 138 137 137 142 137 142 141 142 143 145 136 148 140 144 142 141 142 143 140 142 141 143 137 142 139 142 140 142 142 144 137 142 139 141 138 140 143 141 141 140 138 141 138 141 142 144 139 141 139 137 132 135 132 131 132 134 134 131 130 131 129 131 126 130 125 130 129 131 127 129 129 132 129 128 134 139 138 
CCD1=0 0 0 0 0 0 0 0 0 0 0 0 0 0 0 0 0 0 0 0 0 0 0 0 0 0 0 0 0 0 0 0 0 0 0 0 0 0 0 0 0 0 0 0 0 0 0 0 0 0 0 0 0 0 0 0 0 0 0 0 0 0 0 0 0 0 0 0 0 0 0 0 0 0 0 0 0 0 0 0 0 0 0 0 0 0 0 0 0 0 0 0 0 0 0 0 0 0 0 0 0 0 0 0 0 0 0 0 0 0 0 0 0 0 0 0 0 0 0 0 0 0 0 0 0 0 0 0 
[CCD拟图]
CCDLRC0=47 120 83 
CCDLRC1=47 120 83 
CCDLRC2=0 0 0 
[反馈数据]
0=6
1=19
2=12
3=4194
4=2100
5=1750
6=0
7=1
8=0
9=0
10=122
11=2170
12=2126
[控制固参]
0=0
