[CCD原图]
CCD0=54 60 66 65 71 72 77 76 78 75 77 74 76 74 76 74 75 75 77 75 78 75 75 75 79 77 80 78 80 79 80 80 82 82 85 83 87 84 88 87 88 87 90 88 90 88 91 89 92 90 92 90 90 88 89 85 85 82 83 81 82 77 81 78 80 81 87 94 109 123 138 143 147 141 148 145 148 147 148 147 149 142 146 142 146 145 148 154 154 158 159 158 161 159 160 160 161 153 153 150 148 142 144 141 140 141 141 142 137 136 137 136 138 134 139 134 138 138 139 137 140 142 149 153 153 166 172 169 
CCD1=0 0 0 0 0 0 0 0 0 0 0 0 0 0 0 0 0 0 0 0 0 0 0 0 0 0 0 0 0 0 0 0 0 0 0 0 0 0 0 0 0 0 0 0 0 0 0 0 0 0 0 0 0 0 0 0 0 0 0 0 0 0 0 0 0 0 0 0 0 0 0 0 0 0 0 0 0 0 0 0 0 0 0 0 0 0 0 0 0 0 0 0 0 0 0 0 0 0 0 0 0 0 0 0 0 0 0 0 0 0 0 0 0 0 0 0 0 0 0 0 0 0 0 0 0 0 0 0 
[CCD拟图]
CCDLRC0=67 123 104 
CCDLRC1=67 123 104 
CCDLRC2=0 0 0 
[反馈数据]
0=6
1=19
2=12
3=4194
4=2100
5=1750
6=0
7=1
8=0
9=0
10=167
11=2215
12=2171
[控制固参]
0=0
