[CCD原图]
CCD0=53 61 66 66 72 73 77 75 77 73 77 74 76 74 76 75 76 75 78 76 80 77 77 77 82 80 82 81 84 83 85 84 86 86 88 86 89 85 89 88 89 86 89 87 90 88 90 88 90 88 90 88 88 86 89 84 85 81 81 83 87 82 87 83 86 84 90 95 105 114 126 132 140 138 148 147 151 150 154 156 164 163 175 176 181 180 179 180 171 167 159 153 153 148 149 148 148 144 146 144 142 137 141 138 139 142 143 145 142 140 141 141 144 141 149 147 155 157 158 151 148 145 143 137 134 139 144 142 
CCD1=0 0 0 0 0 0 0 0 0 0 0 0 0 0 0 0 0 0 0 0 0 0 0 0 0 0 0 0 0 0 0 0 0 0 0 0 0 0 0 0 0 0 0 0 0 0 0 0 0 0 0 0 0 0 0 0 0 0 0 0 0 0 0 0 0 0 0 0 0 0 0 0 0 0 0 0 0 0 0 0 0 0 0 0 0 0 0 0 0 0 0 0 0 0 0 0 0 0 0 0 0 0 0 0 0 0 0 0 0 0 0 0 0 0 0 0 0 0 0 0 0 0 0 0 0 0 0 0 
[CCD拟图]
CCDLRC0=67 123 104 
CCDLRC1=67 123 104 
CCDLRC2=0 0 0 
[反馈数据]
0=6
1=19
2=12
3=4194
4=2100
5=1750
6=0
7=1
8=0
9=0
10=174
11=2222
12=2178
[控制固参]
0=0
