[CCD原图]
CCD0=54 61 66 66 73 73 79 75 78 75 77 74 77 74 77 75 77 75 78 77 80 78 77 78 82 81 83 82 85 83 85 84 86 86 89 87 90 86 90 88 89 87 89 87 91 88 90 88 90 89 90 89 89 87 89 85 86 81 82 83 87 83 87 84 86 84 88 92 100 109 122 128 137 136 147 146 150 150 154 157 163 164 174 175 181 178 177 178 170 165 159 153 152 149 150 148 149 144 146 144 142 138 140 139 140 143 144 145 142 141 141 141 145 142 151 149 157 157 157 150 148 144 143 137 133 139 144 143 
CCD1=0 0 0 0 0 0 0 0 0 0 0 0 0 0 0 0 0 0 0 0 0 0 0 0 0 0 0 0 0 0 0 0 0 0 0 0 0 0 0 0 0 0 0 0 0 0 0 0 0 0 0 0 0 0 0 0 0 0 0 0 0 0 0 0 0 0 0 0 0 0 0 0 0 0 0 0 0 0 0 0 0 0 0 0 0 0 0 0 0 0 0 0 0 0 0 0 0 0 0 0 0 0 0 0 0 0 0 0 0 0 0 0 0 0 0 0 0 0 0 0 0 0 0 0 0 0 0 0 
[CCD拟图]
CCDLRC0=69 123 106 
CCDLRC1=69 123 106 
CCDLRC2=0 0 0 
[反馈数据]
0=6
1=19
2=12
3=4194
4=2100
5=1750
6=0
7=1
8=0
9=0
10=182
11=2230
12=2186
[控制固参]
0=0
