[CCD原图]
CCD0=54 61 66 66 74 75 79 75 78 74 77 74 77 73 76 74 76 75 78 76 78 76 75 76 80 77 81 78 82 80 82 82 84 83 87 85 88 86 89 88 89 87 89 88 91 88 91 89 91 90 92 90 91 88 89 85 87 83 83 80 81 77 81 78 80 78 84 94 107 117 129 135 143 140 146 144 145 143 143 143 148 145 151 150 154 155 160 169 169 172 170 167 167 161 161 157 154 148 149 147 147 141 142 139 138 140 140 141 138 138 138 138 141 135 140 136 140 141 145 145 150 155 161 159 153 157 157 152 
CCD1=0 0 0 0 0 0 0 0 0 0 0 0 0 0 0 0 0 0 0 0 0 0 0 0 0 0 0 0 0 0 0 0 0 0 0 0 0 0 0 0 0 0 0 0 0 0 0 0 0 0 0 0 0 0 0 0 0 0 0 0 0 0 0 0 0 0 0 0 0 0 0 0 0 0 0 0 0 0 0 0 0 0 0 0 0 0 0 0 0 0 0 0 0 0 0 0 0 0 0 0 0 0 0 0 0 0 0 0 0 0 0 0 0 0 0 0 0 0 0 0 0 0 0 0 0 0 0 0 
[CCD拟图]
CCDLRC0=68 123 105 
CCDLRC1=68 123 105 
CCDLRC2=0 0 0 
[反馈数据]
0=6
1=19
2=12
3=4194
4=2100
5=1750
6=0
7=1
8=0
9=0
10=188
11=2236
12=2192
[控制固参]
0=0
