[CCD原图]
CCD0=53 59 65 64 69 70 74 72 75 71 74 71 73 71 73 71 73 71 74 72 74 72 72 72 76 74 77 74 77 75 77 76 78 76 79 77 79 77 80 79 81 79 81 79 81 79 81 80 82 80 82 80 82 80 82 79 83 81 82 82 84 80 84 81 84 82 84 82 83 81 84 82 84 80 83 81 83 81 83 81 84 82 84 81 83 80 81 80 81 79 82 81 82 79 81 78 79 76 79 78 81 80 84 86 92 97 105 111 116 121 124 127 130 124 127 122 125 124 127 125 127 126 130 127 125 131 135 133 
CCD1=0 0 0 0 0 0 0 0 0 0 0 0 0 0 0 0 0 0 0 0 0 0 0 0 0 0 0 0 0 0 0 0 0 0 0 0 0 0 0 0 0 0 0 0 0 0 0 0 0 0 0 0 0 0 0 0 0 0 0 0 0 0 0 0 0 0 0 0 0 0 0 0 0 0 0 0 0 0 0 0 0 0 0 0 0 0 0 0 0 0 0 0 0 0 0 0 0 0 0 0 0 0 0 0 0 0 0 0 0 0 0 0 0 0 0 0 0 0 0 0 0 0 0 0 0 0 0 0 
[CCD拟图]
CCDLRC0=103 123 117 
CCDLRC1=103 123 117 
CCDLRC2=0 0 0 
[反馈数据]
0=6
1=19
2=12
3=4194
4=2100
5=1750
6=0
7=1
8=0
9=0
10=218
11=2266
12=2222
[控制固参]
0=0
