[CCD原图]
CCD0=52 59 64 64 69 70 74 71 73 70 73 70 73 70 72 71 73 71 73 72 74 72 71 72 75 72 75 73 75 73 74 74 75 74 76 74 76 73 77 74 77 74 76 74 78 74 77 75 78 76 78 76 77 76 79 75 79 75 77 75 77 72 75 71 73 73 76 76 79 79 82 80 82 79 82 79 82 80 82 80 82 80 81 80 81 79 81 80 80 80 79 78 81 78 80 78 80 77 80 78 79 77 79 77 78 77 79 78 79 77 79 78 80 77 79 76 78 74 75 73 75 75 78 76 78 75 78 76 
CCD1=0 0 0 0 0 0 0 0 0 0 0 0 0 0 0 0 0 0 0 0 0 0 0 0 0 0 0 0 0 0 0 0 0 0 0 0 0 0 0 0 0 0 0 0 0 0 0 0 0 0 0 0 0 0 0 0 0 0 0 0 0 0 0 0 0 0 0 0 0 0 0 0 0 0 0 0 0 0 0 0 0 0 0 0 0 0 0 0 0 0 0 0 0 0 0 0 0 0 0 0 0 0 0 0 0 0 0 0 0 0 0 0 0 0 0 0 0 0 0 0 0 0 0 0 0 0 0 0 
[CCD拟图]
CCDLRC0=117 123 117 
CCDLRC1=117 123 117 
CCDLRC2=0 0 0 
[反馈数据]
0=6
1=19
2=12
3=4194
4=2100
5=1750
6=0
7=1
8=0
9=0
10=226
11=2274
12=2230
[控制固参]
0=0
