[CCD原图]
CCD0=54 62 67 67 76 80 87 85 87 84 86 83 85 82 84 81 83 82 85 84 86 83 81 83 88 86 87 86 89 89 89 89 91 91 93 92 95 92 95 93 96 95 98 97 100 98 100 100 103 101 103 101 101 100 103 99 103 101 103 102 103 98 105 101 104 102 103 103 104 101 103 101 103 98 102 98 98 94 95 91 90 84 87 89 97 97 101 102 103 102 103 100 103 100 103 102 104 101 104 103 103 101 103 102 102 101 104 103 103 102 103 101 103 99 103 99 103 101 102 98 101 99 102 99 99 102 105 105 
CCD1=0 0 0 0 0 0 0 0 0 0 0 0 0 0 0 0 0 0 0 0 0 0 0 0 0 0 0 0 0 0 0 0 0 0 0 0 0 0 0 0 0 0 0 0 0 0 0 0 0 0 0 0 0 0 0 0 0 0 0 0 0 0 0 0 0 0 0 0 0 0 0 0 0 0 0 0 0 0 0 0 0 0 0 0 0 0 0 0 0 0 0 0 0 0 0 0 0 0 0 0 0 0 0 0 0 0 0 0 0 0 0 0 0 0 0 0 0 0 0 0 0 0 0 0 0 0 0 0 
[CCD拟图]
CCDLRC0=117 123 117 
CCDLRC1=117 123 117 
CCDLRC2=0 0 0 
[反馈数据]
0=6
1=19
2=12
3=4194
4=2100
5=1750
6=0
7=1
8=0
9=0
10=250
11=2298
12=2254
[控制固参]
0=0
