[CCD原图]
CCD0=53 60 65 64 69 69 73 70 73 70 73 71 74 71 73 72 74 72 75 73 76 73 74 74 77 75 78 75 76 73 75 75 93 107 113 115 120 111 116 113 127 134 137 136 140 138 140 140 140 139 137 133 131 130 133 128 133 133 138 140 144 136 150 142 148 145 145 146 145 142 145 143 144 137 138 131 131 129 134 136 142 139 147 146 150 148 150 154 150 150 147 144 146 142 144 142 141 134 131 114 89 77 79 78 79 81 87 86 86 85 86 84 86 83 85 83 85 83 85 83 85 83 85 83 84 84 87 85 
CCD1=0 0 0 0 0 0 0 0 0 0 0 0 0 0 0 0 0 0 0 0 0 0 0 0 0 0 0 0 0 0 0 0 0 0 0 0 0 0 0 0 0 0 0 0 0 0 0 0 0 0 0 0 0 0 0 0 0 0 0 0 0 0 0 0 0 0 0 0 0 0 0 0 0 0 0 0 0 0 0 0 0 0 0 0 0 0 0 0 0 0 0 0 0 0 0 0 0 0 0 0 0 0 0 0 0 0 0 0 0 0 0 0 0 0 0 0 0 0 0 0 0 0 0 0 0 0 0 0 
[CCD拟图]
CCDLRC0=33 100 66 
CCDLRC1=33 100 66 
CCDLRC2=0 0 0 
[反馈数据]
0=6
1=19
2=12
3=4194
4=2100
5=1750
6=0
7=1
8=0
9=0
10=60
11=2364
12=2320
[控制固参]
0=0
