[CCD原图]
CCD0=53 59 64 63 69 68 73 70 73 70 73 71 73 70 73 71 74 72 75 73 75 73 73 73 77 75 77 76 77 73 75 74 80 99 111 112 118 113 115 113 117 131 137 135 140 137 140 140 142 139 140 135 131 130 134 128 133 132 137 140 144 136 149 143 146 145 145 146 147 143 145 143 144 138 141 133 133 129 131 135 140 137 146 146 149 148 149 153 151 149 147 145 146 143 144 143 142 136 133 122 99 78 79 77 79 79 85 86 87 85 87 85 86 83 86 82 85 83 84 83 85 83 85 83 84 84 87 85 
CCD1=0 0 0 0 0 0 0 0 0 0 0 0 0 0 0 0 0 0 0 0 0 0 0 0 0 0 0 0 0 0 0 0 0 0 0 0 0 0 0 0 0 0 0 0 0 0 0 0 0 0 0 0 0 0 0 0 0 0 0 0 0 0 0 0 0 0 0 0 0 0 0 0 0 0 0 0 0 0 0 0 0 0 0 0 0 0 0 0 0 0 0 0 0 0 0 0 0 0 0 0 0 0 0 0 0 0 0 0 0 0 0 0 0 0 0 0 0 0 0 0 0 0 0 0 0 0 0 0 
[CCD拟图]
CCDLRC0=33 100 66 
CCDLRC1=33 100 66 
CCDLRC2=0 0 0 
[反馈数据]
0=6
1=19
2=12
3=4194
4=2100
5=1750
6=0
7=1
8=0
9=0
10=77
11=2381
12=2337
[控制固参]
0=0
