[CCD原图]
CCD0=58 68 78 83 101 111 121 118 121 115 117 114 116 113 115 114 115 114 118 116 119 116 108 115 121 118 122 120 122 120 120 120 122 121 123 122 126 121 125 125 125 123 127 124 129 125 128 128 131 129 131 131 129 128 131 128 134 131 133 134 135 127 139 132 135 133 133 133 134 131 134 132 133 124 121 105 92 79 78 75 77 76 79 77 81 78 80 78 80 79 80 77 80 78 80 78 80 78 80 77 80 76 78 76 78 75 78 76 78 76 78 75 77 74 77 75 77 75 77 75 76 75 77 75 76 76 79 77 
CCD1=0 0 0 0 0 0 0 0 0 0 0 0 0 0 0 0 0 0 0 0 0 0 0 0 0 0 0 0 0 0 0 0 0 0 0 0 0 0 0 0 0 0 0 0 0 0 0 0 0 0 0 0 0 0 0 0 0 0 0 0 0 0 0 0 0 0 0 0 0 0 0 0 0 0 0 0 0 0 0 0 0 0 0 0 0 0 0 0 0 0 0 0 0 0 0 0 0 0 0 0 0 0 0 0 0 0 0 0 0 0 0 0 0 0 0 0 0 0 0 0 0 0 0 0 0 0 0 0 
[CCD拟图]
CCDLRC0=6 81 40 
CCDLRC1=6 81 40 
CCDLRC2=0 0 0 
[反馈数据]
0=6
1=19
2=12
3=4194
4=2100
5=1750
6=0
7=1
8=0
9=0
10=27
11=283
12=239
[控制固参]
0=0
