[CCD原图]
CCD0=53 59 64 63 69 69 73 70 73 70 73 70 73 71 73 71 73 72 75 73 75 74 73 74 77 75 78 75 76 73 75 74 77 94 109 110 117 114 115 114 113 128 136 134 140 137 140 139 141 139 141 136 131 129 132 128 132 132 137 139 144 135 149 142 146 144 144 145 146 142 145 143 144 137 140 133 132 129 131 134 141 138 146 146 149 148 150 153 151 150 147 144 146 142 144 143 141 134 131 117 92 77 80 78 79 80 86 87 86 85 87 84 86 83 86 83 85 83 85 83 84 83 85 83 83 84 88 85 
CCD1=0 0 0 0 0 0 0 0 0 0 0 0 0 0 0 0 0 0 0 0 0 0 0 0 0 0 0 0 0 0 0 0 0 0 0 0 0 0 0 0 0 0 0 0 0 0 0 0 0 0 0 0 0 0 0 0 0 0 0 0 0 0 0 0 0 0 0 0 0 0 0 0 0 0 0 0 0 0 0 0 0 0 0 0 0 0 0 0 0 0 0 0 0 0 0 0 0 0 0 0 0 0 0 0 0 0 0 0 0 0 0 0 0 0 0 0 0 0 0 0 0 0 0 0 0 0 0 0 
[CCD拟图]
CCDLRC0=33 100 66 
CCDLRC1=33 100 66 
CCDLRC2=0 0 0 
[反馈数据]
0=6
1=19
2=12
3=4194
4=2100
5=1750
6=0
7=1
8=0
9=0
10=102
11=2406
12=2362
[控制固参]
0=0
