[CCD原图]
CCD0=58 67 77 83 100 109 120 116 119 113 115 112 113 110 111 112 112 112 115 113 117 115 107 113 119 116 119 116 120 118 118 117 119 119 122 120 124 119 124 122 124 122 125 122 127 123 125 125 129 127 129 128 127 126 129 126 130 127 126 119 113 98 96 84 82 78 79 78 82 81 84 82 84 80 83 81 83 81 83 81 83 79 82 79 82 79 81 79 80 79 80 78 80 77 79 78 80 77 79 77 78 76 78 75 77 76 77 75 77 75 77 75 77 74 77 74 76 75 77 74 76 74 76 74 76 75 78 76 
CCD1=0 0 0 0 0 0 0 0 0 0 0 0 0 0 0 0 0 0 0 0 0 0 0 0 0 0 0 0 0 0 0 0 0 0 0 0 0 0 0 0 0 0 0 0 0 0 0 0 0 0 0 0 0 0 0 0 0 0 0 0 0 0 0 0 0 0 0 0 0 0 0 0 0 0 0 0 0 0 0 0 0 0 0 0 0 0 0 0 0 0 0 0 0 0 0 0 0 0 0 0 0 0 0 0 0 0 0 0 0 0 0 0 0 0 0 0 0 0 0 0 0 0 0 0 0 0 0 0 
[CCD拟图]
CCDLRC0=6 71 30 
CCDLRC1=6 71 30 
CCDLRC2=0 0 0 
[反馈数据]
0=6
1=19
2=12
3=4194
4=2100
5=1750
6=0
7=1
8=0
9=0
10=31
11=287
12=243
[控制固参]
0=0
