[CCD原图]
CCD0=53 59 64 63 69 68 73 70 73 70 73 71 73 71 73 71 73 72 74 73 76 73 73 73 77 75 78 76 77 74 75 74 77 94 109 110 117 115 116 114 113 128 136 135 139 137 140 139 142 139 141 135 130 129 132 127 132 132 137 139 144 136 149 143 146 146 145 146 146 143 145 143 144 137 139 132 132 127 131 134 140 138 146 146 149 149 149 153 150 150 147 144 145 142 144 142 141 134 131 115 91 77 80 77 78 80 86 86 86 84 86 84 86 83 85 83 85 84 85 82 85 83 85 83 84 85 87 85 
CCD1=0 0 0 0 0 0 0 0 0 0 0 0 0 0 0 0 0 0 0 0 0 0 0 0 0 0 0 0 0 0 0 0 0 0 0 0 0 0 0 0 0 0 0 0 0 0 0 0 0 0 0 0 0 0 0 0 0 0 0 0 0 0 0 0 0 0 0 0 0 0 0 0 0 0 0 0 0 0 0 0 0 0 0 0 0 0 0 0 0 0 0 0 0 0 0 0 0 0 0 0 0 0 0 0 0 0 0 0 0 0 0 0 0 0 0 0 0 0 0 0 0 0 0 0 0 0 0 0 
[CCD拟图]
CCDLRC0=34 100 67 
CCDLRC1=34 100 67 
CCDLRC2=0 0 0 
[反馈数据]
0=6
1=19
2=12
3=4194
4=2100
5=1750
6=0
7=1
8=0
9=0
10=140
11=2444
12=2400
[控制固参]
0=0
