[CCD原图]
CCD0=53 60 65 63 69 69 73 70 72 70 74 71 73 71 74 71 73 72 75 73 76 73 73 74 77 75 78 75 77 74 75 73 77 94 110 109 116 114 115 114 113 128 137 135 140 138 140 140 142 140 141 135 132 129 133 127 133 132 137 140 144 135 149 143 146 145 145 145 146 143 145 143 144 137 139 133 132 129 132 134 141 138 146 146 149 149 149 153 151 149 147 144 146 142 144 143 141 134 131 116 91 77 80 77 79 81 86 86 86 85 87 84 86 83 86 82 85 83 85 82 85 83 85 83 84 84 87 85 
CCD1=0 0 0 0 0 0 0 0 0 0 0 0 0 0 0 0 0 0 0 0 0 0 0 0 0 0 0 0 0 0 0 0 0 0 0 0 0 0 0 0 0 0 0 0 0 0 0 0 0 0 0 0 0 0 0 0 0 0 0 0 0 0 0 0 0 0 0 0 0 0 0 0 0 0 0 0 0 0 0 0 0 0 0 0 0 0 0 0 0 0 0 0 0 0 0 0 0 0 0 0 0 0 0 0 0 0 0 0 0 0 0 0 0 0 0 0 0 0 0 0 0 0 0 0 0 0 0 0 
[CCD拟图]
CCDLRC0=35 100 67 
CCDLRC1=35 100 67 
CCDLRC2=0 0 0 
[反馈数据]
0=6
1=19
2=12
3=4194
4=2100
5=1750
6=0
7=1
8=0
9=0
10=173
11=2477
12=2433
[控制固参]
0=0
