[CCD原图]
CCD0=55 64 72 77 91 97 106 102 104 97 99 94 95 87 88 85 86 83 85 82 83 80 77 76 79 76 76 72 73 71 72 70 72 71 74 72 75 72 75 74 76 75 77 76 78 76 79 77 80 79 80 78 80 78 81 78 82 80 82 80 82 78 82 80 82 80 82 80 82 79 82 80 82 79 81 80 82 79 81 79 82 78 81 78 81 78 80 79 80 78 79 77 79 76 78 76 78 75 78 76 77 74 77 75 76 75 76 75 76 74 76 74 76 74 76 74 76 75 76 73 76 74 75 73 75 75 77 75 
CCD1=0 0 0 0 0 0 0 0 0 0 0 0 0 0 0 0 0 0 0 0 0 0 0 0 0 0 0 0 0 0 0 0 0 0 0 0 0 0 0 0 0 0 0 0 0 0 0 0 0 0 0 0 0 0 0 0 0 0 0 0 0 0 0 0 0 0 0 0 0 0 0 0 0 0 0 0 0 0 0 0 0 0 0 0 0 0 0 0 0 0 0 0 0 0 0 0 0 0 0 0 0 0 0 0 0 0 0 0 0 0 0 0 0 0 0 0 0 0 0 0 0 0 0 0 0 0 0 0 
[CCD拟图]
CCDLRC0=6 41 6 
CCDLRC1=6 41 6 
CCDLRC2=0 0 0 
[反馈数据]
0=6
1=19
2=12
3=4194
4=2100
5=1750
6=0
7=1
8=0
9=0
10=38
11=294
12=250
[控制固参]
0=0
