[CCD原图]
CCD0=53 59 64 64 68 69 73 70 73 70 73 70 73 71 73 71 73 72 75 73 76 73 73 73 77 74 78 75 76 74 75 74 77 95 110 109 117 114 116 114 114 128 136 134 140 137 140 140 141 139 140 135 130 128 133 127 133 132 137 140 144 135 149 142 146 145 144 145 145 142 145 143 144 138 139 132 133 128 131 135 141 139 146 145 149 149 150 153 151 150 148 145 146 142 144 142 140 134 131 113 89 77 79 78 79 81 87 86 86 85 86 85 87 83 85 82 84 83 85 83 85 83 84 83 83 84 87 85 
CCD1=0 0 0 0 0 0 0 0 0 0 0 0 0 0 0 0 0 0 0 0 0 0 0 0 0 0 0 0 0 0 0 0 0 0 0 0 0 0 0 0 0 0 0 0 0 0 0 0 0 0 0 0 0 0 0 0 0 0 0 0 0 0 0 0 0 0 0 0 0 0 0 0 0 0 0 0 0 0 0 0 0 0 0 0 0 0 0 0 0 0 0 0 0 0 0 0 0 0 0 0 0 0 0 0 0 0 0 0 0 0 0 0 0 0 0 0 0 0 0 0 0 0 0 0 0 0 0 0 
[CCD拟图]
CCDLRC0=33 100 66 
CCDLRC1=33 100 66 
CCDLRC2=0 0 0 
[反馈数据]
0=6
1=19
2=12
3=4194
4=2100
5=1750
6=0
7=1
8=0
9=0
10=218
11=2522
12=2478
[控制固参]
0=0
