[CCD原图]
CCD0=53 59 64 64 69 68 73 70 72 71 73 71 74 71 73 71 74 72 75 73 76 73 73 74 77 75 78 76 76 74 75 74 78 95 110 109 117 114 116 113 114 129 136 134 139 136 140 139 141 139 139 135 131 129 132 127 133 133 138 140 143 135 149 141 146 145 145 145 146 143 145 142 144 137 139 132 132 128 131 135 141 139 147 147 150 149 150 153 150 150 148 145 146 142 144 143 141 134 131 113 89 77 80 77 79 81 87 87 87 85 87 84 86 83 85 82 85 84 85 83 85 83 85 83 84 84 86 85 
CCD1=0 0 0 0 0 0 0 0 0 0 0 0 0 0 0 0 0 0 0 0 0 0 0 0 0 0 0 0 0 0 0 0 0 0 0 0 0 0 0 0 0 0 0 0 0 0 0 0 0 0 0 0 0 0 0 0 0 0 0 0 0 0 0 0 0 0 0 0 0 0 0 0 0 0 0 0 0 0 0 0 0 0 0 0 0 0 0 0 0 0 0 0 0 0 0 0 0 0 0 0 0 0 0 0 0 0 0 0 0 0 0 0 0 0 0 0 0 0 0 0 0 0 0 0 0 0 0 0 
[CCD拟图]
CCDLRC0=33 100 66 
CCDLRC1=33 100 66 
CCDLRC2=0 0 0 
[反馈数据]
0=6
1=19
2=12
3=4194
4=2100
5=1750
6=0
7=1
8=0
9=0
10=220
11=2524
12=2480
[控制固参]
0=0
