[CCD原图]
CCD0=53 60 65 64 69 69 73 70 73 71 73 71 73 72 73 71 73 72 75 73 76 73 73 73 77 75 78 76 76 73 75 74 77 96 110 109 117 114 116 114 114 129 136 134 140 137 140 140 141 139 140 135 130 129 132 128 132 132 137 140 144 135 149 142 146 145 145 145 146 142 145 142 144 137 139 132 132 128 132 135 141 139 147 146 150 148 150 154 151 150 148 144 146 142 144 143 141 134 130 113 88 77 79 77 79 81 87 86 87 85 87 85 86 83 85 83 85 84 85 82 84 83 84 83 84 84 87 85 
CCD1=0 0 0 0 0 0 0 0 0 0 0 0 0 0 0 0 0 0 0 0 0 0 0 0 0 0 0 0 0 0 0 0 0 0 0 0 0 0 0 0 0 0 0 0 0 0 0 0 0 0 0 0 0 0 0 0 0 0 0 0 0 0 0 0 0 0 0 0 0 0 0 0 0 0 0 0 0 0 0 0 0 0 0 0 0 0 0 0 0 0 0 0 0 0 0 0 0 0 0 0 0 0 0 0 0 0 0 0 0 0 0 0 0 0 0 0 0 0 0 0 0 0 0 0 0 0 0 0 
[CCD拟图]
CCDLRC0=33 100 66 
CCDLRC1=33 100 66 
CCDLRC2=0 0 0 
[反馈数据]
0=6
1=19
2=12
3=4194
4=2100
5=1750
6=0
7=1
8=0
9=0
10=223
11=2527
12=2483
[控制固参]
0=0
