[CCD原图]
CCD0=53 60 64 63 69 69 73 70 73 70 73 71 73 71 73 72 73 72 75 73 76 73 73 73 78 75 77 76 77 73 76 74 78 95 109 109 116 114 116 113 114 130 137 134 140 137 139 140 141 139 140 135 130 128 131 127 133 132 137 140 144 135 149 142 146 145 145 146 146 143 145 143 145 138 140 132 133 128 132 135 142 138 146 146 150 148 150 153 150 149 148 144 146 142 144 143 141 134 130 114 89 77 79 77 79 81 87 86 87 86 87 84 86 83 85 82 86 83 85 83 84 83 85 83 84 84 87 86 
CCD1=0 0 0 0 0 0 0 0 0 0 0 0 0 0 0 0 0 0 0 0 0 0 0 0 0 0 0 0 0 0 0 0 0 0 0 0 0 0 0 0 0 0 0 0 0 0 0 0 0 0 0 0 0 0 0 0 0 0 0 0 0 0 0 0 0 0 0 0 0 0 0 0 0 0 0 0 0 0 0 0 0 0 0 0 0 0 0 0 0 0 0 0 0 0 0 0 0 0 0 0 0 0 0 0 0 0 0 0 0 0 0 0 0 0 0 0 0 0 0 0 0 0 0 0 0 0 0 0 
[CCD拟图]
CCDLRC0=35 100 67 
CCDLRC1=35 100 67 
CCDLRC2=0 0 0 
[反馈数据]
0=6
1=19
2=12
3=4194
4=2100
5=1750
6=0
7=1
8=0
9=0
10=237
11=2541
12=2497
[控制固参]
0=0
