[CCD原图]
CCD0=53 59 64 64 69 69 73 70 73 71 73 71 73 71 73 72 73 72 75 73 76 73 74 74 76 75 78 76 77 73 75 74 77 95 109 109 116 115 116 114 114 128 136 134 140 136 140 139 141 139 140 135 130 128 131 127 132 132 137 140 143 135 148 142 146 145 145 146 146 142 145 142 144 137 139 133 132 128 131 135 141 138 147 147 150 148 149 153 150 149 147 144 146 142 144 142 141 135 130 113 89 78 79 78 79 82 87 86 87 86 87 84 86 83 86 83 86 83 85 83 85 83 85 83 84 85 87 85 
CCD1=0 0 0 0 0 0 0 0 0 0 0 0 0 0 0 0 0 0 0 0 0 0 0 0 0 0 0 0 0 0 0 0 0 0 0 0 0 0 0 0 0 0 0 0 0 0 0 0 0 0 0 0 0 0 0 0 0 0 0 0 0 0 0 0 0 0 0 0 0 0 0 0 0 0 0 0 0 0 0 0 0 0 0 0 0 0 0 0 0 0 0 0 0 0 0 0 0 0 0 0 0 0 0 0 0 0 0 0 0 0 0 0 0 0 0 0 0 0 0 0 0 0 0 0 0 0 0 0 
[CCD拟图]
CCDLRC0=33 100 66 
CCDLRC1=33 100 66 
CCDLRC2=0 0 0 
[反馈数据]
0=6
1=19
2=12
3=4194
4=2100
5=1750
6=0
7=1
8=0
9=0
10=5
11=2565
12=2521
[控制固参]
0=0
