[CCD原图]
CCD0=53 60 64 64 69 69 73 70 73 70 73 71 74 71 74 72 73 72 75 73 76 73 74 73 77 75 78 76 77 74 75 74 77 95 109 108 116 114 115 114 113 128 136 134 139 137 139 139 141 139 141 135 130 128 132 127 132 132 137 140 143 135 149 142 146 145 145 145 146 143 145 142 144 137 139 133 132 129 131 134 141 138 146 146 150 148 150 154 151 149 148 144 146 142 144 143 141 133 130 114 89 77 80 78 79 81 87 87 87 85 87 84 86 83 86 83 85 83 85 83 85 83 85 83 83 84 87 85 
CCD1=0 0 0 0 0 0 0 0 0 0 0 0 0 0 0 0 0 0 0 0 0 0 0 0 0 0 0 0 0 0 0 0 0 0 0 0 0 0 0 0 0 0 0 0 0 0 0 0 0 0 0 0 0 0 0 0 0 0 0 0 0 0 0 0 0 0 0 0 0 0 0 0 0 0 0 0 0 0 0 0 0 0 0 0 0 0 0 0 0 0 0 0 0 0 0 0 0 0 0 0 0 0 0 0 0 0 0 0 0 0 0 0 0 0 0 0 0 0 0 0 0 0 0 0 0 0 0 0 
[CCD拟图]
CCDLRC0=35 100 67 
CCDLRC1=35 100 67 
CCDLRC2=0 0 0 
[反馈数据]
0=6
1=19
2=12
3=4194
4=2100
5=1750
6=0
7=1
8=0
9=0
10=27
11=2587
12=2543
[控制固参]
0=0
