[CCD原图]
CCD0=53 59 65 63 69 69 73 71 73 70 73 71 73 71 73 72 73 72 75 73 76 73 73 73 77 75 77 76 76 74 75 73 77 95 109 109 117 114 116 113 113 128 136 134 139 136 139 139 141 139 140 134 130 128 132 126 133 132 137 140 144 134 149 142 145 144 145 145 146 142 145 143 144 137 139 132 132 127 131 135 141 138 147 146 149 148 150 153 150 149 147 145 146 142 143 142 141 133 129 112 88 77 79 78 79 81 87 86 87 85 87 84 86 83 86 82 85 84 85 83 84 83 85 83 84 84 87 85 
CCD1=0 0 0 0 0 0 0 0 0 0 0 0 0 0 0 0 0 0 0 0 0 0 0 0 0 0 0 0 0 0 0 0 0 0 0 0 0 0 0 0 0 0 0 0 0 0 0 0 0 0 0 0 0 0 0 0 0 0 0 0 0 0 0 0 0 0 0 0 0 0 0 0 0 0 0 0 0 0 0 0 0 0 0 0 0 0 0 0 0 0 0 0 0 0 0 0 0 0 0 0 0 0 0 0 0 0 0 0 0 0 0 0 0 0 0 0 0 0 0 0 0 0 0 0 0 0 0 0 
[CCD拟图]
CCDLRC0=35 100 67 
CCDLRC1=35 100 67 
CCDLRC2=0 0 0 
[反馈数据]
0=6
1=19
2=12
3=4194
4=2100
5=1750
6=0
7=1
8=0
9=0
10=71
11=2631
12=2587
[控制固参]
0=0
