[CCD原图]
CCD0=52 60 65 63 69 69 72 70 72 71 73 71 73 70 73 72 73 72 75 74 75 73 73 73 77 75 78 75 76 74 75 74 77 94 109 108 117 114 115 113 114 128 136 134 140 137 139 139 141 139 140 135 130 128 131 126 132 132 136 139 143 134 149 142 146 145 144 145 146 142 145 143 143 137 139 133 132 129 131 135 141 138 147 146 148 149 150 154 150 150 147 144 145 142 144 142 141 134 130 112 88 77 79 77 79 81 87 86 87 85 87 84 87 83 85 82 85 83 85 83 85 83 85 83 83 84 86 85 
CCD1=0 0 0 0 0 0 0 0 0 0 0 0 0 0 0 0 0 0 0 0 0 0 0 0 0 0 0 0 0 0 0 0 0 0 0 0 0 0 0 0 0 0 0 0 0 0 0 0 0 0 0 0 0 0 0 0 0 0 0 0 0 0 0 0 0 0 0 0 0 0 0 0 0 0 0 0 0 0 0 0 0 0 0 0 0 0 0 0 0 0 0 0 0 0 0 0 0 0 0 0 0 0 0 0 0 0 0 0 0 0 0 0 0 0 0 0 0 0 0 0 0 0 0 0 0 0 0 0 
[CCD拟图]
CCDLRC0=35 100 67 
CCDLRC1=35 100 67 
CCDLRC2=0 0 0 
[反馈数据]
0=6
1=19
2=12
3=4194
4=2100
5=1750
6=0
7=1
8=0
9=0
10=88
11=2648
12=2604
[控制固参]
0=0
