[CCD原图]
CCD0=53 59 64 64 69 68 72 70 73 71 73 71 74 71 73 71 74 73 75 73 76 73 73 72 77 75 78 76 77 74 75 74 78 95 109 108 116 114 115 114 113 128 135 133 140 136 138 139 141 139 140 135 130 128 132 127 132 133 137 139 143 135 149 142 145 145 145 145 146 142 145 143 144 137 139 132 132 128 132 135 141 138 147 146 149 148 149 153 150 149 147 144 145 141 144 142 141 134 130 112 88 77 79 77 79 81 87 87 87 85 86 84 86 83 85 82 85 84 85 83 84 83 84 83 84 84 87 86 
CCD1=0 0 0 0 0 0 0 0 0 0 0 0 0 0 0 0 0 0 0 0 0 0 0 0 0 0 0 0 0 0 0 0 0 0 0 0 0 0 0 0 0 0 0 0 0 0 0 0 0 0 0 0 0 0 0 0 0 0 0 0 0 0 0 0 0 0 0 0 0 0 0 0 0 0 0 0 0 0 0 0 0 0 0 0 0 0 0 0 0 0 0 0 0 0 0 0 0 0 0 0 0 0 0 0 0 0 0 0 0 0 0 0 0 0 0 0 0 0 0 0 0 0 0 0 0 0 0 0 
[CCD拟图]
CCDLRC0=33 100 66 
CCDLRC1=33 100 66 
CCDLRC2=0 0 0 
[反馈数据]
0=6
1=19
2=12
3=4194
4=2100
5=1750
6=0
7=1
8=0
9=0
10=114
11=2674
12=2630
[控制固参]
0=0
