[CCD原图]
CCD0=53 59 64 63 69 69 73 71 73 69 74 71 73 71 73 72 73 72 75 73 76 73 73 73 77 75 78 75 77 74 75 74 77 94 109 108 116 114 115 114 114 129 136 134 140 136 140 138 140 138 140 134 130 128 131 127 132 132 136 140 143 134 149 142 146 145 144 145 146 142 145 142 144 137 139 132 132 129 131 135 140 138 147 146 149 148 150 153 151 149 148 144 145 142 144 142 140 133 129 113 88 77 80 78 79 81 87 87 86 86 87 84 86 83 85 83 85 84 85 82 85 83 85 83 83 84 88 85 
CCD1=0 0 0 0 0 0 0 0 0 0 0 0 0 0 0 0 0 0 0 0 0 0 0 0 0 0 0 0 0 0 0 0 0 0 0 0 0 0 0 0 0 0 0 0 0 0 0 0 0 0 0 0 0 0 0 0 0 0 0 0 0 0 0 0 0 0 0 0 0 0 0 0 0 0 0 0 0 0 0 0 0 0 0 0 0 0 0 0 0 0 0 0 0 0 0 0 0 0 0 0 0 0 0 0 0 0 0 0 0 0 0 0 0 0 0 0 0 0 0 0 0 0 0 0 0 0 0 0 
[CCD拟图]
CCDLRC0=35 100 67 
CCDLRC1=35 100 67 
CCDLRC2=0 0 0 
[反馈数据]
0=6
1=19
2=12
3=4194
4=2100
5=1750
6=0
7=1
8=0
9=0
10=120
11=2680
12=2636
[控制固参]
0=0
