[CCD原图]
CCD0=52 60 64 64 69 69 73 70 73 70 73 72 73 71 73 71 73 72 75 73 75 73 73 74 77 75 78 76 76 73 75 74 78 95 109 109 116 114 115 113 114 128 136 134 139 137 138 138 141 139 139 135 130 128 131 127 132 132 137 139 143 135 149 142 145 144 144 145 146 143 145 143 144 137 138 132 132 127 131 135 140 139 146 146 150 148 149 153 150 149 148 144 146 142 144 142 141 133 130 113 88 78 80 78 79 81 86 86 87 85 87 84 86 83 85 83 85 83 85 83 85 83 85 83 84 84 87 85 
CCD1=0 0 0 0 0 0 0 0 0 0 0 0 0 0 0 0 0 0 0 0 0 0 0 0 0 0 0 0 0 0 0 0 0 0 0 0 0 0 0 0 0 0 0 0 0 0 0 0 0 0 0 0 0 0 0 0 0 0 0 0 0 0 0 0 0 0 0 0 0 0 0 0 0 0 0 0 0 0 0 0 0 0 0 0 0 0 0 0 0 0 0 0 0 0 0 0 0 0 0 0 0 0 0 0 0 0 0 0 0 0 0 0 0 0 0 0 0 0 0 0 0 0 0 0 0 0 0 0 
[CCD拟图]
CCDLRC0=33 100 66 
CCDLRC1=33 100 66 
CCDLRC2=0 0 0 
[反馈数据]
0=6
1=19
2=12
3=4194
4=2100
5=1750
6=0
7=1
8=0
9=0
10=139
11=2699
12=2655
[控制固参]
0=0
