[CCD原图]
CCD0=53 59 64 64 69 69 73 71 73 71 74 71 74 71 73 72 74 72 75 73 76 73 73 73 77 75 78 76 76 74 75 73 77 95 109 108 116 114 116 113 113 129 135 134 139 136 139 138 141 138 140 134 130 128 132 126 132 132 137 139 143 134 149 142 145 144 145 145 145 143 145 142 144 137 138 132 131 128 131 134 140 138 146 146 149 148 150 153 150 150 147 145 145 142 143 143 141 134 129 112 87 77 79 77 78 81 87 87 86 85 87 84 86 83 86 83 85 84 85 83 85 83 85 83 84 85 87 85 
CCD1=0 0 0 0 0 0 0 0 0 0 0 0 0 0 0 0 0 0 0 0 0 0 0 0 0 0 0 0 0 0 0 0 0 0 0 0 0 0 0 0 0 0 0 0 0 0 0 0 0 0 0 0 0 0 0 0 0 0 0 0 0 0 0 0 0 0 0 0 0 0 0 0 0 0 0 0 0 0 0 0 0 0 0 0 0 0 0 0 0 0 0 0 0 0 0 0 0 0 0 0 0 0 0 0 0 0 0 0 0 0 0 0 0 0 0 0 0 0 0 0 0 0 0 0 0 0 0 0 
[CCD拟图]
CCDLRC0=35 100 67 
CCDLRC1=35 100 67 
CCDLRC2=0 0 0 
[反馈数据]
0=6
1=19
2=12
3=4194
4=2100
5=1750
6=0
7=1
8=0
9=0
10=170
11=2730
12=2686
[控制固参]
0=0
