[CCD原图]
CCD0=53 59 65 64 69 69 73 70 73 70 73 71 73 71 73 72 74 72 74 73 76 73 74 73 77 76 78 76 77 74 75 73 77 93 110 109 116 115 116 114 113 127 136 134 139 136 139 139 141 138 140 135 130 128 131 127 132 131 136 139 143 134 148 142 145 144 143 145 145 142 145 143 144 137 139 132 132 128 130 134 140 138 146 146 149 148 149 153 150 149 147 144 145 142 144 143 142 134 130 116 90 77 79 77 79 80 86 87 87 85 87 85 87 83 86 83 85 83 86 83 84 83 85 83 84 84 87 86 
CCD1=0 0 0 0 0 0 0 0 0 0 0 0 0 0 0 0 0 0 0 0 0 0 0 0 0 0 0 0 0 0 0 0 0 0 0 0 0 0 0 0 0 0 0 0 0 0 0 0 0 0 0 0 0 0 0 0 0 0 0 0 0 0 0 0 0 0 0 0 0 0 0 0 0 0 0 0 0 0 0 0 0 0 0 0 0 0 0 0 0 0 0 0 0 0 0 0 0 0 0 0 0 0 0 0 0 0 0 0 0 0 0 0 0 0 0 0 0 0 0 0 0 0 0 0 0 0 0 0 
[CCD拟图]
CCDLRC0=32 101 66 
CCDLRC1=32 101 66 
CCDLRC2=0 0 0 
[反馈数据]
0=6
1=19
2=12
3=4194
4=2100
5=1750
6=0
7=1
8=0
9=0
10=211
11=2771
12=2727
[控制固参]
0=0
