[CCD原图]
CCD0=53 59 64 63 69 68 72 71 73 70 73 71 74 71 73 72 73 72 75 73 76 73 74 74 77 75 78 76 76 73 75 74 76 93 109 109 116 113 115 114 112 127 136 134 140 136 139 139 141 139 139 135 130 127 131 126 131 131 135 138 142 133 148 141 145 144 143 144 144 142 144 143 143 138 138 133 132 128 131 134 140 137 146 146 149 149 150 153 150 149 148 144 145 142 144 142 141 134 130 115 90 77 80 77 78 80 86 86 86 85 86 84 86 83 85 83 85 83 85 83 84 83 85 84 84 85 87 85 
CCD1=0 0 0 0 0 0 0 0 0 0 0 0 0 0 0 0 0 0 0 0 0 0 0 0 0 0 0 0 0 0 0 0 0 0 0 0 0 0 0 0 0 0 0 0 0 0 0 0 0 0 0 0 0 0 0 0 0 0 0 0 0 0 0 0 0 0 0 0 0 0 0 0 0 0 0 0 0 0 0 0 0 0 0 0 0 0 0 0 0 0 0 0 0 0 0 0 0 0 0 0 0 0 0 0 0 0 0 0 0 0 0 0 0 0 0 0 0 0 0 0 0 0 0 0 0 0 0 0 
[CCD拟图]
CCDLRC0=35 100 67 
CCDLRC1=35 100 67 
CCDLRC2=0 0 0 
[反馈数据]
0=6
1=19
2=12
3=4194
4=2100
5=1750
6=0
7=1
8=0
9=0
10=229
11=2789
12=2745
[控制固参]
0=0
