[CCD原图]
CCD0=59 68 79 85 103 114 124 121 122 117 119 115 116 112 115 114 115 115 119 116 120 118 110 116 123 122 126 123 126 125 125 124 126 123 122 114 107 92 85 76 74 71 74 73 77 78 81 82 84 82 84 83 84 81 84 81 84 82 84 83 85 80 85 82 84 82 84 82 83 81 83 82 83 80 82 80 82 80 82 80 82 79 81 79 81 79 81 80 80 79 80 78 80 77 80 78 79 78 79 77 79 76 78 76 77 76 77 76 76 73 75 72 74 71 73 71 72 70 71 69 71 70 73 72 79 88 104 109 
CCD1=0 0 0 0 0 0 0 0 0 0 0 0 0 0 0 0 0 0 0 0 0 0 0 0 0 0 0 0 0 0 0 0 0 0 0 0 0 0 0 0 0 0 0 0 0 0 0 0 0 0 0 0 0 0 0 0 0 0 0 0 0 0 0 0 0 0 0 0 0 0 0 0 0 0 0 0 0 0 0 0 0 0 0 0 0 0 0 0 0 0 0 0 0 0 0 0 0 0 0 0 0 0 0 0 0 0 0 0 0 0 0 0 0 0 0 0 0 0 0 0 0 0 0 0 0 0 0 0 
[CCD拟图]
CCDLRC0=6 33 6 
CCDLRC1=6 33 6 
CCDLRC2=0 0 0 
[反馈数据]
0=6
1=19
2=12
3=4194
4=2100
5=1750
6=0
7=1
8=0
9=0
10=68
11=324
12=280
[控制固参]
0=0
