[CCD原图]
CCD0=53 61 66 67 74 74 80 77 80 76 79 76 79 75 78 76 78 77 79 78 80 78 77 75 75 72 74 72 81 108 132 136 136 133 132 130 133 128 132 130 130 129 131 129 132 129 130 132 134 131 133 133 132 132 137 133 138 137 139 139 141 133 146 139 145 144 145 148 151 151 158 158 160 153 159 153 152 145 143 140 140 134 138 135 136 134 133 136 133 132 130 128 129 124 126 119 89 76 78 76 79 79 82 79 80 79 81 80 80 79 81 78 80 77 80 77 80 78 79 78 79 77 79 77 78 78 81 79 
CCD1=0 0 0 0 0 0 0 0 0 0 0 0 0 0 0 0 0 0 0 0 0 0 0 0 0 0 0 0 0 0 0 0 0 0 0 0 0 0 0 0 0 0 0 0 0 0 0 0 0 0 0 0 0 0 0 0 0 0 0 0 0 0 0 0 0 0 0 0 0 0 0 0 0 0 0 0 0 0 0 0 0 0 0 0 0 0 0 0 0 0 0 0 0 0 0 0 0 0 0 0 0 0 0 0 0 0 0 0 0 0 0 0 0 0 0 0 0 0 0 0 0 0 0 0 0 0 0 0 
[CCD拟图]
CCDLRC0=28 97 62 
CCDLRC1=28 97 62 
CCDLRC2=0 0 0 
[反馈数据]
0=6
1=19
2=12
3=4194
4=2100
5=1750
6=0
7=1
8=0
9=0
10=77
11=77
12=33
[控制固参]
0=0
