[CCD原图]
CCD0=60 69 79 86 106 118 131 128 133 128 131 128 128 123 124 123 122 122 124 121 124 121 113 118 125 122 124 122 126 123 123 122 123 123 125 124 128 123 129 129 129 127 130 128 133 130 132 132 134 132 129 120 107 94 86 77 77 75 79 79 83 81 87 84 87 85 86 85 86 84 87 84 86 83 85 82 84 82 84 82 84 81 84 82 84 82 83 82 82 80 81 78 80 78 80 78 80 77 79 78 79 76 79 77 79 77 79 77 78 76 78 76 78 75 78 75 78 76 77 75 77 76 77 74 75 74 78 76 
CCD1=0 0 0 0 0 0 0 0 0 0 0 0 0 0 0 0 0 0 0 0 0 0 0 0 0 0 0 0 0 0 0 0 0 0 0 0 0 0 0 0 0 0 0 0 0 0 0 0 0 0 0 0 0 0 0 0 0 0 0 0 0 0 0 0 0 0 0 0 0 0 0 0 0 0 0 0 0 0 0 0 0 0 0 0 0 0 0 0 0 0 0 0 0 0 0 0 0 0 0 0 0 0 0 0 0 0 0 0 0 0 0 0 0 0 0 0 0 0 0 0 0 0 0 0 0 0 0 0 
[CCD拟图]
CCDLRC0=6 49 8 
CCDLRC1=6 49 8 
CCDLRC2=0 0 0 
[反馈数据]
0=6
1=19
2=12
3=4194
4=2100
5=1750
6=0
7=1
8=0
9=0
10=72
11=328
12=284
[控制固参]
0=0
