[CCD原图]
CCD0=53 60 64 64 69 68 72 70 73 70 73 71 73 71 73 72 73 72 75 73 76 73 73 73 76 75 78 76 76 74 75 73 77 94 110 109 117 114 115 114 114 127 137 134 140 137 139 139 141 139 139 134 130 128 131 127 132 131 135 139 142 134 148 141 144 144 143 144 145 142 143 142 143 137 138 132 132 128 131 135 140 139 146 146 149 148 150 153 151 150 147 144 146 142 143 142 141 134 131 115 90 77 80 77 79 81 86 86 87 85 87 84 87 83 85 83 86 83 85 83 84 83 85 83 84 85 87 85 
CCD1=0 0 0 0 0 0 0 0 0 0 0 0 0 0 0 0 0 0 0 0 0 0 0 0 0 0 0 0 0 0 0 0 0 0 0 0 0 0 0 0 0 0 0 0 0 0 0 0 0 0 0 0 0 0 0 0 0 0 0 0 0 0 0 0 0 0 0 0 0 0 0 0 0 0 0 0 0 0 0 0 0 0 0 0 0 0 0 0 0 0 0 0 0 0 0 0 0 0 0 0 0 0 0 0 0 0 0 0 0 0 0 0 0 0 0 0 0 0 0 0 0 0 0 0 0 0 0 0 
[CCD拟图]
CCDLRC0=33 100 66 
CCDLRC1=33 100 66 
CCDLRC2=0 0 0 
[反馈数据]
0=6
1=19
2=12
3=4194
4=2100
5=1750
6=0
7=1
8=0
9=0
10=27
11=2843
12=2799
[控制固参]
0=0
