[CCD原图]
CCD0=53 59 65 63 69 69 73 71 73 70 73 71 74 71 74 71 74 73 75 74 76 74 74 74 77 75 78 76 77 74 75 74 77 94 109 109 116 114 116 115 112 127 136 134 140 136 139 140 140 138 140 135 130 127 131 126 131 131 135 138 142 134 147 140 145 143 143 144 144 142 144 142 143 137 139 132 132 128 131 134 141 138 146 147 149 148 149 153 151 149 147 145 146 142 144 143 142 134 131 115 90 77 80 78 79 81 87 86 87 86 87 85 87 84 86 83 86 83 85 83 85 84 85 84 84 85 87 86 
CCD1=0 0 0 0 0 0 0 0 0 0 0 0 0 0 0 0 0 0 0 0 0 0 0 0 0 0 0 0 0 0 0 0 0 0 0 0 0 0 0 0 0 0 0 0 0 0 0 0 0 0 0 0 0 0 0 0 0 0 0 0 0 0 0 0 0 0 0 0 0 0 0 0 0 0 0 0 0 0 0 0 0 0 0 0 0 0 0 0 0 0 0 0 0 0 0 0 0 0 0 0 0 0 0 0 0 0 0 0 0 0 0 0 0 0 0 0 0 0 0 0 0 0 0 0 0 0 0 0 
[CCD拟图]
CCDLRC0=35 100 67 
CCDLRC1=35 100 67 
CCDLRC2=0 0 0 
[反馈数据]
0=6
1=19
2=12
3=4194
4=2100
5=1750
6=0
7=1
8=0
9=0
10=50
11=2866
12=2822
[控制固参]
0=0
