[CCD原图]
CCD0=53 60 64 64 69 69 73 70 72 70 73 71 74 71 73 71 74 72 75 73 75 73 73 74 77 75 78 76 77 73 75 74 76 93 109 109 116 115 115 114 113 127 136 134 139 137 139 138 141 138 140 135 130 128 131 127 131 132 135 139 143 134 148 140 144 144 144 144 145 141 144 142 143 137 139 132 133 128 131 135 141 138 146 146 150 149 149 153 150 149 148 145 146 142 144 142 141 134 131 115 90 77 79 78 79 81 87 85 87 86 87 84 86 84 86 83 86 84 86 83 85 83 85 84 85 85 88 85 
CCD1=0 0 0 0 0 0 0 0 0 0 0 0 0 0 0 0 0 0 0 0 0 0 0 0 0 0 0 0 0 0 0 0 0 0 0 0 0 0 0 0 0 0 0 0 0 0 0 0 0 0 0 0 0 0 0 0 0 0 0 0 0 0 0 0 0 0 0 0 0 0 0 0 0 0 0 0 0 0 0 0 0 0 0 0 0 0 0 0 0 0 0 0 0 0 0 0 0 0 0 0 0 0 0 0 0 0 0 0 0 0 0 0 0 0 0 0 0 0 0 0 0 0 0 0 0 0 0 0 
[CCD拟图]
CCDLRC0=35 100 67 
CCDLRC1=35 100 67 
CCDLRC2=0 0 0 
[反馈数据]
0=6
1=19
2=12
3=4194
4=2100
5=1750
6=0
7=1
8=0
9=0
10=68
11=2884
12=2840
[控制固参]
0=0
