[CCD原图]
CCD0=52 60 64 64 69 68 73 70 72 71 73 71 74 71 73 72 74 72 75 73 76 73 74 73 77 75 78 76 77 73 75 74 76 93 108 109 116 114 116 114 112 127 136 134 139 137 139 140 141 139 139 135 130 128 131 126 131 131 135 138 141 134 147 140 144 144 143 144 145 142 144 142 143 137 140 132 132 128 131 135 141 137 146 147 149 148 149 153 150 150 147 144 145 143 144 142 141 134 131 115 90 77 79 77 79 80 86 86 87 85 87 84 86 83 86 83 85 83 85 83 85 83 85 83 84 84 87 85 
CCD1=0 0 0 0 0 0 0 0 0 0 0 0 0 0 0 0 0 0 0 0 0 0 0 0 0 0 0 0 0 0 0 0 0 0 0 0 0 0 0 0 0 0 0 0 0 0 0 0 0 0 0 0 0 0 0 0 0 0 0 0 0 0 0 0 0 0 0 0 0 0 0 0 0 0 0 0 0 0 0 0 0 0 0 0 0 0 0 0 0 0 0 0 0 0 0 0 0 0 0 0 0 0 0 0 0 0 0 0 0 0 0 0 0 0 0 0 0 0 0 0 0 0 0 0 0 0 0 0 
[CCD拟图]
CCDLRC0=35 100 67 
CCDLRC1=35 100 67 
CCDLRC2=0 0 0 
[反馈数据]
0=6
1=19
2=12
3=4194
4=2100
5=1750
6=0
7=1
8=0
9=0
10=77
11=2893
12=2849
[控制固参]
0=0
