[CCD原图]
CCD0=53 60 64 64 69 69 72 70 73 70 73 71 73 71 74 71 73 73 75 73 76 74 73 74 77 75 78 76 77 74 75 74 77 93 109 109 116 114 116 114 113 127 136 134 139 137 139 139 141 138 140 135 130 128 131 127 131 131 135 139 142 134 148 141 145 144 143 144 144 142 145 143 144 137 139 133 132 128 131 134 140 138 146 147 149 148 150 153 150 150 148 145 146 143 144 142 141 134 131 115 90 77 80 78 79 81 87 87 87 85 86 85 86 84 86 83 85 84 85 83 85 83 85 84 84 85 88 86 
CCD1=0 0 0 0 0 0 0 0 0 0 0 0 0 0 0 0 0 0 0 0 0 0 0 0 0 0 0 0 0 0 0 0 0 0 0 0 0 0 0 0 0 0 0 0 0 0 0 0 0 0 0 0 0 0 0 0 0 0 0 0 0 0 0 0 0 0 0 0 0 0 0 0 0 0 0 0 0 0 0 0 0 0 0 0 0 0 0 0 0 0 0 0 0 0 0 0 0 0 0 0 0 0 0 0 0 0 0 0 0 0 0 0 0 0 0 0 0 0 0 0 0 0 0 0 0 0 0 0 
[CCD拟图]
CCDLRC0=35 100 67 
CCDLRC1=35 100 67 
CCDLRC2=0 0 0 
[反馈数据]
0=6
1=19
2=12
3=4194
4=2100
5=1750
6=0
7=1
8=0
9=0
10=80
11=2896
12=2852
[控制固参]
0=0
