[CCD原图]
CCD0=53 59 64 63 69 69 73 71 73 70 73 72 73 71 73 71 74 72 75 73 76 74 73 73 77 75 78 75 77 73 75 74 77 94 109 109 116 114 115 114 113 127 136 134 140 137 139 139 141 139 140 135 130 128 132 126 132 131 135 138 142 134 147 140 145 143 144 144 145 141 144 142 143 137 138 132 133 128 130 134 140 138 145 146 149 147 149 153 150 149 147 144 145 141 144 142 141 134 131 116 91 77 80 78 78 81 87 87 88 86 86 84 87 83 86 83 85 84 85 83 85 83 86 83 84 84 88 86 
CCD1=0 0 0 0 0 0 0 0 0 0 0 0 0 0 0 0 0 0 0 0 0 0 0 0 0 0 0 0 0 0 0 0 0 0 0 0 0 0 0 0 0 0 0 0 0 0 0 0 0 0 0 0 0 0 0 0 0 0 0 0 0 0 0 0 0 0 0 0 0 0 0 0 0 0 0 0 0 0 0 0 0 0 0 0 0 0 0 0 0 0 0 0 0 0 0 0 0 0 0 0 0 0 0 0 0 0 0 0 0 0 0 0 0 0 0 0 0 0 0 0 0 0 0 0 0 0 0 0 
[CCD拟图]
CCDLRC0=35 100 67 
CCDLRC1=35 100 67 
CCDLRC2=0 0 0 
[反馈数据]
0=6
1=19
2=12
3=4194
4=2100
5=1750
6=0
7=1
8=0
9=0
10=101
11=2917
12=2873
[控制固参]
0=0
