[CCD原图]
CCD0=53 60 64 63 68 69 73 70 73 70 73 71 74 72 73 71 73 72 75 73 76 73 74 74 77 75 78 75 77 74 75 74 76 91 109 109 116 115 116 115 112 126 135 134 139 136 139 139 140 138 140 135 130 128 131 127 131 131 135 139 142 134 148 141 144 143 143 145 145 141 144 142 143 137 139 133 132 128 131 134 140 138 145 146 150 148 149 153 151 149 148 145 146 142 144 142 141 133 131 117 92 78 79 77 79 81 86 87 87 85 87 84 87 83 85 82 85 84 85 83 85 83 85 83 84 84 87 85 
CCD1=0 0 0 0 0 0 0 0 0 0 0 0 0 0 0 0 0 0 0 0 0 0 0 0 0 0 0 0 0 0 0 0 0 0 0 0 0 0 0 0 0 0 0 0 0 0 0 0 0 0 0 0 0 0 0 0 0 0 0 0 0 0 0 0 0 0 0 0 0 0 0 0 0 0 0 0 0 0 0 0 0 0 0 0 0 0 0 0 0 0 0 0 0 0 0 0 0 0 0 0 0 0 0 0 0 0 0 0 0 0 0 0 0 0 0 0 0 0 0 0 0 0 0 0 0 0 0 0 
[CCD拟图]
CCDLRC0=34 100 67 
CCDLRC1=34 100 67 
CCDLRC2=0 0 0 
[反馈数据]
0=6
1=19
2=12
3=4194
4=2100
5=1750
6=0
7=1
8=0
9=0
10=137
11=2953
12=2909
[控制固参]
0=0
