[CCD原图]
CCD0=53 60 65 65 70 70 74 72 75 71 74 72 74 72 74 72 74 73 76 74 77 74 73 72 76 73 75 88 106 103 109 113 113 111 110 123 135 130 136 136 136 134 136 133 138 131 129 128 130 128 129 130 130 132 138 135 141 141 142 143 145 137 149 141 146 143 142 142 142 135 134 131 133 130 139 139 145 146 150 151 154 149 154 150 152 148 149 151 148 146 142 138 139 129 117 89 81 78 80 80 82 84 88 85 87 86 87 86 87 84 86 84 86 83 85 83 85 84 85 83 84 83 84 82 84 83 86 85 
CCD1=0 0 0 0 0 0 0 0 0 0 0 0 0 0 0 0 0 0 0 0 0 0 0 0 0 0 0 0 0 0 0 0 0 0 0 0 0 0 0 0 0 0 0 0 0 0 0 0 0 0 0 0 0 0 0 0 0 0 0 0 0 0 0 0 0 0 0 0 0 0 0 0 0 0 0 0 0 0 0 0 0 0 0 0 0 0 0 0 0 0 0 0 0 0 0 0 0 0 0 0 0 0 0 0 0 0 0 0 0 0 0 0 0 0 0 0 0 0 0 0 0 0 0 0 0 0 0 0 
[CCD拟图]
CCDLRC0=26 96 61 
CCDLRC1=26 96 61 
CCDLRC2=0 0 0 
[反馈数据]
0=6
1=19
2=12
3=4194
4=2100
5=1750
6=0
7=1
8=0
9=0
10=175
11=2991
12=2947
[控制固参]
0=0
