[CCD原图]
CCD0=53 60 65 64 70 70 75 72 75 72 74 71 74 71 75 72 74 73 76 74 77 74 74 72 76 73 75 88 107 104 110 113 112 111 110 123 135 131 137 137 137 134 137 133 137 131 129 129 131 128 129 130 130 132 138 134 142 141 143 144 146 137 150 142 146 143 142 143 142 136 134 131 133 130 139 139 145 146 150 151 154 150 155 151 151 149 149 152 148 147 143 139 139 130 118 91 81 78 80 79 83 84 88 85 87 85 87 85 86 85 86 84 86 83 85 82 85 83 85 83 85 83 84 83 83 83 86 85 
CCD1=0 0 0 0 0 0 0 0 0 0 0 0 0 0 0 0 0 0 0 0 0 0 0 0 0 0 0 0 0 0 0 0 0 0 0 0 0 0 0 0 0 0 0 0 0 0 0 0 0 0 0 0 0 0 0 0 0 0 0 0 0 0 0 0 0 0 0 0 0 0 0 0 0 0 0 0 0 0 0 0 0 0 0 0 0 0 0 0 0 0 0 0 0 0 0 0 0 0 0 0 0 0 0 0 0 0 0 0 0 0 0 0 0 0 0 0 0 0 0 0 0 0 0 0 0 0 0 0 
[CCD拟图]
CCDLRC0=30 95 62 
CCDLRC1=30 95 62 
CCDLRC2=0 0 0 
[反馈数据]
0=6
1=19
2=12
3=4194
4=2100
5=1750
6=0
7=1
8=0
9=0
10=192
11=3008
12=2964
[控制固参]
0=0
