[CCD原图]
CCD0=53 60 65 64 70 70 74 71 74 71 74 72 74 71 75 72 74 73 76 74 77 75 73 72 75 73 76 88 107 104 109 114 112 111 110 123 136 130 136 137 137 133 136 133 138 131 130 128 131 128 130 130 130 132 139 134 142 141 143 143 146 136 149 141 146 144 142 143 142 135 134 131 133 131 138 139 145 146 149 151 154 149 154 150 152 149 149 151 148 146 143 139 139 130 118 91 81 78 81 79 82 84 87 85 87 85 87 86 87 85 86 84 86 82 85 83 85 83 85 83 84 83 84 82 83 84 86 85 
CCD1=0 0 0 0 0 0 0 0 0 0 0 0 0 0 0 0 0 0 0 0 0 0 0 0 0 0 0 0 0 0 0 0 0 0 0 0 0 0 0 0 0 0 0 0 0 0 0 0 0 0 0 0 0 0 0 0 0 0 0 0 0 0 0 0 0 0 0 0 0 0 0 0 0 0 0 0 0 0 0 0 0 0 0 0 0 0 0 0 0 0 0 0 0 0 0 0 0 0 0 0 0 0 0 0 0 0 0 0 0 0 0 0 0 0 0 0 0 0 0 0 0 0 0 0 0 0 0 0 
[CCD拟图]
CCDLRC0=29 95 62 
CCDLRC1=29 95 62 
CCDLRC2=0 0 0 
[反馈数据]
0=6
1=19
2=12
3=4194
4=2100
5=1750
6=0
7=1
8=0
9=0
10=195
11=3011
12=2967
[控制固参]
0=0
