[CCD原图]
CCD0=53 60 65 64 70 70 74 72 74 71 74 72 74 72 75 73 74 73 76 74 77 75 74 72 76 73 75 88 107 104 109 114 112 111 110 124 136 131 136 137 137 135 137 133 138 130 130 128 131 128 129 130 130 133 139 136 142 141 143 143 146 137 150 142 146 144 142 142 142 135 134 131 133 131 139 138 144 146 150 150 154 149 155 151 152 149 148 151 148 146 142 139 139 130 119 91 81 78 80 79 82 84 87 86 86 85 87 86 86 85 86 84 86 83 85 83 85 83 85 83 85 82 84 82 83 83 85 85 
CCD1=0 0 0 0 0 0 0 0 0 0 0 0 0 0 0 0 0 0 0 0 0 0 0 0 0 0 0 0 0 0 0 0 0 0 0 0 0 0 0 0 0 0 0 0 0 0 0 0 0 0 0 0 0 0 0 0 0 0 0 0 0 0 0 0 0 0 0 0 0 0 0 0 0 0 0 0 0 0 0 0 0 0 0 0 0 0 0 0 0 0 0 0 0 0 0 0 0 0 0 0 0 0 0 0 0 0 0 0 0 0 0 0 0 0 0 0 0 0 0 0 0 0 0 0 0 0 0 0 
[CCD拟图]
CCDLRC0=29 95 62 
CCDLRC1=29 95 62 
CCDLRC2=0 0 0 
[反馈数据]
0=6
1=19
2=12
3=4194
4=2100
5=1750
6=0
7=1
8=0
9=0
10=204
11=3020
12=2976
[控制固参]
0=0
