[CCD原图]
CCD0=54 60 65 64 71 70 75 72 74 72 74 71 74 72 74 72 74 73 75 74 78 75 74 72 76 73 75 86 106 103 108 114 112 111 110 122 135 131 137 137 137 134 136 134 138 131 130 128 130 129 129 130 130 132 139 135 141 141 143 143 146 137 149 142 146 144 143 143 141 135 134 131 132 131 139 139 145 146 150 151 154 149 155 151 152 149 149 152 148 146 142 139 139 130 118 90 80 78 81 79 82 84 88 86 87 86 87 87 87 85 86 84 86 83 85 83 85 83 85 83 85 83 85 83 83 83 87 86 
CCD1=0 0 0 0 0 0 0 0 0 0 0 0 0 0 0 0 0 0 0 0 0 0 0 0 0 0 0 0 0 0 0 0 0 0 0 0 0 0 0 0 0 0 0 0 0 0 0 0 0 0 0 0 0 0 0 0 0 0 0 0 0 0 0 0 0 0 0 0 0 0 0 0 0 0 0 0 0 0 0 0 0 0 0 0 0 0 0 0 0 0 0 0 0 0 0 0 0 0 0 0 0 0 0 0 0 0 0 0 0 0 0 0 0 0 0 0 0 0 0 0 0 0 0 0 0 0 0 0 
[CCD拟图]
CCDLRC0=30 95 62 
CCDLRC1=30 95 62 
CCDLRC2=0 0 0 
[反馈数据]
0=6
1=19
2=12
3=4194
4=2100
5=1750
6=0
7=1
8=0
9=0
10=219
11=3035
12=2991
[控制固参]
0=0
