[CCD原图]
CCD0=53 60 65 64 71 70 74 72 74 72 74 72 74 72 75 73 74 73 76 74 77 75 74 72 76 73 76 86 106 103 108 113 113 111 110 122 135 131 137 137 137 135 137 133 139 131 130 129 131 128 129 130 130 133 139 135 141 140 142 143 146 136 149 142 146 143 142 142 142 136 135 131 132 131 139 139 144 146 150 151 154 149 154 150 152 149 149 151 147 146 142 138 139 129 117 90 81 77 80 79 82 84 88 86 87 85 87 86 86 85 87 84 86 83 86 82 85 83 85 83 85 83 84 82 83 84 86 85 
CCD1=0 0 0 0 0 0 0 0 0 0 0 0 0 0 0 0 0 0 0 0 0 0 0 0 0 0 0 0 0 0 0 0 0 0 0 0 0 0 0 0 0 0 0 0 0 0 0 0 0 0 0 0 0 0 0 0 0 0 0 0 0 0 0 0 0 0 0 0 0 0 0 0 0 0 0 0 0 0 0 0 0 0 0 0 0 0 0 0 0 0 0 0 0 0 0 0 0 0 0 0 0 0 0 0 0 0 0 0 0 0 0 0 0 0 0 0 0 0 0 0 0 0 0 0 0 0 0 0 
[CCD拟图]
CCDLRC0=30 95 62 
CCDLRC1=30 95 62 
CCDLRC2=0 0 0 
[反馈数据]
0=6
1=19
2=12
3=4194
4=2100
5=1750
6=0
7=1
8=0
9=0
10=231
11=3047
12=3003
[控制固参]
0=0
