[CCD原图]
CCD0=53 60 65 64 70 70 74 71 74 71 74 72 74 71 74 73 74 73 76 74 77 74 74 73 76 74 75 85 107 103 108 113 113 111 110 122 135 131 136 137 137 134 137 133 138 131 130 129 131 128 129 130 131 133 139 135 141 141 142 143 146 137 150 143 146 144 143 143 142 135 134 131 133 130 138 139 144 147 150 151 154 149 154 151 152 149 149 150 148 146 143 139 139 130 116 90 80 78 80 79 83 84 87 85 87 86 87 86 87 84 85 84 85 83 86 82 85 83 85 83 84 84 85 83 83 83 86 85 
CCD1=0 0 0 0 0 0 0 0 0 0 0 0 0 0 0 0 0 0 0 0 0 0 0 0 0 0 0 0 0 0 0 0 0 0 0 0 0 0 0 0 0 0 0 0 0 0 0 0 0 0 0 0 0 0 0 0 0 0 0 0 0 0 0 0 0 0 0 0 0 0 0 0 0 0 0 0 0 0 0 0 0 0 0 0 0 0 0 0 0 0 0 0 0 0 0 0 0 0 0 0 0 0 0 0 0 0 0 0 0 0 0 0 0 0 0 0 0 0 0 0 0 0 0 0 0 0 0 0 
[CCD拟图]
CCDLRC0=30 95 62 
CCDLRC1=30 95 62 
CCDLRC2=0 0 0 
[反馈数据]
0=6
1=19
2=12
3=4194
4=2100
5=1750
6=0
7=1
8=0
9=0
10=234
11=3050
12=3006
[控制固参]
0=0
