[CCD原图]
CCD0=54 60 65 64 71 71 75 72 75 71 73 72 74 72 75 73 74 73 76 74 77 74 74 72 76 73 75 84 105 103 108 113 113 111 110 120 135 131 137 138 137 134 137 133 138 131 130 128 130 128 130 130 130 132 138 134 142 141 142 143 145 137 150 141 146 144 143 143 142 136 135 131 133 131 139 139 145 147 150 151 154 149 155 151 151 149 149 152 148 147 143 139 138 130 116 89 81 78 80 80 82 85 87 85 87 86 87 86 87 85 86 84 86 83 85 83 85 83 85 83 85 83 85 82 83 84 86 85 
CCD1=0 0 0 0 0 0 0 0 0 0 0 0 0 0 0 0 0 0 0 0 0 0 0 0 0 0 0 0 0 0 0 0 0 0 0 0 0 0 0 0 0 0 0 0 0 0 0 0 0 0 0 0 0 0 0 0 0 0 0 0 0 0 0 0 0 0 0 0 0 0 0 0 0 0 0 0 0 0 0 0 0 0 0 0 0 0 0 0 0 0 0 0 0 0 0 0 0 0 0 0 0 0 0 0 0 0 0 0 0 0 0 0 0 0 0 0 0 0 0 0 0 0 0 0 0 0 0 0 
[CCD拟图]
CCDLRC0=30 95 62 
CCDLRC1=30 95 62 
CCDLRC2=0 0 0 
[反馈数据]
0=6
1=19
2=12
3=4194
4=2100
5=1750
6=0
7=1
8=0
9=0
10=34
11=3106
12=3062
[控制固参]
0=0
