[CCD原图]
CCD0=53 61 66 67 73 75 80 77 79 77 79 76 79 76 78 76 78 76 79 78 80 78 77 77 81 80 82 79 83 81 82 81 82 80 79 74 73 71 75 90 119 124 129 127 132 129 130 131 134 132 134 133 132 130 136 131 136 136 137 138 141 132 145 139 145 145 147 153 158 158 164 164 164 151 151 144 143 139 140 137 139 133 136 133 135 132 132 133 132 131 129 127 129 126 128 128 129 124 128 126 127 123 127 126 126 129 128 117 96 79 76 74 76 75 80 80 83 82 83 81 83 81 82 80 80 80 83 81 
CCD1=0 0 0 0 0 0 0 0 0 0 0 0 0 0 0 0 0 0 0 0 0 0 0 0 0 0 0 0 0 0 0 0 0 0 0 0 0 0 0 0 0 0 0 0 0 0 0 0 0 0 0 0 0 0 0 0 0 0 0 0 0 0 0 0 0 0 0 0 0 0 0 0 0 0 0 0 0 0 0 0 0 0 0 0 0 0 0 0 0 0 0 0 0 0 0 0 0 0 0 0 0 0 0 0 0 0 0 0 0 0 0 0 0 0 0 0 0 0 0 0 0 0 0 0 0 0 0 0 
[CCD拟图]
CCDLRC0=39 109 74 
CCDLRC1=39 109 74 
CCDLRC2=0 0 0 
[反馈数据]
0=6
1=19
2=12
3=4194
4=2100
5=1750
6=0
7=1
8=0
9=0
10=106
11=362
12=318
[控制固参]
0=0
