[CCD原图]
CCD0=55 62 67 68 75 76 80 78 81 77 79 74 75 72 73 70 71 69 72 70 73 71 73 78 91 105 125 134 140 134 132 130 131 129 130 129 132 127 131 131 130 129 131 128 133 129 132 132 136 134 136 135 133 132 137 132 138 137 139 140 143 134 149 144 152 153 155 159 163 163 167 162 157 143 144 139 140 137 138 137 139 133 137 133 134 132 133 135 132 131 130 127 129 127 129 129 130 126 128 128 127 124 127 115 97 83 83 81 84 83 85 84 86 82 84 81 84 81 83 81 82 81 82 80 81 81 83 81 
CCD1=0 0 0 0 0 0 0 0 0 0 0 0 0 0 0 0 0 0 0 0 0 0 0 0 0 0 0 0 0 0 0 0 0 0 0 0 0 0 0 0 0 0 0 0 0 0 0 0 0 0 0 0 0 0 0 0 0 0 0 0 0 0 0 0 0 0 0 0 0 0 0 0 0 0 0 0 0 0 0 0 0 0 0 0 0 0 0 0 0 0 0 0 0 0 0 0 0 0 0 0 0 0 0 0 0 0 0 0 0 0 0 0 0 0 0 0 0 0 0 0 0 0 0 0 0 0 0 0 
[CCD拟图]
CCDLRC0=27 105 66 
CCDLRC1=27 105 66 
CCDLRC2=0 0 0 
[反馈数据]
0=6
1=19
2=12
3=4194
4=2100
5=1750
6=0
7=1
8=0
9=0
10=114
11=370
12=326
[控制固参]
0=0
