[CCD原图]
CCD0=54 61 66 66 73 75 80 77 80 77 79 78 80 77 80 78 80 79 82 80 82 80 79 80 84 81 83 81 84 82 83 82 83 83 85 83 86 82 86 84 85 83 84 84 94 102 116 129 138 139 141 142 140 140 145 141 148 148 151 152 156 147 162 154 159 157 155 156 156 152 154 151 154 147 152 148 151 149 150 150 152 147 151 148 149 147 147 150 147 147 145 143 144 142 144 143 145 139 141 139 139 133 136 133 133 134 134 134 132 131 131 130 132 127 132 128 132 131 133 130 131 131 134 131 126 129 130 127 
CCD1=0 0 0 0 0 0 0 0 0 0 0 0 0 0 0 0 0 0 0 0 0 0 0 0 0 0 0 0 0 0 0 0 0 0 0 0 0 0 0 0 0 0 0 0 0 0 0 0 0 0 0 0 0 0 0 0 0 0 0 0 0 0 0 0 0 0 0 0 0 0 0 0 0 0 0 0 0 0 0 0 0 0 0 0 0 0 0 0 0 0 0 0 0 0 0 0 0 0 0 0 0 0 0 0 0 0 0 0 0 0 0 0 0 0 0 0 0 0 0 0 0 0 0 0 0 0 0 0 
[CCD拟图]
CCDLRC0=35 122 78 
CCDLRC1=35 122 78 
CCDLRC2=0 0 0 
[反馈数据]
0=6
1=19
2=12
3=4194
4=2100
5=1750
6=0
7=1
8=0
9=0
10=170
11=426
12=382
[控制固参]
0=0
