[CCD原图]
CCD0=53 60 66 66 73 75 79 76 79 76 78 75 78 75 78 76 78 76 79 76 80 76 76 76 80 78 80 79 81 79 81 80 82 81 83 81 84 81 84 82 83 82 84 82 86 83 84 83 85 84 86 85 85 83 87 84 88 86 88 87 89 84 88 82 82 78 78 76 78 78 85 92 108 116 131 136 144 145 147 145 148 141 145 142 143 141 142 145 142 142 140 138 140 136 139 138 139 135 138 137 137 133 136 135 136 138 141 142 137 135 135 132 133 127 130 125 127 127 128 125 127 126 129 127 125 129 132 130 
CCD1=0 0 0 0 0 0 0 0 0 0 0 0 0 0 0 0 0 0 0 0 0 0 0 0 0 0 0 0 0 0 0 0 0 0 0 0 0 0 0 0 0 0 0 0 0 0 0 0 0 0 0 0 0 0 0 0 0 0 0 0 0 0 0 0 0 0 0 0 0 0 0 0 0 0 0 0 0 0 0 0 0 0 0 0 0 0 0 0 0 0 0 0 0 0 0 0 0 0 0 0 0 0 0 0 0 0 0 0 0 0 0 0 0 0 0 0 0 0 0 0 0 0 0 0 0 0 0 0 
[CCD拟图]
CCDLRC0=67 122 108 
CCDLRC1=67 122 108 
CCDLRC2=0 0 0 
[反馈数据]
0=6
1=19
2=12
3=4194
4=2100
5=1750
6=0
7=1
8=0
9=0
10=178
11=434
12=390
[控制固参]
0=0
