[CCD原图]
CCD0=54 61 67 67 75 77 82 79 81 79 81 77 80 77 79 78 79 78 80 79 81 79 78 78 83 81 83 81 83 81 82 82 83 82 84 82 85 82 85 83 84 82 84 83 85 83 85 85 87 85 88 85 86 85 87 84 87 84 85 82 85 83 89 86 89 87 87 83 83 78 80 77 78 75 77 75 77 78 87 95 109 115 125 127 131 132 134 137 136 136 134 132 135 132 134 135 136 132 135 133 133 130 132 130 131 133 135 137 136 136 138 138 139 133 136 130 132 129 128 124 125 123 126 122 120 125 131 130 
CCD1=0 0 0 0 0 0 0 0 0 0 0 0 0 0 0 0 0 0 0 0 0 0 0 0 0 0 0 0 0 0 0 0 0 0 0 0 0 0 0 0 0 0 0 0 0 0 0 0 0 0 0 0 0 0 0 0 0 0 0 0 0 0 0 0 0 0 0 0 0 0 0 0 0 0 0 0 0 0 0 0 0 0 0 0 0 0 0 0 0 0 0 0 0 0 0 0 0 0 0 0 0 0 0 0 0 0 0 0 0 0 0 0 0 0 0 0 0 0 0 0 0 0 0 0 0 0 0 0 
[CCD拟图]
CCDLRC0=78 122 119 
CCDLRC1=78 122 119 
CCDLRC2=0 0 0 
[反馈数据]
0=6
1=19
2=12
3=4194
4=2100
5=1750
6=0
7=1
8=0
9=0
10=208
11=464
12=420
[控制固参]
0=0
