[CCD原图]
CCD0=54 61 67 67 75 76 81 77 80 77 78 75 75 71 75 74 77 77 80 78 81 78 77 78 82 80 82 80 82 80 81 81 82 81 84 82 84 81 85 83 84 82 85 83 86 85 87 85 87 84 84 81 84 82 86 84 89 89 92 91 93 88 94 94 104 112 122 131 135 134 138 137 140 134 139 136 139 138 139 139 142 137 143 143 147 149 153 160 159 161 159 155 156 149 148 145 143 136 136 135 132 129 130 127 127 129 129 130 127 126 126 125 127 121 125 121 124 123 124 121 123 122 125 123 122 130 137 138 
CCD1=0 0 0 0 0 0 0 0 0 0 0 0 0 0 0 0 0 0 0 0 0 0 0 0 0 0 0 0 0 0 0 0 0 0 0 0 0 0 0 0 0 0 0 0 0 0 0 0 0 0 0 0 0 0 0 0 0 0 0 0 0 0 0 0 0 0 0 0 0 0 0 0 0 0 0 0 0 0 0 0 0 0 0 0 0 0 0 0 0 0 0 0 0 0 0 0 0 0 0 0 0 0 0 0 0 0 0 0 0 0 0 0 0 0 0 0 0 0 0 0 0 0 0 0 0 0 0 0 
[CCD拟图]
CCDLRC0=61 122 102 
CCDLRC1=61 122 102 
CCDLRC2=0 0 0 
[反馈数据]
0=6
1=19
2=12
3=4194
4=2100
5=1750
6=0
7=1
8=0
9=0
10=223
11=479
12=435
[控制固参]
0=0
