[CCD原图]
CCD0=54 62 67 67 74 75 81 78 79 76 79 76 79 75 78 76 78 76 79 78 79 78 77 77 81 79 81 79 82 80 81 81 82 82 84 82 85 82 85 84 85 82 86 83 86 84 86 84 85 81 82 78 80 83 95 103 119 128 139 143 145 136 149 142 146 143 142 143 144 140 142 140 142 136 139 136 138 137 138 136 138 133 137 134 135 132 133 134 133 132 131 129 131 128 130 130 131 127 129 128 128 123 125 123 123 124 125 126 123 122 123 122 124 119 123 118 121 118 115 106 100 90 84 76 76 76 79 81 
CCD1=0 0 0 0 0 0 0 0 0 0 0 0 0 0 0 0 0 0 0 0 0 0 0 0 0 0 0 0 0 0 0 0 0 0 0 0 0 0 0 0 0 0 0 0 0 0 0 0 0 0 0 0 0 0 0 0 0 0 0 0 0 0 0 0 0 0 0 0 0 0 0 0 0 0 0 0 0 0 0 0 0 0 0 0 0 0 0 0 0 0 0 0 0 0 0 0 0 0 0 0 0 0 0 0 0 0 0 0 0 0 0 0 0 0 0 0 0 0 0 0 0 0 0 0 0 0 0 0 
[CCD拟图]
CCDLRC0=59 122 100 
CCDLRC1=59 122 100 
CCDLRC2=0 0 0 
[反馈数据]
0=6
1=19
2=12
3=4194
4=2100
5=1750
6=0
7=1
8=0
9=0
10=254
11=510
12=466
[控制固参]
0=0
