[CCD原图]
CCD0=60 70 80 88 107 117 126 122 124 119 121 118 120 115 116 116 118 117 120 116 121 118 111 117 123 121 124 121 126 124 124 124 126 125 127 127 130 125 130 128 128 126 130 126 129 126 128 128 131 130 132 131 130 129 134 129 134 132 134 134 136 127 138 130 130 108 92 81 78 75 78 77 80 78 81 80 84 83 85 83 84 81 84 81 83 80 82 81 81 80 81 79 81 78 81 80 81 79 81 80 80 77 80 78 79 78 79 77 79 77 79 76 78 75 77 75 77 75 78 74 77 75 76 74 75 75 78 76 
CCD1=0 0 0 0 0 0 0 0 0 0 0 0 0 0 0 0 0 0 0 0 0 0 0 0 0 0 0 0 0 0 0 0 0 0 0 0 0 0 0 0 0 0 0 0 0 0 0 0 0 0 0 0 0 0 0 0 0 0 0 0 0 0 0 0 0 0 0 0 0 0 0 0 0 0 0 0 0 0 0 0 0 0 0 0 0 0 0 0 0 0 0 0 0 0 0 0 0 0 0 0 0 0 0 0 0 0 0 0 0 0 0 0 0 0 0 0 0 0 0 0 0 0 0 0 0 0 0 0 
[CCD拟图]
CCDLRC0=6 71 32 
CCDLRC1=6 71 32 
CCDLRC2=0 0 0 
[反馈数据]
0=6
1=19
2=12
3=4194
4=2100
5=1750
6=0
7=1
8=0
9=0
10=36
11=548
12=504
[控制固参]
0=0
