[CCD原图]
CCD0=59 69 80 87 109 122 133 130 131 123 123 119 119 115 116 117 116 116 120 118 121 118 111 116 122 119 122 120 122 120 121 121 122 122 124 123 126 121 126 125 126 124 124 117 115 102 95 86 83 79 81 78 81 80 83 82 85 82 84 83 85 81 87 83 85 82 84 83 84 82 84 82 85 82 84 82 83 82 83 82 83 80 83 80 82 79 81 80 80 79 80 78 80 78 80 78 80 77 80 78 79 76 79 76 78 76 79 76 78 76 78 75 78 76 78 75 78 75 78 75 77 75 77 75 76 75 78 76 
CCD1=0 0 0 0 0 0 0 0 0 0 0 0 0 0 0 0 0 0 0 0 0 0 0 0 0 0 0 0 0 0 0 0 0 0 0 0 0 0 0 0 0 0 0 0 0 0 0 0 0 0 0 0 0 0 0 0 0 0 0 0 0 0 0 0 0 0 0 0 0 0 0 0 0 0 0 0 0 0 0 0 0 0 0 0 0 0 0 0 0 0 0 0 0 0 0 0 0 0 0 0 0 0 0 0 0 0 0 0 0 0 0 0 0 0 0 0 0 0 0 0 0 0 0 0 0 0 0 0 
[CCD拟图]
CCDLRC0=6 49 10 
CCDLRC1=6 49 10 
CCDLRC2=0 0 0 
[反馈数据]
0=6
1=19
2=12
3=4194
4=2100
5=1750
6=0
7=1
8=0
9=0
10=51
11=563
12=519
[控制固参]
0=0
