[CCD原图]
CCD0=59 68 79 87 109 124 138 135 136 128 127 121 122 115 116 117 117 117 120 118 121 118 111 117 123 121 123 121 124 121 123 122 124 123 126 124 128 124 127 125 126 125 128 126 130 126 127 123 118 103 94 82 79 76 79 77 81 81 83 83 85 82 86 82 86 83 85 83 84 82 84 83 85 82 84 82 84 82 84 82 84 81 83 81 82 80 82 80 81 79 80 78 81 77 80 78 80 78 80 79 80 77 79 78 78 77 78 77 78 76 78 76 78 75 78 75 78 75 78 75 77 75 77 75 77 76 78 77 
CCD1=0 0 0 0 0 0 0 0 0 0 0 0 0 0 0 0 0 0 0 0 0 0 0 0 0 0 0 0 0 0 0 0 0 0 0 0 0 0 0 0 0 0 0 0 0 0 0 0 0 0 0 0 0 0 0 0 0 0 0 0 0 0 0 0 0 0 0 0 0 0 0 0 0 0 0 0 0 0 0 0 0 0 0 0 0 0 0 0 0 0 0 0 0 0 0 0 0 0 0 0 0 0 0 0 0 0 0 0 0 0 0 0 0 0 0 0 0 0 0 0 0 0 0 0 0 0 0 0 
[CCD拟图]
CCDLRC0=6 48 9 
CCDLRC1=6 48 9 
CCDLRC2=0 0 0 
[反馈数据]
0=6
1=19
2=12
3=4194
4=2100
5=1750
6=0
7=1
8=0
9=0
10=53
11=565
12=521
[控制固参]
0=0
