[CCD原图]
CCD0=59 69 79 85 106 118 132 131 136 131 133 129 132 127 130 130 130 128 130 127 129 125 115 121 128 126 128 125 128 126 127 127 128 128 131 129 133 128 133 131 131 129 133 129 134 131 133 133 136 135 136 136 135 133 138 134 141 140 144 146 154 149 167 159 166 166 165 162 157 148 145 140 134 113 95 79 79 78 80 80 86 85 88 86 88 85 86 86 86 84 83 79 81 80 84 83 84 83 84 83 83 81 82 80 82 79 82 80 80 79 80 78 80 77 79 77 78 77 78 76 78 76 78 76 77 77 79 76 
CCD1=0 0 0 0 0 0 0 0 0 0 0 0 0 0 0 0 0 0 0 0 0 0 0 0 0 0 0 0 0 0 0 0 0 0 0 0 0 0 0 0 0 0 0 0 0 0 0 0 0 0 0 0 0 0 0 0 0 0 0 0 0 0 0 0 0 0 0 0 0 0 0 0 0 0 0 0 0 0 0 0 0 0 0 0 0 0 0 0 0 0 0 0 0 0 0 0 0 0 0 0 0 0 0 0 0 0 0 0 0 0 0 0 0 0 0 0 0 0 0 0 0 0 0 0 0 0 0 0 
[CCD拟图]
CCDLRC0=6 74 35 
CCDLRC1=6 74 35 
CCDLRC2=0 0 0 
[反馈数据]
0=6
1=19
2=12
3=4194
4=2100
5=1750
6=0
7=1
8=0
9=0
10=88
11=600
12=556
[控制固参]
0=0
