[CCD原图]
CCD0=55 62 67 67 76 106 124 120 124 119 122 118 121 117 121 122 123 124 129 127 132 128 120 128 135 132 133 129 131 129 129 127 130 129 131 129 132 128 132 132 132 130 133 131 135 132 133 133 136 135 136 137 134 133 138 134 138 136 137 137 139 131 144 137 141 140 140 142 144 141 146 149 156 147 130 98 88 84 87 87 92 89 91 88 90 87 89 87 87 86 87 84 86 84 85 84 86 82 84 82 83 81 83 81 81 81 82 80 81 80 81 79 81 78 81 78 81 79 81 78 80 78 79 77 78 78 80 79 
CCD1=0 0 0 0 0 0 0 0 0 0 0 0 0 0 0 0 0 0 0 0 0 0 0 0 0 0 0 0 0 0 0 0 0 0 0 0 0 0 0 0 0 0 0 0 0 0 0 0 0 0 0 0 0 0 0 0 0 0 0 0 0 0 0 0 0 0 0 0 0 0 0 0 0 0 0 0 0 0 0 0 0 0 0 0 0 0 0 0 0 0 0 0 0 0 0 0 0 0 0 0 0 0 0 0 0 0 0 0 0 0 0 0 0 0 0 0 0 0 0 0 0 0 0 0 0 0 0 0 
[CCD拟图]
CCDLRC0=6 75 36 
CCDLRC1=6 75 36 
CCDLRC2=0 0 0 
[反馈数据]
0=6
1=19
2=12
3=4194
4=2100
5=1750
6=0
7=1
8=0
9=0
10=99
11=611
12=567
[控制固参]
0=0
