[CCD原图]
CCD0=56 63 68 69 74 72 77 92 122 118 120 117 119 114 117 117 118 118 123 122 127 124 117 124 131 129 133 132 134 132 133 135 137 138 140 136 139 132 135 132 132 130 132 130 135 130 134 133 136 134 136 136 133 132 136 132 137 135 136 137 140 131 143 135 139 138 137 137 138 135 138 138 140 134 138 118 94 85 87 86 92 90 93 90 92 88 90 89 89 87 88 85 88 84 86 84 86 82 85 83 84 81 83 81 82 82 82 81 82 80 81 79 82 78 81 78 81 79 81 79 80 79 81 79 79 80 82 80 
CCD1=0 0 0 0 0 0 0 0 0 0 0 0 0 0 0 0 0 0 0 0 0 0 0 0 0 0 0 0 0 0 0 0 0 0 0 0 0 0 0 0 0 0 0 0 0 0 0 0 0 0 0 0 0 0 0 0 0 0 0 0 0 0 0 0 0 0 0 0 0 0 0 0 0 0 0 0 0 0 0 0 0 0 0 0 0 0 0 0 0 0 0 0 0 0 0 0 0 0 0 0 0 0 0 0 0 0 0 0 0 0 0 0 0 0 0 0 0 0 0 0 0 0 0 0 0 0 0 0 
[CCD拟图]
CCDLRC0=6 122 38 
CCDLRC1=6 122 38 
CCDLRC2=0 0 0 
[反馈数据]
0=6
1=19
2=12
3=4194
4=2100
5=1750
6=0
7=1
8=0
9=0
10=108
11=620
12=576
[控制固参]
0=0
