[CCD原图]
CCD0=55 63 68 68 75 76 82 80 76 73 83 110 118 114 117 117 118 117 121 118 122 119 111 118 124 123 127 126 129 128 129 129 133 132 136 135 139 135 141 140 141 137 140 137 140 135 136 136 138 135 137 138 135 133 136 132 136 135 136 136 139 130 142 135 139 138 136 137 138 136 138 136 139 132 136 132 133 126 109 84 80 78 79 78 83 84 87 88 88 86 88 85 89 86 87 86 88 85 86 84 85 82 84 82 83 82 83 81 82 81 82 80 82 79 81 79 80 79 81 78 80 78 80 78 79 80 82 81 
CCD1=0 0 0 0 0 0 0 0 0 0 0 0 0 0 0 0 0 0 0 0 0 0 0 0 0 0 0 0 0 0 0 0 0 0 0 0 0 0 0 0 0 0 0 0 0 0 0 0 0 0 0 0 0 0 0 0 0 0 0 0 0 0 0 0 0 0 0 0 0 0 0 0 0 0 0 0 0 0 0 0 0 0 0 0 0 0 0 0 0 0 0 0 0 0 0 0 0 0 0 0 0 0 0 0 0 0 0 0 0 0 0 0 0 0 0 0 0 0 0 0 0 0 0 0 0 0 0 0 
[CCD拟图]
CCDLRC0=9 79 44 
CCDLRC1=9 79 44 
CCDLRC2=0 0 0 
[反馈数据]
0=6
1=19
2=12
3=4194
4=2100
5=1750
6=0
7=1
8=0
9=0
10=125
11=637
12=593
[控制固参]
0=0
