[CCD原图]
CCD0=53 61 66 66 74 75 80 77 80 76 79 76 78 76 78 77 78 78 80 78 80 79 78 78 82 80 81 79 83 86 113 126 129 128 131 130 133 127 131 130 130 127 131 129 135 130 132 131 133 130 131 131 131 131 135 132 137 137 139 139 141 132 145 138 142 142 142 145 146 144 148 146 148 141 144 141 143 139 140 139 140 134 137 134 135 132 134 135 133 132 131 128 129 126 128 127 123 95 80 76 78 78 82 80 81 79 81 80 81 79 80 78 80 78 81 78 80 79 80 77 80 78 79 77 78 78 81 79 
CCD1=0 0 0 0 0 0 0 0 0 0 0 0 0 0 0 0 0 0 0 0 0 0 0 0 0 0 0 0 0 0 0 0 0 0 0 0 0 0 0 0 0 0 0 0 0 0 0 0 0 0 0 0 0 0 0 0 0 0 0 0 0 0 0 0 0 0 0 0 0 0 0 0 0 0 0 0 0 0 0 0 0 0 0 0 0 0 0 0 0 0 0 0 0 0 0 0 0 0 0 0 0 0 0 0 0 0 0 0 0 0 0 0 0 0 0 0 0 0 0 0 0 0 0 0 0 0 0 0 
[CCD拟图]
CCDLRC0=28 98 63 
CCDLRC1=28 98 63 
CCDLRC2=0 0 0 
[反馈数据]
0=6
1=19
2=12
3=4194
4=2100
5=1750
6=0
7=1
8=0
9=0
10=108
11=108
12=64
[控制固参]
0=0
