[CCD原图]
CCD0=55 62 68 68 75 77 82 79 76 73 85 115 121 118 121 121 121 120 124 120 124 121 112 118 126 124 126 125 128 127 128 128 130 132 134 135 139 135 141 142 142 140 142 139 142 136 137 136 139 136 137 137 134 133 137 132 137 135 137 137 139 131 142 135 139 138 138 138 138 135 138 137 139 133 137 133 135 126 110 85 80 77 79 78 83 85 88 88 88 87 87 86 88 86 88 86 88 84 87 85 86 83 84 82 84 82 84 82 83 80 82 80 81 79 81 79 81 79 81 78 80 78 80 78 79 79 81 79 
CCD1=0 0 0 0 0 0 0 0 0 0 0 0 0 0 0 0 0 0 0 0 0 0 0 0 0 0 0 0 0 0 0 0 0 0 0 0 0 0 0 0 0 0 0 0 0 0 0 0 0 0 0 0 0 0 0 0 0 0 0 0 0 0 0 0 0 0 0 0 0 0 0 0 0 0 0 0 0 0 0 0 0 0 0 0 0 0 0 0 0 0 0 0 0 0 0 0 0 0 0 0 0 0 0 0 0 0 0 0 0 0 0 0 0 0 0 0 0 0 0 0 0 0 0 0 0 0 0 0 
[CCD拟图]
CCDLRC0=9 79 44 
CCDLRC1=9 79 44 
CCDLRC2=0 0 0 
[反馈数据]
0=6
1=19
2=12
3=4194
4=2100
5=1750
6=0
7=1
8=0
9=0
10=126
11=638
12=594
[控制固参]
0=0
