[CCD原图]
CCD0=55 62 67 68 75 76 81 79 78 74 81 108 122 119 122 122 123 122 126 123 128 125 116 124 130 129 132 130 134 132 133 132 134 135 137 136 140 136 142 142 141 138 142 139 142 138 140 141 143 140 140 140 138 137 141 138 142 140 142 141 142 133 146 138 142 139 138 138 138 135 137 136 137 131 135 132 131 125 114 86 80 76 79 77 82 84 86 87 87 86 87 85 88 84 87 86 88 84 86 85 85 83 85 82 83 82 84 83 83 80 82 80 82 79 81 79 81 79 80 78 80 79 80 78 79 79 82 80 
CCD1=0 0 0 0 0 0 0 0 0 0 0 0 0 0 0 0 0 0 0 0 0 0 0 0 0 0 0 0 0 0 0 0 0 0 0 0 0 0 0 0 0 0 0 0 0 0 0 0 0 0 0 0 0 0 0 0 0 0 0 0 0 0 0 0 0 0 0 0 0 0 0 0 0 0 0 0 0 0 0 0 0 0 0 0 0 0 0 0 0 0 0 0 0 0 0 0 0 0 0 0 0 0 0 0 0 0 0 0 0 0 0 0 0 0 0 0 0 0 0 0 0 0 0 0 0 0 0 0 
[CCD拟图]
CCDLRC0=10 79 44 
CCDLRC1=10 79 44 
CCDLRC2=0 0 0 
[反馈数据]
0=6
1=19
2=12
3=4194
4=2100
5=1750
6=0
7=1
8=0
9=0
10=133
11=645
12=601
[控制固参]
0=0
