[CCD原图]
CCD0=55 62 66 65 71 71 74 74 101 117 122 120 122 118 121 121 122 121 124 122 126 123 114 121 127 125 128 126 130 127 128 129 130 130 132 133 137 132 137 137 137 135 139 136 142 138 141 141 145 143 144 144 141 141 144 140 145 143 145 145 146 136 149 141 145 144 143 143 143 140 143 141 144 138 141 139 141 138 139 137 126 93 81 77 82 85 86 85 86 83 85 83 85 81 84 82 84 81 84 83 84 82 84 81 83 81 84 83 83 82 83 82 83 80 83 79 82 81 82 80 82 80 81 79 80 80 82 80 
CCD1=0 0 0 0 0 0 0 0 0 0 0 0 0 0 0 0 0 0 0 0 0 0 0 0 0 0 0 0 0 0 0 0 0 0 0 0 0 0 0 0 0 0 0 0 0 0 0 0 0 0 0 0 0 0 0 0 0 0 0 0 0 0 0 0 0 0 0 0 0 0 0 0 0 0 0 0 0 0 0 0 0 0 0 0 0 0 0 0 0 0 0 0 0 0 0 0 0 0 0 0 0 0 0 0 0 0 0 0 0 0 0 0 0 0 0 0 0 0 0 0 0 0 0 0 0 0 0 0 
[CCD拟图]
CCDLRC0=8 82 45 
CCDLRC1=8 82 45 
CCDLRC2=0 0 0 
[反馈数据]
0=6
1=19
2=12
3=4194
4=2100
5=1750
6=0
7=1
8=0
9=0
10=163
11=675
12=631
[控制固参]
0=0
