[CCD原图]
CCD0=55 62 66 66 72 72 85 107 123 121 123 121 123 118 120 122 121 121 125 123 126 123 115 121 128 126 128 127 129 128 128 128 130 131 133 133 137 133 138 136 137 135 140 137 142 137 140 142 146 144 145 145 142 141 145 141 146 144 145 145 147 137 148 141 145 144 143 143 144 141 143 142 145 138 142 139 142 139 140 137 121 88 81 78 83 85 86 84 85 84 84 82 85 82 84 83 83 81 83 82 84 81 83 81 82 81 84 82 83 81 83 81 83 80 82 80 83 80 82 80 82 80 81 79 80 80 83 81 
CCD1=0 0 0 0 0 0 0 0 0 0 0 0 0 0 0 0 0 0 0 0 0 0 0 0 0 0 0 0 0 0 0 0 0 0 0 0 0 0 0 0 0 0 0 0 0 0 0 0 0 0 0 0 0 0 0 0 0 0 0 0 0 0 0 0 0 0 0 0 0 0 0 0 0 0 0 0 0 0 0 0 0 0 0 0 0 0 0 0 0 0 0 0 0 0 0 0 0 0 0 0 0 0 0 0 0 0 0 0 0 0 0 0 0 0 0 0 0 0 0 0 0 0 0 0 0 0 0 0 
[CCD拟图]
CCDLRC0=7 82 44 
CCDLRC1=7 82 44 
CCDLRC2=0 0 0 
[反馈数据]
0=6
1=19
2=12
3=4194
4=2100
5=1750
6=0
7=1
8=0
9=0
10=164
11=676
12=632
[控制固参]
0=0
