[CCD原图]
CCD0=60 69 80 87 107 119 129 125 128 122 124 120 123 119 120 121 122 121 126 123 127 123 115 122 129 128 130 128 131 129 130 129 132 132 134 134 137 133 139 139 139 137 140 138 143 140 143 143 146 144 146 146 143 143 146 142 147 145 146 146 148 137 152 143 147 146 144 144 145 141 144 142 143 134 128 106 88 78 79 78 80 78 83 83 86 83 85 85 85 83 84 81 84 81 83 82 84 81 83 81 83 80 83 80 82 81 82 81 82 81 81 80 83 80 81 80 82 80 82 80 81 80 82 81 81 81 83 82 
CCD1=0 0 0 0 0 0 0 0 0 0 0 0 0 0 0 0 0 0 0 0 0 0 0 0 0 0 0 0 0 0 0 0 0 0 0 0 0 0 0 0 0 0 0 0 0 0 0 0 0 0 0 0 0 0 0 0 0 0 0 0 0 0 0 0 0 0 0 0 0 0 0 0 0 0 0 0 0 0 0 0 0 0 0 0 0 0 0 0 0 0 0 0 0 0 0 0 0 0 0 0 0 0 0 0 0 0 0 0 0 0 0 0 0 0 0 0 0 0 0 0 0 0 0 0 0 0 0 0 
[CCD拟图]
CCDLRC0=6 77 40 
CCDLRC1=6 77 40 
CCDLRC2=0 0 0 
[反馈数据]
0=6
1=19
2=12
3=4194
4=2100
5=1750
6=0
7=1
8=0
9=0
10=174
11=686
12=642
[控制固参]
0=0
