[CCD原图]
CCD0=61 73 88 102 133 154 170 164 158 139 132 123 122 117 119 119 120 118 123 120 125 122 114 120 127 125 127 125 129 127 127 125 125 124 125 123 129 127 134 132 130 123 118 105 98 86 82 78 80 78 82 80 83 82 85 83 86 84 86 84 87 83 88 84 86 84 86 85 87 85 87 85 87 84 86 83 85 83 86 84 86 83 85 83 85 82 85 83 84 81 83 81 83 80 82 80 83 80 82 80 82 79 81 79 81 79 81 80 81 79 81 79 81 78 81 78 80 78 80 78 80 78 79 78 79 79 82 80 
CCD1=0 0 0 0 0 0 0 0 0 0 0 0 0 0 0 0 0 0 0 0 0 0 0 0 0 0 0 0 0 0 0 0 0 0 0 0 0 0 0 0 0 0 0 0 0 0 0 0 0 0 0 0 0 0 0 0 0 0 0 0 0 0 0 0 0 0 0 0 0 0 0 0 0 0 0 0 0 0 0 0 0 0 0 0 0 0 0 0 0 0 0 0 0 0 0 0 0 0 0 0 0 0 0 0 0 0 0 0 0 0 0 0 0 0 0 0 0 0 0 0 0 0 0 0 0 0 0 0 
[CCD拟图]
CCDLRC0=6 47 10 
CCDLRC1=6 47 10 
CCDLRC2=0 0 0 
[反馈数据]
0=6
1=19
2=12
3=4194
4=2100
5=1750
6=0
7=1
8=0
9=0
10=216
11=728
12=684
[控制固参]
0=0
