[CCD原图]
CCD0=58 67 75 81 103 116 126 123 126 120 122 119 121 117 120 120 121 122 127 128 134 135 128 138 147 145 151 149 152 148 146 144 143 140 139 136 138 131 135 134 134 131 135 132 136 132 135 136 139 138 140 139 137 136 140 136 140 139 141 142 144 134 147 141 146 150 156 161 161 155 152 146 145 137 136 121 111 97 90 83 85 83 86 84 87 85 86 86 86 84 85 82 85 82 85 83 84 82 84 82 83 81 83 80 81 81 82 80 81 79 81 79 81 78 80 78 80 78 80 78 79 78 80 77 79 79 82 80 
CCD1=0 0 0 0 0 0 0 0 0 0 0 0 0 0 0 0 0 0 0 0 0 0 0 0 0 0 0 0 0 0 0 0 0 0 0 0 0 0 0 0 0 0 0 0 0 0 0 0 0 0 0 0 0 0 0 0 0 0 0 0 0 0 0 0 0 0 0 0 0 0 0 0 0 0 0 0 0 0 0 0 0 0 0 0 0 0 0 0 0 0 0 0 0 0 0 0 0 0 0 0 0 0 0 0 0 0 0 0 0 0 0 0 0 0 0 0 0 0 0 0 0 0 0 0 0 0 0 0 
[CCD拟图]
CCDLRC0=6 74 37 
CCDLRC1=6 74 37 
CCDLRC2=0 0 0 
[反馈数据]
0=6
1=19
2=12
3=4194
4=2100
5=1750
6=0
7=1
8=0
9=0
10=236
11=748
12=704
[控制固参]
0=0
