[CCD原图]
CCD0=54 61 67 66 74 76 81 78 81 78 80 78 81 78 80 79 80 80 84 80 82 80 79 77 76 73 76 76 94 115 125 127 130 130 132 129 132 128 133 132 132 131 134 133 138 136 138 139 143 144 149 156 159 163 171 166 169 163 160 158 158 145 157 147 149 146 145 145 146 143 145 143 147 140 145 142 144 142 144 143 144 137 141 137 139 137 138 139 137 136 134 132 134 131 130 121 108 91 86 83 85 83 84 82 84 82 84 82 83 81 82 80 82 80 81 79 81 79 81 78 80 79 80 78 79 79 82 80 
CCD1=0 0 0 0 0 0 0 0 0 0 0 0 0 0 0 0 0 0 0 0 0 0 0 0 0 0 0 0 0 0 0 0 0 0 0 0 0 0 0 0 0 0 0 0 0 0 0 0 0 0 0 0 0 0 0 0 0 0 0 0 0 0 0 0 0 0 0 0 0 0 0 0 0 0 0 0 0 0 0 0 0 0 0 0 0 0 0 0 0 0 0 0 0 0 0 0 0 0 0 0 0 0 0 0 0 0 0 0 0 0 0 0 0 0 0 0 0 0 0 0 0 0 0 0 0 0 0 0 
[CCD拟图]
CCDLRC0=28 95 61 
CCDLRC1=28 95 61 
CCDLRC2=0 0 0 
[反馈数据]
0=6
1=19
2=12
3=4194
4=2100
5=1750
6=0
7=1
8=0
9=0
10=251
11=763
12=719
[控制固参]
0=0
