[CCD原图]
CCD0=55 62 68 68 76 78 83 81 83 79 82 79 82 80 83 78 80 81 103 130 138 134 124 131 138 135 137 134 137 135 136 135 136 136 138 137 139 134 138 136 136 134 138 137 142 139 143 144 148 147 149 149 147 147 152 148 154 155 157 159 160 149 163 154 159 156 156 157 157 153 155 154 156 149 153 150 153 150 151 151 152 146 151 146 147 144 144 131 97 84 84 82 85 84 86 84 87 83 86 84 85 82 84 82 83 82 83 82 83 81 82 80 83 79 82 79 81 79 81 78 80 78 80 78 80 79 83 81 
CCD1=0 0 0 0 0 0 0 0 0 0 0 0 0 0 0 0 0 0 0 0 0 0 0 0 0 0 0 0 0 0 0 0 0 0 0 0 0 0 0 0 0 0 0 0 0 0 0 0 0 0 0 0 0 0 0 0 0 0 0 0 0 0 0 0 0 0 0 0 0 0 0 0 0 0 0 0 0 0 0 0 0 0 0 0 0 0 0 0 0 0 0 0 0 0 0 0 0 0 0 0 0 0 0 0 0 0 0 0 0 0 0 0 0 0 0 0 0 0 0 0 0 0 0 0 0 0 0 0 
[CCD拟图]
CCDLRC0=18 88 53 
CCDLRC1=18 88 53 
CCDLRC2=0 0 0 
[反馈数据]
0=6
1=19
2=12
3=4194
4=2100
5=1750
6=0
7=1
8=0
9=0
10=24
11=792
12=748
[控制固参]
0=0
