[CCD原图]
CCD0=55 63 69 69 77 79 84 80 81 80 89 119 131 128 131 131 132 132 137 134 138 135 124 131 137 134 136 133 135 132 132 132 134 134 136 136 138 133 139 137 137 135 140 136 140 137 139 140 144 142 144 144 142 142 147 144 149 150 152 153 158 147 161 152 156 154 153 153 154 150 152 151 153 146 151 145 129 91 85 82 87 86 88 86 88 85 87 86 86 84 85 83 86 82 85 83 85 82 84 83 83 81 83 81 81 80 83 82 82 79 82 80 81 79 81 79 81 80 81 79 81 79 81 79 80 80 83 81 
CCD1=0 0 0 0 0 0 0 0 0 0 0 0 0 0 0 0 0 0 0 0 0 0 0 0 0 0 0 0 0 0 0 0 0 0 0 0 0 0 0 0 0 0 0 0 0 0 0 0 0 0 0 0 0 0 0 0 0 0 0 0 0 0 0 0 0 0 0 0 0 0 0 0 0 0 0 0 0 0 0 0 0 0 0 0 0 0 0 0 0 0 0 0 0 0 0 0 0 0 0 0 0 0 0 0 0 0 0 0 0 0 0 0 0 0 0 0 0 0 0 0 0 0 0 0 0 0 0 0 
[CCD拟图]
CCDLRC0=9 77 43 
CCDLRC1=9 77 43 
CCDLRC2=0 0 0 
[反馈数据]
0=6
1=19
2=12
3=4194
4=2100
5=1750
6=0
7=1
8=0
9=0
10=54
11=822
12=778
[控制固参]
0=0
