[CCD原图]
CCD0=54 61 66 67 74 75 80 78 80 77 79 77 79 77 78 78 79 77 80 79 81 79 78 79 82 79 78 73 75 74 74 85 110 124 129 129 133 128 132 133 132 131 134 131 136 132 135 135 137 135 137 137 134 134 137 134 140 138 141 141 144 134 148 140 145 144 145 146 148 147 149 146 149 143 149 145 147 144 143 141 142 136 140 135 138 135 135 136 132 131 130 128 130 127 129 127 128 125 126 121 97 77 78 77 80 80 82 80 81 79 81 79 81 78 81 78 81 79 80 77 79 78 79 77 79 79 81 80 
CCD1=0 0 0 0 0 0 0 0 0 0 0 0 0 0 0 0 0 0 0 0 0 0 0 0 0 0 0 0 0 0 0 0 0 0 0 0 0 0 0 0 0 0 0 0 0 0 0 0 0 0 0 0 0 0 0 0 0 0 0 0 0 0 0 0 0 0 0 0 0 0 0 0 0 0 0 0 0 0 0 0 0 0 0 0 0 0 0 0 0 0 0 0 0 0 0 0 0 0 0 0 0 0 0 0 0 0 0 0 0 0 0 0 0 0 0 0 0 0 0 0 0 0 0 0 0 0 0 0 
[CCD拟图]
CCDLRC0=30 101 65 
CCDLRC1=30 101 65 
CCDLRC2=0 0 0 
[反馈数据]
0=6
1=19
2=12
3=4194
4=2100
5=1750
6=0
7=1
8=0
9=0
10=134
11=134
12=90
[控制固参]
0=0
