[CCD原图]
CCD0=61 71 82 90 112 128 145 146 153 150 153 148 138 125 128 126 124 122 123 124 129 126 117 124 131 129 132 129 133 131 131 130 133 132 135 134 137 133 138 138 138 135 139 137 140 136 140 141 145 143 144 144 142 142 146 140 147 145 147 147 149 140 155 151 160 165 170 177 180 174 171 162 159 148 151 147 149 147 147 147 148 143 147 142 145 142 143 145 144 142 139 137 141 139 143 142 145 139 142 141 141 137 139 137 137 140 140 141 138 138 138 138 139 133 138 133 136 135 136 131 131 130 132 129 128 133 137 137 
CCD1=0 0 0 0 0 0 0 0 0 0 0 0 0 0 0 0 0 0 0 0 0 0 0 0 0 0 0 0 0 0 0 0 0 0 0 0 0 0 0 0 0 0 0 0 0 0 0 0 0 0 0 0 0 0 0 0 0 0 0 0 0 0 0 0 0 0 0 0 0 0 0 0 0 0 0 0 0 0 0 0 0 0 0 0 0 0 0 0 0 0 0 0 0 0 0 0 0 0 0 0 0 0 0 0 0 0 0 0 0 0 0 0 0 0 0 0 0 0 0 0 0 0 0 0 0 0 0 0 
[CCD拟图]
CCDLRC0=6 122 64 
CCDLRC1=6 122 64 
CCDLRC2=0 0 0 
[反馈数据]
0=6
1=19
2=12
3=4194
4=2100
5=1750
6=0
7=1
8=0
9=0
10=136
11=904
12=860
[控制固参]
0=0
