[CCD原图]
CCD0=55 63 68 69 77 80 85 82 84 80 79 73 75 71 75 96 119 124 127 124 128 123 115 122 129 127 130 127 131 129 130 129 131 131 133 131 135 132 135 135 135 133 137 135 140 136 137 139 141 139 141 141 138 138 142 136 142 141 141 143 145 135 148 140 146 146 148 151 153 151 156 155 162 159 165 161 163 158 156 151 148 134 121 91 80 74 76 78 83 82 83 81 83 80 82 80 82 79 81 79 80 77 80 77 79 77 79 78 78 77 78 76 78 75 78 74 77 75 77 75 76 75 76 75 76 75 77 75 
CCD1=0 0 0 0 0 0 0 0 0 0 0 0 0 0 0 0 0 0 0 0 0 0 0 0 0 0 0 0 0 0 0 0 0 0 0 0 0 0 0 0 0 0 0 0 0 0 0 0 0 0 0 0 0 0 0 0 0 0 0 0 0 0 0 0 0 0 0 0 0 0 0 0 0 0 0 0 0 0 0 0 0 0 0 0 0 0 0 0 0 0 0 0 0 0 0 0 0 0 0 0 0 0 0 0 0 0 0 0 0 0 0 0 0 0 0 0 0 0 0 0 0 0 0 0 0 0 0 0 
[CCD拟图]
CCDLRC0=14 83 48 
CCDLRC1=14 83 48 
CCDLRC2=0 0 0 
[反馈数据]
0=6
1=19
2=12
3=4194
4=2100
5=1750
6=0
7=1
8=0
9=0
10=164
11=932
12=888
[控制固参]
0=0
