[CCD原图]
CCD0=54 61 67 67 74 76 81 79 81 78 81 78 81 78 81 80 81 80 83 80 84 81 80 78 80 78 81 95 123 128 129 129 131 131 132 131 135 130 135 135 134 132 135 132 138 134 136 136 138 136 137 137 136 135 139 135 139 138 139 140 143 134 147 139 143 140 140 140 141 137 140 139 142 136 140 137 140 138 140 139 142 137 143 142 143 142 143 146 142 140 136 131 132 127 129 127 125 105 82 75 76 74 78 76 78 76 78 76 78 75 78 75 76 74 76 74 77 74 76 74 75 73 75 73 75 74 76 74 
CCD1=0 0 0 0 0 0 0 0 0 0 0 0 0 0 0 0 0 0 0 0 0 0 0 0 0 0 0 0 0 0 0 0 0 0 0 0 0 0 0 0 0 0 0 0 0 0 0 0 0 0 0 0 0 0 0 0 0 0 0 0 0 0 0 0 0 0 0 0 0 0 0 0 0 0 0 0 0 0 0 0 0 0 0 0 0 0 0 0 0 0 0 0 0 0 0 0 0 0 0 0 0 0 0 0 0 0 0 0 0 0 0 0 0 0 0 0 0 0 0 0 0 0 0 0 0 0 0 0 
[CCD拟图]
CCDLRC0=25 98 61 
CCDLRC1=25 98 61 
CCDLRC2=0 0 0 
[反馈数据]
0=6
1=19
2=12
3=4194
4=2100
5=1750
6=0
7=1
8=0
9=0
10=181
11=949
12=905
[控制固参]
0=0
