[CCD原图]
CCD0=58 69 80 88 111 122 130 115 100 80 74 70 72 70 73 72 75 74 77 75 77 75 74 75 78 76 78 76 79 77 78 78 79 78 80 79 81 78 82 79 81 78 80 78 81 79 81 79 80 78 79 77 79 77 79 76 79 78 80 78 81 77 81 78 80 77 79 77 78 76 79 76 78 75 77 74 76 75 76 74 76 74 76 74 75 73 75 73 75 73 73 72 74 71 73 71 73 71 73 71 72 70 72 71 72 71 72 71 72 70 72 70 72 69 72 70 71 69 71 68 70 67 69 67 69 68 70 68 
CCD1=0 0 0 0 0 0 0 0 0 0 0 0 0 0 0 0 0 0 0 0 0 0 0 0 0 0 0 0 0 0 0 0 0 0 0 0 0 0 0 0 0 0 0 0 0 0 0 0 0 0 0 0 0 0 0 0 0 0 0 0 0 0 0 0 0 0 0 0 0 0 0 0 0 0 0 0 0 0 0 0 0 0 0 0 0 0 0 0 0 0 0 0 0 0 0 0 0 0 0 0 0 0 0 0 0 0 0 0 0 0 0 0 0 0 0 0 0 0 0 0 0 0 0 0 0 0 0 0 
[CCD拟图]
CCDLRC0=6 12 6 
CCDLRC1=6 12 6 
CCDLRC2=0 0 0 
[反馈数据]
0=6
1=19
2=12
3=4194
4=2100
5=1750
6=0
7=1
8=0
9=0
10=226
11=994
12=950
[控制固参]
0=0
