[CCD原图]
CCD0=55 63 68 68 74 73 76 76 89 96 110 115 122 119 122 122 123 123 127 124 129 125 116 124 131 129 132 130 134 132 134 135 137 138 140 139 143 136 141 140 139 137 140 136 141 137 139 138 142 140 141 141 139 138 142 139 144 143 145 146 148 139 153 147 151 150 149 146 138 125 118 104 95 82 82 79 83 82 84 84 86 83 86 83 84 81 84 81 82 79 80 78 80 79 81 80 82 79 82 81 82 80 83 81 82 81 82 81 82 80 81 78 80 77 79 77 79 77 79 76 77 76 76 74 76 74 76 74 
CCD1=0 0 0 0 0 0 0 0 0 0 0 0 0 0 0 0 0 0 0 0 0 0 0 0 0 0 0 0 0 0 0 0 0 0 0 0 0 0 0 0 0 0 0 0 0 0 0 0 0 0 0 0 0 0 0 0 0 0 0 0 0 0 0 0 0 0 0 0 0 0 0 0 0 0 0 0 0 0 0 0 0 0 0 0 0 0 0 0 0 0 0 0 0 0 0 0 0 0 0 0 0 0 0 0 0 0 0 0 0 0 0 0 0 0 0 0 0 0 0 0 0 0 0 0 0 0 0 0 
[CCD拟图]
CCDLRC0=6 66 26 
CCDLRC1=6 66 26 
CCDLRC2=0 0 0 
[反馈数据]
0=6
1=19
2=12
3=4194
4=2100
5=1750
6=0
7=1
8=0
9=0
10=242
11=1010
12=966
[控制固参]
0=0
