[CCD原图]
CCD0=54 61 67 68 75 77 82 79 83 79 82 79 82 79 82 80 82 81 83 81 84 81 80 81 84 81 84 82 84 82 83 83 84 83 85 84 86 83 87 85 87 85 88 87 90 87 90 89 91 89 91 90 90 88 89 83 83 79 81 80 84 84 96 107 130 141 145 147 148 147 150 149 152 148 153 150 154 151 153 150 152 145 148 144 145 142 142 144 141 140 139 136 138 135 137 137 139 134 138 137 137 134 136 134 134 136 138 139 137 137 137 138 139 131 135 129 131 128 128 123 124 123 125 121 120 124 129 128 
CCD1=0 0 0 0 0 0 0 0 0 0 0 0 0 0 0 0 0 0 0 0 0 0 0 0 0 0 0 0 0 0 0 0 0 0 0 0 0 0 0 0 0 0 0 0 0 0 0 0 0 0 0 0 0 0 0 0 0 0 0 0 0 0 0 0 0 0 0 0 0 0 0 0 0 0 0 0 0 0 0 0 0 0 0 0 0 0 0 0 0 0 0 0 0 0 0 0 0 0 0 0 0 0 0 0 0 0 0 0 0 0 0 0 0 0 0 0 0 0 0 0 0 0 0 0 0 0 0 0 
[CCD拟图]
CCDLRC0=58 122 100 
CCDLRC1=58 122 100 
CCDLRC2=0 0 0 
[反馈数据]
0=6
1=19
2=12
3=4194
4=2100
5=1750
6=0
7=1
8=0
9=0
10=0
11=1024
12=980
[控制固参]
0=0
