[CCD原图]
CCD0=55 62 68 68 76 76 79 75 78 78 81 80 81 76 75 71 78 88 106 119 130 129 119 127 133 130 134 131 134 130 131 129 131 130 132 131 134 129 133 133 133 131 135 133 137 134 136 138 141 139 141 141 139 139 143 139 144 142 145 146 150 140 155 150 154 154 152 153 152 147 148 144 145 139 144 142 145 142 145 144 146 140 143 139 139 136 136 136 129 123 119 106 97 83 81 79 82 79 82 80 81 79 81 78 79 78 81 79 79 78 79 77 79 76 79 77 79 78 80 78 80 78 79 77 78 78 80 78 
CCD1=0 0 0 0 0 0 0 0 0 0 0 0 0 0 0 0 0 0 0 0 0 0 0 0 0 0 0 0 0 0 0 0 0 0 0 0 0 0 0 0 0 0 0 0 0 0 0 0 0 0 0 0 0 0 0 0 0 0 0 0 0 0 0 0 0 0 0 0 0 0 0 0 0 0 0 0 0 0 0 0 0 0 0 0 0 0 0 0 0 0 0 0 0 0 0 0 0 0 0 0 0 0 0 0 0 0 0 0 0 0 0 0 0 0 0 0 0 0 0 0 0 0 0 0 0 0 0 0 
[CCD拟图]
CCDLRC0=20 103 61 
CCDLRC1=20 103 61 
CCDLRC2=0 0 0 
[反馈数据]
0=6
1=19
2=12
3=4194
4=2100
5=1750
6=0
7=1
8=0
9=0
10=40
11=1064
12=1020
[控制固参]
0=0
