[CCD原图]
CCD0=55 63 68 69 76 73 76 75 88 107 121 123 125 121 124 125 125 125 129 126 131 128 118 125 131 128 130 128 132 129 129 129 130 130 132 131 133 128 134 134 133 132 136 133 138 135 137 138 142 140 142 142 141 141 146 142 148 148 151 153 155 144 157 146 149 148 148 148 148 144 145 143 146 140 144 141 143 140 141 136 129 108 94 80 78 75 78 77 80 80 82 79 82 79 81 79 81 79 81 79 80 78 80 78 79 78 81 78 79 77 79 77 79 77 79 76 79 76 78 75 76 73 74 71 73 72 75 73 
CCD1=0 0 0 0 0 0 0 0 0 0 0 0 0 0 0 0 0 0 0 0 0 0 0 0 0 0 0 0 0 0 0 0 0 0 0 0 0 0 0 0 0 0 0 0 0 0 0 0 0 0 0 0 0 0 0 0 0 0 0 0 0 0 0 0 0 0 0 0 0 0 0 0 0 0 0 0 0 0 0 0 0 0 0 0 0 0 0 0 0 0 0 0 0 0 0 0 0 0 0 0 0 0 0 0 0 0 0 0 0 0 0 0 0 0 0 0 0 0 0 0 0 0 0 0 0 0 0 0 
[CCD拟图]
CCDLRC0=9 85 47 
CCDLRC1=9 85 47 
CCDLRC2=0 0 0 
[反馈数据]
0=6
1=19
2=12
3=4194
4=2100
5=1750
6=0
7=1
8=0
9=0
10=45
11=1069
12=1025
[控制固参]
0=0
