[CCD原图]
CCD0=59 70 79 85 103 114 126 123 126 120 123 120 123 118 121 121 122 122 126 124 130 126 117 124 131 129 132 129 132 130 131 129 130 130 133 131 135 129 133 133 133 131 134 132 137 133 136 136 139 137 138 138 136 135 139 135 140 139 140 140 143 134 146 140 145 146 146 150 153 155 161 163 166 160 165 159 158 150 149 144 144 139 142 138 139 136 137 139 136 136 134 132 134 130 133 133 133 129 130 129 127 119 121 116 113 111 109 106 103 99 96 89 88 87 102 102 104 99 96 89 86 81 82 79 80 79 82 80 
CCD1=0 0 0 0 0 0 0 0 0 0 0 0 0 0 0 0 0 0 0 0 0 0 0 0 0 0 0 0 0 0 0 0 0 0 0 0 0 0 0 0 0 0 0 0 0 0 0 0 0 0 0 0 0 0 0 0 0 0 0 0 0 0 0 0 0 0 0 0 0 0 0 0 0 0 0 0 0 0 0 0 0 0 0 0 0 0 0 0 0 0 0 0 0 0 0 0 0 0 0 0 0 0 0 0 0 0 0 0 0 0 0 0 0 0 0 0 0 0 0 0 0 0 0 0 0 0 0 0 
[CCD拟图]
CCDLRC0=6 101 53 
CCDLRC1=6 101 53 
CCDLRC2=0 0 0 
[反馈数据]
0=6
1=19
2=12
3=4194
4=2100
5=1750
6=0
7=1
8=0
9=0
10=166
11=1190
12=1146
[控制固参]
0=0
