[CCD原图]
CCD0=59 69 80 87 106 117 128 124 126 120 121 118 119 116 119 118 119 118 122 119 123 120 112 119 125 124 127 125 129 126 128 128 130 129 131 130 133 129 133 132 132 129 133 130 135 131 134 135 138 137 137 137 134 133 137 132 136 135 136 137 138 123 111 84 81 79 83 84 87 85 87 85 88 84 87 85 87 85 87 84 87 84 87 84 86 83 85 85 85 84 85 82 85 82 84 82 84 81 83 82 84 80 83 81 82 81 83 81 82 80 82 80 82 80 83 80 82 81 82 81 82 81 83 80 81 81 84 83 
CCD1=0 0 0 0 0 0 0 0 0 0 0 0 0 0 0 0 0 0 0 0 0 0 0 0 0 0 0 0 0 0 0 0 0 0 0 0 0 0 0 0 0 0 0 0 0 0 0 0 0 0 0 0 0 0 0 0 0 0 0 0 0 0 0 0 0 0 0 0 0 0 0 0 0 0 0 0 0 0 0 0 0 0 0 0 0 0 0 0 0 0 0 0 0 0 0 0 0 0 0 0 0 0 0 0 0 0 0 0 0 0 0 0 0 0 0 0 0 0 0 0 0 0 0 0 0 0 0 0 
[CCD拟图]
CCDLRC0=6 61 26 
CCDLRC1=6 61 26 
CCDLRC2=0 0 0 
[反馈数据]
0=6
1=19
2=12
3=4194
4=2100
5=1750
6=0
7=1
8=0
9=0
10=197
11=1221
12=1177
[控制固参]
0=0
