[CCD原图]
CCD0=54 61 66 66 73 74 79 76 79 76 78 76 78 76 78 76 78 76 79 77 80 77 77 77 81 78 81 79 81 79 81 80 81 80 83 80 83 80 84 82 83 80 81 77 79 76 78 76 80 84 99 113 123 129 135 133 138 138 140 140 143 134 147 140 145 144 144 144 146 143 145 144 147 140 145 142 144 142 143 142 144 138 142 138 140 137 137 140 137 137 135 132 134 131 133 133 134 130 133 132 131 127 130 127 127 127 129 130 127 126 126 125 127 121 126 122 125 125 128 124 125 125 129 127 124 130 134 134 
CCD1=0 0 0 0 0 0 0 0 0 0 0 0 0 0 0 0 0 0 0 0 0 0 0 0 0 0 0 0 0 0 0 0 0 0 0 0 0 0 0 0 0 0 0 0 0 0 0 0 0 0 0 0 0 0 0 0 0 0 0 0 0 0 0 0 0 0 0 0 0 0 0 0 0 0 0 0 0 0 0 0 0 0 0 0 0 0 0 0 0 0 0 0 0 0 0 0 0 0 0 0 0 0 0 0 0 0 0 0 0 0 0 0 0 0 0 0 0 0 0 0 0 0 0 0 0 0 0 0 
[CCD拟图]
CCDLRC0=45 122 86 
CCDLRC1=45 122 86 
CCDLRC2=0 0 0 
[反馈数据]
0=6
1=19
2=12
3=4194
4=2100
5=1750
6=0
7=1
8=0
9=0
10=219
11=1243
12=1199
[控制固参]
0=0
