[CCD原图]
CCD0=53 60 65 65 72 72 77 74 77 74 76 73 75 72 75 74 75 74 76 74 77 74 74 74 77 75 77 75 78 75 77 76 78 76 79 76 80 76 79 78 80 78 80 78 81 79 81 80 82 80 82 81 82 80 83 80 83 81 84 83 85 80 85 82 85 83 85 84 86 84 86 84 86 83 86 83 86 83 85 83 84 80 82 78 80 78 81 80 82 79 80 76 78 76 80 81 84 83 90 94 102 105 113 116 119 123 126 128 126 125 126 125 128 123 128 124 128 128 130 126 128 127 129 126 123 129 134 133 
CCD1=0 0 0 0 0 0 0 0 0 0 0 0 0 0 0 0 0 0 0 0 0 0 0 0 0 0 0 0 0 0 0 0 0 0 0 0 0 0 0 0 0 0 0 0 0 0 0 0 0 0 0 0 0 0 0 0 0 0 0 0 0 0 0 0 0 0 0 0 0 0 0 0 0 0 0 0 0 0 0 0 0 0 0 0 0 0 0 0 0 0 0 0 0 0 0 0 0 0 0 0 0 0 0 0 0 0 0 0 0 0 0 0 0 0 0 0 0 0 0 0 0 0 0 0 0 0 0 0 
[CCD拟图]
CCDLRC0=89 122 122 
CCDLRC1=89 122 122 
CCDLRC2=0 0 0 
[反馈数据]
0=6
1=19
2=12
3=4194
4=2100
5=1750
6=0
7=1
8=0
9=0
10=247
11=1271
12=1227
[控制固参]
0=0
