[CCD原图]
CCD0=57 68 79 85 97 84 78 74 78 77 79 77 78 76 78 76 78 77 80 78 81 77 77 78 82 79 82 80 82 80 81 80 82 80 81 76 77 76 100 125 130 129 132 130 135 132 134 135 137 137 138 138 135 135 138 134 138 137 139 141 143 134 147 140 145 143 144 145 146 144 148 146 150 144 148 145 146 144 144 142 144 137 142 138 138 136 135 138 136 135 134 130 133 130 132 132 133 128 130 129 128 123 125 119 109 84 78 75 76 75 78 79 81 78 80 79 81 79 81 78 80 79 81 78 80 79 82 81 
CCD1=0 0 0 0 0 0 0 0 0 0 0 0 0 0 0 0 0 0 0 0 0 0 0 0 0 0 0 0 0 0 0 0 0 0 0 0 0 0 0 0 0 0 0 0 0 0 0 0 0 0 0 0 0 0 0 0 0 0 0 0 0 0 0 0 0 0 0 0 0 0 0 0 0 0 0 0 0 0 0 0 0 0 0 0 0 0 0 0 0 0 0 0 0 0 0 0 0 0 0 0 0 0 0 0 0 0 0 0 0 0 0 0 0 0 0 0 0 0 0 0 0 0 0 0 0 0 0 0 
[CCD拟图]
CCDLRC0=37 105 71 
CCDLRC1=37 105 71 
CCDLRC2=0 0 0 
[反馈数据]
0=6
1=19
2=12
3=4194
4=2100
5=1750
6=0
7=1
8=0
9=0
10=172
11=172
12=128
[控制固参]
0=0
