[CCD原图]
CCD0=58 68 79 85 104 114 108 78 75 73 77 76 78 75 78 76 78 76 79 77 80 78 77 77 80 78 81 79 82 80 81 79 81 79 79 76 77 75 77 92 118 125 131 130 135 132 134 135 138 137 138 138 135 135 139 133 137 136 138 139 141 134 147 139 144 143 142 144 145 143 147 147 149 144 148 145 147 146 147 143 144 138 141 137 138 135 135 138 135 134 133 131 133 130 132 131 133 128 131 129 128 124 127 124 124 124 123 100 81 76 78 78 82 78 81 78 81 79 81 79 80 78 81 78 79 79 82 80 
CCD1=0 0 0 0 0 0 0 0 0 0 0 0 0 0 0 0 0 0 0 0 0 0 0 0 0 0 0 0 0 0 0 0 0 0 0 0 0 0 0 0 0 0 0 0 0 0 0 0 0 0 0 0 0 0 0 0 0 0 0 0 0 0 0 0 0 0 0 0 0 0 0 0 0 0 0 0 0 0 0 0 0 0 0 0 0 0 0 0 0 0 0 0 0 0 0 0 0 0 0 0 0 0 0 0 0 0 0 0 0 0 0 0 0 0 0 0 0 0 0 0 0 0 0 0 0 0 0 0 
[CCD拟图]
CCDLRC0=38 108 73 
CCDLRC1=38 108 73 
CCDLRC2=0 0 0 
[反馈数据]
0=6
1=19
2=12
3=4194
4=2100
5=1750
6=0
7=1
8=0
9=0
10=185
11=185
12=141
[控制固参]
0=0
