[CCD原图]
CCD0=54 61 66 66 73 74 78 76 78 76 78 75 78 75 78 75 77 76 79 77 81 78 76 77 81 78 81 77 76 75 78 100 124 129 132 131 134 129 134 134 133 131 133 132 137 133 135 137 140 138 139 139 137 137 142 137 142 141 142 143 145 137 151 144 149 148 148 149 151 150 154 154 156 148 152 147 147 143 144 142 143 138 142 139 141 139 139 142 139 138 137 135 137 134 135 134 133 125 115 94 82 74 75 75 80 80 83 82 83 80 82 79 81 79 82 79 81 79 81 79 80 79 81 78 80 80 82 81 
CCD1=0 0 0 0 0 0 0 0 0 0 0 0 0 0 0 0 0 0 0 0 0 0 0 0 0 0 0 0 0 0 0 0 0 0 0 0 0 0 0 0 0 0 0 0 0 0 0 0 0 0 0 0 0 0 0 0 0 0 0 0 0 0 0 0 0 0 0 0 0 0 0 0 0 0 0 0 0 0 0 0 0 0 0 0 0 0 0 0 0 0 0 0 0 0 0 0 0 0 0 0 0 0 0 0 0 0 0 0 0 0 0 0 0 0 0 0 0 0 0 0 0 0 0 0 0 0 0 0 
[CCD拟图]
CCDLRC0=32 103 67 
CCDLRC1=32 103 67 
CCDLRC2=0 0 0 
[反馈数据]
0=6
1=19
2=12
3=4194
4=2100
5=1750
6=0
7=1
8=0
9=0
10=137
11=1417
12=1373
[控制固参]
0=0
