[CCD原图]
CCD0=58 68 79 86 104 114 99 74 75 72 78 77 78 75 78 76 77 77 79 77 80 77 76 78 81 78 80 79 81 80 80 80 81 80 81 78 78 75 80 103 127 128 132 130 135 132 134 134 138 135 137 137 135 134 138 134 139 137 139 139 141 133 146 139 144 142 141 143 145 143 146 146 148 141 146 144 146 145 146 144 145 138 141 138 139 136 136 138 136 135 133 130 133 130 131 130 132 128 130 129 128 124 126 124 124 125 124 116 89 77 78 77 81 79 81 79 81 79 81 79 80 78 81 78 79 79 82 80 
CCD1=0 0 0 0 0 0 0 0 0 0 0 0 0 0 0 0 0 0 0 0 0 0 0 0 0 0 0 0 0 0 0 0 0 0 0 0 0 0 0 0 0 0 0 0 0 0 0 0 0 0 0 0 0 0 0 0 0 0 0 0 0 0 0 0 0 0 0 0 0 0 0 0 0 0 0 0 0 0 0 0 0 0 0 0 0 0 0 0 0 0 0 0 0 0 0 0 0 0 0 0 0 0 0 0 0 0 0 0 0 0 0 0 0 0 0 0 0 0 0 0 0 0 0 0 0 0 0 0 
[CCD拟图]
CCDLRC0=38 108 73 
CCDLRC1=38 108 73 
CCDLRC2=0 0 0 
[反馈数据]
0=6
1=19
2=12
3=4194
4=2100
5=1750
6=0
7=1
8=0
9=0
10=187
11=187
12=143
[控制固参]
0=0
