[CCD原图]
CCD0=54 61 67 67 73 74 78 76 78 76 79 76 78 75 78 76 78 75 75 73 80 103 110 118 125 123 126 124 128 125 126 126 128 128 131 130 133 127 132 130 129 127 131 129 134 130 134 133 138 136 138 139 136 138 142 138 143 144 147 147 149 140 154 146 150 146 144 145 145 141 144 143 145 138 143 141 143 140 142 141 143 138 142 138 138 134 130 117 88 76 77 75 80 80 84 83 85 83 85 83 84 81 84 81 82 81 83 82 82 80 82 80 82 79 82 79 82 79 81 78 80 79 81 79 80 80 82 80 
CCD1=0 0 0 0 0 0 0 0 0 0 0 0 0 0 0 0 0 0 0 0 0 0 0 0 0 0 0 0 0 0 0 0 0 0 0 0 0 0 0 0 0 0 0 0 0 0 0 0 0 0 0 0 0 0 0 0 0 0 0 0 0 0 0 0 0 0 0 0 0 0 0 0 0 0 0 0 0 0 0 0 0 0 0 0 0 0 0 0 0 0 0 0 0 0 0 0 0 0 0 0 0 0 0 0 0 0 0 0 0 0 0 0 0 0 0 0 0 0 0 0 0 0 0 0 0 0 0 0 
[CCD拟图]
CCDLRC0=21 89 55 
CCDLRC1=21 89 55 
CCDLRC2=0 0 0 
[反馈数据]
0=6
1=19
2=12
3=4194
4=2100
5=1750
6=0
7=1
8=0
9=0
10=162
11=1442
12=1398
[控制固参]
0=0
