[CCD原图]
CCD0=54 61 66 67 72 71 74 72 75 72 73 70 73 73 87 106 113 113 118 116 120 117 109 116 122 120 123 122 125 123 124 123 125 125 128 127 130 125 131 130 130 129 132 130 135 131 133 134 138 136 137 138 135 135 140 136 143 143 145 146 149 138 152 142 147 144 143 144 143 140 142 140 142 136 140 137 140 137 139 137 139 134 137 133 123 93 83 80 81 81 85 83 85 82 85 83 85 81 84 83 83 81 83 81 82 81 82 81 82 80 81 79 82 78 80 77 80 79 81 78 79 78 79 78 79 80 81 80 
CCD1=0 0 0 0 0 0 0 0 0 0 0 0 0 0 0 0 0 0 0 0 0 0 0 0 0 0 0 0 0 0 0 0 0 0 0 0 0 0 0 0 0 0 0 0 0 0 0 0 0 0 0 0 0 0 0 0 0 0 0 0 0 0 0 0 0 0 0 0 0 0 0 0 0 0 0 0 0 0 0 0 0 0 0 0 0 0 0 0 0 0 0 0 0 0 0 0 0 0 0 0 0 0 0 0 0 0 0 0 0 0 0 0 0 0 0 0 0 0 0 0 0 0 0 0 0 0 0 0 
[CCD拟图]
CCDLRC0=15 87 51 
CCDLRC1=15 87 51 
CCDLRC2=0 0 0 
[反馈数据]
0=6
1=19
2=12
3=4194
4=2100
5=1750
6=0
7=1
8=0
9=0
10=173
11=1453
12=1409
[控制固参]
0=0
