[CCD原图]
CCD0=57 66 76 82 101 113 124 121 123 118 120 116 117 113 115 115 115 114 118 115 118 115 107 113 119 117 119 118 121 118 120 118 119 119 120 117 119 111 110 102 94 85 81 75 75 71 74 72 75 73 76 74 76 76 81 80 83 81 83 82 84 80 84 81 83 82 83 81 83 80 83 80 83 80 83 81 83 81 84 83 85 82 85 83 85 83 85 85 86 84 85 83 85 81 83 82 82 80 80 79 81 78 79 78 79 77 79 77 78 76 78 75 79 76 78 76 78 76 79 76 78 77 79 77 79 79 81 80 
CCD1=0 0 0 0 0 0 0 0 0 0 0 0 0 0 0 0 0 0 0 0 0 0 0 0 0 0 0 0 0 0 0 0 0 0 0 0 0 0 0 0 0 0 0 0 0 0 0 0 0 0 0 0 0 0 0 0 0 0 0 0 0 0 0 0 0 0 0 0 0 0 0 0 0 0 0 0 0 0 0 0 0 0 0 0 0 0 0 0 0 0 0 0 0 0 0 0 0 0 0 0 0 0 0 0 0 0 0 0 0 0 0 0 0 0 0 0 0 0 0 0 0 0 0 0 0 0 0 0 
[CCD拟图]
CCDLRC0=6 45 7 
CCDLRC1=6 45 7 
CCDLRC2=0 0 0 
[反馈数据]
0=6
1=19
2=12
3=4194
4=2100
5=1750
6=0
7=1
8=0
9=0
10=209
11=1489
12=1445
[控制固参]
0=0
