[CCD原图]
CCD0=57 66 76 81 97 107 117 116 121 116 119 116 118 114 116 116 116 115 120 116 120 116 108 114 120 118 120 118 120 118 118 117 118 116 118 115 115 108 107 99 93 84 80 73 74 72 74 72 75 73 76 73 76 76 79 78 82 81 83 82 84 80 84 82 83 81 83 82 83 81 84 81 83 79 82 81 83 81 83 81 84 81 84 81 84 82 84 84 85 83 84 83 85 82 85 83 84 82 83 81 82 78 81 78 79 78 79 78 79 77 78 76 78 76 78 76 79 76 78 76 78 76 79 77 78 78 81 79 
CCD1=0 0 0 0 0 0 0 0 0 0 0 0 0 0 0 0 0 0 0 0 0 0 0 0 0 0 0 0 0 0 0 0 0 0 0 0 0 0 0 0 0 0 0 0 0 0 0 0 0 0 0 0 0 0 0 0 0 0 0 0 0 0 0 0 0 0 0 0 0 0 0 0 0 0 0 0 0 0 0 0 0 0 0 0 0 0 0 0 0 0 0 0 0 0 0 0 0 0 0 0 0 0 0 0 0 0 0 0 0 0 0 0 0 0 0 0 0 0 0 0 0 0 0 0 0 0 0 0 
[CCD拟图]
CCDLRC0=6 43 6 
CCDLRC1=6 43 6 
CCDLRC2=0 0 0 
[反馈数据]
0=6
1=19
2=12
3=4194
4=2100
5=1750
6=0
7=1
8=0
9=0
10=211
11=1491
12=1447
[控制固参]
0=0
