[CCD原图]
CCD0=53 59 64 63 68 67 71 68 72 69 70 68 70 68 70 68 70 68 70 69 71 68 69 68 70 68 69 67 69 67 70 68 70 70 75 74 77 74 77 76 77 76 77 76 79 76 79 76 78 77 79 77 78 77 80 76 80 78 80 78 81 76 80 78 79 78 79 78 79 77 80 77 79 75 78 76 78 76 78 76 78 75 77 75 77 75 77 75 77 75 76 74 76 74 77 75 76 74 77 75 77 74 76 74 76 74 76 74 76 74 75 73 74 72 74 72 74 72 74 72 74 72 73 71 73 72 74 73 
CCD1=0 0 0 0 0 0 0 0 0 0 0 0 0 0 0 0 0 0 0 0 0 0 0 0 0 0 0 0 0 0 0 0 0 0 0 0 0 0 0 0 0 0 0 0 0 0 0 0 0 0 0 0 0 0 0 0 0 0 0 0 0 0 0 0 0 0 0 0 0 0 0 0 0 0 0 0 0 0 0 0 0 0 0 0 0 0 0 0 0 0 0 0 0 0 0 0 0 0 0 0 0 0 0 0 0 0 0 0 0 0 0 0 0 0 0 0 0 0 0 0 0 0 0 0 0 0 0 0 
[CCD拟图]
CCDLRC0=6 122 6 
CCDLRC1=6 122 6 
CCDLRC2=0 0 0 
[反馈数据]
0=6
1=19
2=12
3=4194
4=2100
5=1750
6=0
7=1
8=0
9=0
10=249
11=1529
12=1485
[控制固参]
0=0
