[CCD原图]
CCD0=55 61 66 65 74 85 107 115 122 115 117 113 114 110 111 111 112 112 116 114 117 114 107 113 118 117 120 118 121 118 119 119 120 121 123 122 126 120 126 125 125 124 127 124 130 127 130 131 135 133 136 137 135 136 140 135 140 138 138 137 138 128 140 132 134 132 129 129 129 126 126 116 107 90 82 76 79 78 80 78 80 76 78 76 79 77 78 76 78 76 77 74 77 74 76 74 76 73 75 72 74 72 74 71 73 71 72 71 72 70 72 70 72 69 72 69 71 69 71 69 71 69 70 68 70 69 71 69 
CCD1=0 0 0 0 0 0 0 0 0 0 0 0 0 0 0 0 0 0 0 0 0 0 0 0 0 0 0 0 0 0 0 0 0 0 0 0 0 0 0 0 0 0 0 0 0 0 0 0 0 0 0 0 0 0 0 0 0 0 0 0 0 0 0 0 0 0 0 0 0 0 0 0 0 0 0 0 0 0 0 0 0 0 0 0 0 0 0 0 0 0 0 0 0 0 0 0 0 0 0 0 0 0 0 0 0 0 0 0 0 0 0 0 0 0 0 0 0 0 0 0 0 0 0 0 0 0 0 0 
[CCD拟图]
CCDLRC0=6 69 31 
CCDLRC1=6 69 31 
CCDLRC2=0 0 0 
[反馈数据]
0=6
1=19
2=12
3=4194
4=2100
5=1750
6=0
7=1
8=0
9=0
10=49
11=1585
12=1541
[控制固参]
0=0
