[CCD原图]
CCD0=51 59 64 64 69 69 73 70 73 70 72 69 72 69 72 70 72 70 73 71 73 70 71 70 74 72 74 72 74 73 74 73 75 73 76 74 77 74 76 75 77 75 77 75 79 76 78 77 79 77 80 78 79 77 81 77 80 79 81 80 82 78 82 79 81 79 81 80 82 79 82 81 82 79 82 80 82 80 83 80 83 80 82 80 82 79 81 79 79 76 77 73 76 73 75 74 78 80 89 97 106 108 116 116 119 120 122 122 120 119 119 118 119 114 119 115 118 117 119 116 119 120 125 126 127 138 147 147 
CCD1=0 0 0 0 0 0 0 0 0 0 0 0 0 0 0 0 0 0 0 0 0 0 0 0 0 0 0 0 0 0 0 0 0 0 0 0 0 0 0 0 0 0 0 0 0 0 0 0 0 0 0 0 0 0 0 0 0 0 0 0 0 0 0 0 0 0 0 0 0 0 0 0 0 0 0 0 0 0 0 0 0 0 0 0 0 0 0 0 0 0 0 0 0 0 0 0 0 0 0 0 0 0 0 0 0 0 0 0 0 0 0 0 0 0 0 0 0 0 0 0 0 0 0 0 0 0 0 0 
[CCD拟图]
CCDLRC0=102 122 122 
CCDLRC1=102 122 122 
CCDLRC2=0 0 0 
[反馈数据]
0=6
1=122
2=40
3=4738
4=2100
5=1850
6=36
7=1
8=0
9=0
10=166
11=1553
12=1550
[控制固参]
0=0
