[CCD原图]
CCD0=54 60 66 65 70 71 75 72 75 72 75 73 76 73 75 74 76 75 79 77 79 77 77 77 80 76 77 74 74 73 80 93 113 130 143 147 153 147 151 146 140 133 132 128 132 126 129 130 132 131 132 132 130 130 135 131 136 135 137 137 141 131 143 136 141 139 139 140 141 138 141 140 146 144 155 157 164 164 163 160 159 151 151 143 140 135 135 136 133 132 132 129 130 127 129 127 122 107 100 87 81 76 79 78 81 81 83 82 82 80 82 80 83 79 82 78 81 79 81 79 81 79 81 79 81 80 83 81 
CCD1=0 0 0 0 0 0 0 0 0 0 0 0 0 0 0 0 0 0 0 0 0 0 0 0 0 0 0 0 0 0 0 0 0 0 0 0 0 0 0 0 0 0 0 0 0 0 0 0 0 0 0 0 0 0 0 0 0 0 0 0 0 0 0 0 0 0 0 0 0 0 0 0 0 0 0 0 0 0 0 0 0 0 0 0 0 0 0 0 0 0 0 0 0 0 0 0 0 0 0 0 0 0 0 0 0 0 0 0 0 0 0 0 0 0 0 0 0 0 0 0 0 0 0 0 0 0 0 0 
[CCD拟图]
CCDLRC0=36 103 69 
CCDLRC1=36 103 69 
CCDLRC2=0 0 0 
[反馈数据]
0=6
1=122
2=40
3=4738
4=2100
5=1850
6=36
7=1
8=0
9=0
10=181
11=1568
12=1565
[控制固参]
0=0
