[CCD原图]
CCD0=53 61 66 66 71 73 78 75 78 74 77 74 76 75 77 75 77 76 78 76 78 74 74 72 75 73 82 94 115 132 142 144 144 140 138 133 132 126 129 127 127 125 128 126 130 126 128 129 132 131 133 133 133 133 136 132 137 136 138 138 140 131 143 136 141 139 139 140 143 144 150 153 159 155 160 154 154 148 146 142 142 134 138 134 135 132 132 135 133 131 129 126 125 110 97 84 80 77 81 80 83 80 83 80 82 81 82 81 82 80 82 79 82 79 81 79 81 80 81 79 81 79 81 79 80 79 83 81 
CCD1=0 0 0 0 0 0 0 0 0 0 0 0 0 0 0 0 0 0 0 0 0 0 0 0 0 0 0 0 0 0 0 0 0 0 0 0 0 0 0 0 0 0 0 0 0 0 0 0 0 0 0 0 0 0 0 0 0 0 0 0 0 0 0 0 0 0 0 0 0 0 0 0 0 0 0 0 0 0 0 0 0 0 0 0 0 0 0 0 0 0 0 0 0 0 0 0 0 0 0 0 0 0 0 0 0 0 0 0 0 0 0 0 0 0 0 0 0 0 0 0 0 0 0 0 0 0 0 0 
[CCD拟图]
CCDLRC0=31 98 64 
CCDLRC1=31 98 64 
CCDLRC2=0 0 0 
[反馈数据]
0=6
1=122
2=40
3=4738
4=2100
5=1850
6=36
7=1
8=0
9=0
10=182
11=1569
12=1566
[控制固参]
0=0
