[CCD原图]
CCD0=53 61 66 66 73 74 78 75 78 75 77 72 73 69 73 81 103 110 117 114 119 116 107 114 120 118 122 119 123 120 121 121 123 123 126 125 128 124 129 128 128 127 129 127 133 129 132 133 136 134 137 138 136 138 143 140 147 148 153 156 160 149 165 153 154 149 145 143 143 139 141 139 141 134 140 136 137 135 135 125 94 79 81 81 86 84 85 85 85 84 85 82 85 83 84 82 83 81 83 82 83 80 83 81 81 80 82 81 81 80 82 79 81 78 81 78 81 78 80 78 80 78 80 78 79 79 82 80 
CCD1=0 0 0 0 0 0 0 0 0 0 0 0 0 0 0 0 0 0 0 0 0 0 0 0 0 0 0 0 0 0 0 0 0 0 0 0 0 0 0 0 0 0 0 0 0 0 0 0 0 0 0 0 0 0 0 0 0 0 0 0 0 0 0 0 0 0 0 0 0 0 0 0 0 0 0 0 0 0 0 0 0 0 0 0 0 0 0 0 0 0 0 0 0 0 0 0 0 0 0 0 0 0 0 0 0 0 0 0 0 0 0 0 0 0 0 0 0 0 0 0 0 0 0 0 0 0 0 0 
[CCD拟图]
CCDLRC0=14 80 47 
CCDLRC1=14 80 47 
CCDLRC2=0 0 0 
[反馈数据]
0=6
1=122
2=40
3=4738
4=2100
5=1850
6=36
7=1
8=0
9=0
10=202
11=1589
12=1586
[控制固参]
0=0
