[CCD原图]
CCD0=53 61 66 66 72 73 77 74 77 74 77 74 77 74 76 75 77 75 78 76 79 77 76 76 80 77 79 74 76 73 75 76 91 108 121 122 127 123 128 127 127 125 129 127 131 127 130 131 134 132 135 134 133 133 138 133 139 137 139 140 143 136 151 145 151 153 156 163 166 164 167 162 160 148 150 143 143 139 140 137 140 134 139 136 136 134 134 137 135 135 133 131 133 130 132 131 132 126 112 86 82 80 83 83 84 83 84 83 84 82 84 82 83 80 83 80 82 80 82 79 81 79 80 79 80 80 83 81 
CCD1=0 0 0 0 0 0 0 0 0 0 0 0 0 0 0 0 0 0 0 0 0 0 0 0 0 0 0 0 0 0 0 0 0 0 0 0 0 0 0 0 0 0 0 0 0 0 0 0 0 0 0 0 0 0 0 0 0 0 0 0 0 0 0 0 0 0 0 0 0 0 0 0 0 0 0 0 0 0 0 0 0 0 0 0 0 0 0 0 0 0 0 0 0 0 0 0 0 0 0 0 0 0 0 0 0 0 0 0 0 0 0 0 0 0 0 0 0 0 0 0 0 0 0 0 0 0 0 0 
[CCD拟图]
CCDLRC0=28 95 61 
CCDLRC1=28 95 61 
CCDLRC2=0 0 0 
[反馈数据]
0=6
1=122
2=40
3=4738
4=2100
5=1850
6=36
7=1
8=0
9=0
10=237
11=1624
12=1621
[控制固参]
0=0
