[CCD原图]
CCD0=51 58 64 62 67 67 71 69 71 68 71 69 70 69 71 69 71 69 71 69 72 70 70 70 73 72 73 71 74 72 74 73 76 75 77 76 79 76 80 78 80 78 81 80 83 80 83 81 83 81 83 81 82 81 84 82 85 84 86 85 87 83 87 84 86 84 86 83 85 82 85 82 85 81 84 82 84 82 84 82 84 80 83 80 82 80 82 81 82 80 81 79 82 80 84 83 86 85 89 88 89 86 88 85 85 83 84 81 81 79 80 78 80 76 78 76 78 76 78 76 78 76 78 75 77 76 80 78 
CCD1=0 0 0 0 0 0 0 0 0 0 0 0 0 0 0 0 0 0 0 0 0 0 0 0 0 0 0 0 0 0 0 0 0 0 0 0 0 0 0 0 0 0 0 0 0 0 0 0 0 0 0 0 0 0 0 0 0 0 0 0 0 0 0 0 0 0 0 0 0 0 0 0 0 0 0 0 0 0 0 0 0 0 0 0 0 0 0 0 0 0 0 0 0 0 0 0 0 0 0 0 0 0 0 0 0 0 0 0 0 0 0 0 0 0 0 0 0 0 0 0 0 0 0 0 0 0 0 0 
[CCD拟图]
CCDLRC0=6 122 118 
CCDLRC1=6 122 118 
CCDLRC2=0 0 0 
[反馈数据]
0=6
1=122
2=40
3=4738
4=2100
5=1850
6=36
7=1
8=0
9=0
10=49
11=1692
12=1689
[控制固参]
0=0
