[CCD原图]
CCD0=52 60 65 65 71 71 75 72 74 71 73 71 73 70 73 71 73 71 74 73 75 73 73 73 77 76 78 76 79 76 78 77 78 77 80 78 80 77 80 78 80 77 80 77 80 78 80 78 80 79 81 79 80 79 82 79 82 79 81 80 82 78 83 80 83 80 82 81 82 79 83 81 83 79 83 80 83 81 83 82 85 81 84 82 84 81 82 79 79 76 76 74 76 73 75 74 76 73 77 79 86 90 99 103 109 114 119 121 120 121 121 121 123 119 123 119 124 123 125 123 125 125 127 125 124 130 134 135 
CCD1=0 0 0 0 0 0 0 0 0 0 0 0 0 0 0 0 0 0 0 0 0 0 0 0 0 0 0 0 0 0 0 0 0 0 0 0 0 0 0 0 0 0 0 0 0 0 0 0 0 0 0 0 0 0 0 0 0 0 0 0 0 0 0 0 0 0 0 0 0 0 0 0 0 0 0 0 0 0 0 0 0 0 0 0 0 0 0 0 0 0 0 0 0 0 0 0 0 0 0 0 0 0 0 0 0 0 0 0 0 0 0 0 0 0 0 0 0 0 0 0 0 0 0 0 0 0 0 0 
[CCD拟图]
CCDLRC0=101 122 122 
CCDLRC1=101 122 122 
CCDLRC2=0 0 0 
[反馈数据]
0=6
1=122
2=40
3=4738
4=2100
5=1850
6=36
7=1
8=0
9=0
10=71
11=1714
12=1711
[控制固参]
0=0
