[CCD原图]
CCD0=52 61 66 66 75 76 80 77 80 77 79 77 79 77 79 77 79 77 81 78 82 79 78 79 84 81 84 82 85 84 85 84 86 84 86 85 87 83 87 85 86 84 87 84 87 85 87 86 88 87 90 88 89 87 90 87 90 89 91 89 92 87 92 87 89 85 87 86 88 86 88 86 90 85 89 86 88 86 88 87 89 85 88 86 87 83 84 82 82 79 80 77 79 76 79 76 78 76 77 75 77 74 76 74 76 74 75 74 76 75 79 80 82 79 80 78 82 81 83 81 83 81 83 81 83 82 84 83 
CCD1=0 0 0 0 0 0 0 0 0 0 0 0 0 0 0 0 0 0 0 0 0 0 0 0 0 0 0 0 0 0 0 0 0 0 0 0 0 0 0 0 0 0 0 0 0 0 0 0 0 0 0 0 0 0 0 0 0 0 0 0 0 0 0 0 0 0 0 0 0 0 0 0 0 0 0 0 0 0 0 0 0 0 0 0 0 0 0 0 0 0 0 0 0 0 0 0 0 0 0 0 0 0 0 0 0 0 0 0 0 0 0 0 0 0 0 0 0 0 0 0 0 0 0 0 0 0 0 0 
[CCD拟图]
CCDLRC0=6 122 118 
CCDLRC1=6 122 118 
CCDLRC2=0 0 0 
[反馈数据]
0=6
1=122
2=40
3=4738
4=2100
5=1850
6=36
7=1
8=0
9=0
10=91
11=1734
12=1731
[控制固参]
0=0
