[CCD原图]
CCD0=53 61 66 67 75 76 82 79 82 78 81 79 81 79 81 80 82 80 82 80 84 80 79 80 84 82 84 82 85 82 84 82 85 83 85 83 87 83 87 86 87 85 88 86 89 85 86 83 85 84 87 86 88 87 91 87 90 89 90 89 92 87 92 88 90 87 88 87 89 86 88 86 88 86 88 86 88 86 88 86 89 85 88 85 87 85 86 85 86 84 85 83 86 83 85 84 86 82 85 83 84 82 84 82 83 82 84 83 84 82 84 82 83 80 83 80 83 81 83 80 82 81 82 80 81 81 84 83 
CCD1=0 0 0 0 0 0 0 0 0 0 0 0 0 0 0 0 0 0 0 0 0 0 0 0 0 0 0 0 0 0 0 0 0 0 0 0 0 0 0 0 0 0 0 0 0 0 0 0 0 0 0 0 0 0 0 0 0 0 0 0 0 0 0 0 0 0 0 0 0 0 0 0 0 0 0 0 0 0 0 0 0 0 0 0 0 0 0 0 0 0 0 0 0 0 0 0 0 0 0 0 0 0 0 0 0 0 0 0 0 0 0 0 0 0 0 0 0 0 0 0 0 0 0 0 0 0 0 0 
[CCD拟图]
CCDLRC0=100 122 122 
CCDLRC1=100 122 122 
CCDLRC2=0 0 0 
[反馈数据]
0=6
1=122
2=40
3=4738
4=2100
5=1850
6=36
7=1
8=0
9=0
10=97
11=1740
12=1737
[控制固参]
0=0
