[CCD原图]
CCD0=53 61 67 67 76 78 83 81 82 79 81 78 81 78 80 79 80 79 81 79 82 79 79 79 83 81 84 82 85 82 84 82 83 80 83 82 86 83 87 86 87 85 87 85 88 86 88 86 88 87 87 85 86 84 86 84 87 85 88 86 88 84 90 86 89 87 88 87 88 86 88 87 89 85 87 84 87 85 86 83 87 83 85 83 84 81 84 83 86 84 84 81 83 81 84 84 86 82 85 83 84 81 82 81 82 81 83 81 82 80 82 79 81 79 81 79 82 80 82 80 82 80 82 81 82 82 85 83 
CCD1=0 0 0 0 0 0 0 0 0 0 0 0 0 0 0 0 0 0 0 0 0 0 0 0 0 0 0 0 0 0 0 0 0 0 0 0 0 0 0 0 0 0 0 0 0 0 0 0 0 0 0 0 0 0 0 0 0 0 0 0 0 0 0 0 0 0 0 0 0 0 0 0 0 0 0 0 0 0 0 0 0 0 0 0 0 0 0 0 0 0 0 0 0 0 0 0 0 0 0 0 0 0 0 0 0 0 0 0 0 0 0 0 0 0 0 0 0 0 0 0 0 0 0 0 0 0 0 0 
[CCD拟图]
CCDLRC0=100 122 118 
CCDLRC1=100 122 118 
CCDLRC2=0 0 0 
[反馈数据]
0=6
1=122
2=40
3=4738
4=2100
5=1850
6=36
7=1
8=0
9=0
10=101
11=1744
12=1741
[控制固参]
0=0
