[CCD原图]
CCD0=53 61 67 68 75 78 83 80 83 79 82 79 81 77 80 78 80 79 81 78 81 79 78 78 82 78 78 75 78 79 81 79 81 80 83 81 83 80 83 82 84 81 84 81 84 81 84 83 85 83 86 84 85 83 87 83 86 84 86 83 85 82 87 83 85 83 85 85 86 84 87 86 90 90 95 96 102 104 110 113 119 118 126 127 132 131 135 140 139 139 139 138 141 139 142 143 144 140 141 140 140 134 137 133 131 132 132 132 128 127 127 125 127 121 125 120 124 122 124 120 123 121 124 121 119 125 129 129 
CCD1=0 0 0 0 0 0 0 0 0 0 0 0 0 0 0 0 0 0 0 0 0 0 0 0 0 0 0 0 0 0 0 0 0 0 0 0 0 0 0 0 0 0 0 0 0 0 0 0 0 0 0 0 0 0 0 0 0 0 0 0 0 0 0 0 0 0 0 0 0 0 0 0 0 0 0 0 0 0 0 0 0 0 0 0 0 0 0 0 0 0 0 0 0 0 0 0 0 0 0 0 0 0 0 0 0 0 0 0 0 0 0 0 0 0 0 0 0 0 0 0 0 0 0 0 0 0 0 0 
[CCD拟图]
CCDLRC0=66 122 105 
CCDLRC1=66 122 105 
CCDLRC2=0 0 0 
[反馈数据]
0=6
1=122
2=40
3=4738
4=2100
5=1850
6=36
7=1
8=0
9=0
10=108
11=1751
12=1748
[控制固参]
0=0
