[CCD原图]
CCD0=52 60 65 64 71 72 76 73 76 73 75 72 75 72 74 72 74 74 76 74 77 74 74 74 78 76 78 77 79 77 79 78 80 78 82 79 81 78 82 80 81 79 82 81 82 80 82 80 82 81 83 81 83 81 83 81 84 82 84 83 85 80 85 83 85 83 84 83 85 83 85 84 86 83 86 83 85 83 85 84 86 82 85 82 85 83 85 84 85 83 84 80 82 81 88 97 109 115 123 126 127 123 125 122 121 121 122 122 119 118 118 117 119 113 118 114 118 117 119 117 119 118 121 118 118 122 127 124 
CCD1=0 0 0 0 0 0 0 0 0 0 0 0 0 0 0 0 0 0 0 0 0 0 0 0 0 0 0 0 0 0 0 0 0 0 0 0 0 0 0 0 0 0 0 0 0 0 0 0 0 0 0 0 0 0 0 0 0 0 0 0 0 0 0 0 0 0 0 0 0 0 0 0 0 0 0 0 0 0 0 0 0 0 0 0 0 0 0 0 0 0 0 0 0 0 0 0 0 0 0 0 0 0 0 0 0 0 0 0 0 0 0 0 0 0 0 0 0 0 0 0 0 0 0 0 0 0 0 0 
[CCD拟图]
CCDLRC0=97 122 122 
CCDLRC1=97 122 122 
CCDLRC2=0 0 0 
[反馈数据]
0=6
1=122
2=40
3=4738
4=2100
5=1850
6=36
7=1
8=0
9=0
10=135
11=1778
12=1775
[控制固参]
0=0
