[CCD原图]
CCD0=56 66 75 81 96 105 113 109 112 107 109 106 108 103 106 104 104 103 105 103 105 103 98 102 108 105 108 106 109 107 107 107 109 109 111 110 114 108 113 112 113 111 113 111 115 112 115 114 116 115 117 116 115 114 117 113 117 115 117 117 118 110 119 112 113 104 92 80 75 71 74 72 74 72 75 74 77 75 78 76 78 74 77 75 77 74 76 73 74 72 74 73 75 72 75 73 74 71 74 72 73 71 73 71 72 71 73 71 73 71 73 71 73 69 72 70 72 70 72 70 72 69 71 69 70 69 71 69 
CCD1=0 0 0 0 0 0 0 0 0 0 0 0 0 0 0 0 0 0 0 0 0 0 0 0 0 0 0 0 0 0 0 0 0 0 0 0 0 0 0 0 0 0 0 0 0 0 0 0 0 0 0 0 0 0 0 0 0 0 0 0 0 0 0 0 0 0 0 0 0 0 0 0 0 0 0 0 0 0 0 0 0 0 0 0 0 0 0 0 0 0 0 0 0 0 0 0 0 0 0 0 0 0 0 0 0 0 0 0 0 0 0 0 0 0 0 0 0 0 0 0 0 0 0 0 0 0 0 0 
[CCD拟图]
CCDLRC0=6 66 28 
CCDLRC1=6 66 28 
CCDLRC2=0 0 0 
[反馈数据]
0=6
1=122
2=40
3=4738
4=2100
5=1850
6=36
7=1
8=0
9=0
10=82
11=189
12=186
[控制固参]
0=0
