[CCD原图]
CCD0=58 68 78 84 103 113 122 119 123 116 119 116 118 114 118 118 119 117 122 120 124 121 113 119 126 124 126 124 128 125 125 125 126 124 124 125 128 125 131 130 130 128 132 129 133 130 132 133 136 134 135 135 133 132 136 131 137 135 136 136 138 130 142 135 138 136 136 136 138 135 138 137 140 133 137 135 136 134 135 135 137 131 135 132 134 131 131 133 131 129 129 126 128 125 128 127 128 124 128 126 126 122 124 122 121 123 123 124 121 120 121 119 120 114 117 113 115 115 116 114 118 116 119 115 113 116 118 112 
CCD1=0 0 0 0 0 0 0 0 0 0 0 0 0 0 0 0 0 0 0 0 0 0 0 0 0 0 0 0 0 0 0 0 0 0 0 0 0 0 0 0 0 0 0 0 0 0 0 0 0 0 0 0 0 0 0 0 0 0 0 0 0 0 0 0 0 0 0 0 0 0 0 0 0 0 0 0 0 0 0 0 0 0 0 0 0 0 0 0 0 0 0 0 0 0 0 0 0 0 0 0 0 0 0 0 0 0 0 0 0 0 0 0 0 0 0 0 0 0 0 0 0 0 0 0 0 0 0 0 
[CCD拟图]
CCDLRC0=6 122 59 
CCDLRC1=6 122 59 
CCDLRC2=0 0 0 
[反馈数据]
0=6
1=122
2=40
3=4738
4=2100
5=1850
6=36
7=1
8=0
9=0
10=159
11=1802
12=1799
[控制固参]
0=0
