[CCD原图]
CCD0=52 59 65 64 71 71 75 73 75 72 75 72 74 72 74 72 74 72 75 73 76 72 72 69 71 69 72 73 77 75 76 75 78 75 78 76 79 76 79 76 78 76 79 78 81 78 80 80 81 79 82 79 82 78 77 74 78 85 115 127 130 121 133 127 131 130 130 130 132 129 132 131 133 128 132 130 132 130 132 130 133 128 132 129 130 128 129 131 128 128 127 125 127 125 126 125 127 123 126 125 125 121 123 120 121 122 124 123 121 120 120 118 121 116 120 116 120 119 120 117 117 117 118 113 106 88 76 73 
CCD1=0 0 0 0 0 0 0 0 0 0 0 0 0 0 0 0 0 0 0 0 0 0 0 0 0 0 0 0 0 0 0 0 0 0 0 0 0 0 0 0 0 0 0 0 0 0 0 0 0 0 0 0 0 0 0 0 0 0 0 0 0 0 0 0 0 0 0 0 0 0 0 0 0 0 0 0 0 0 0 0 0 0 0 0 0 0 0 0 0 0 0 0 0 0 0 0 0 0 0 0 0 0 0 0 0 0 0 0 0 0 0 0 0 0 0 0 0 0 0 0 0 0 0 0 0 0 0 0 
[CCD拟图]
CCDLRC0=57 122 89 
CCDLRC1=57 122 89 
CCDLRC2=0 0 0 
[反馈数据]
0=6
1=122
2=40
3=4738
4=2100
5=1850
6=36
7=1
8=0
9=0
10=193
11=1836
12=1833
[控制固参]
0=0
