[CCD原图]
CCD0=55 64 73 78 92 99 108 105 107 103 106 102 104 101 102 102 103 101 106 103 106 104 98 102 108 106 109 107 110 107 107 108 110 110 113 112 115 111 115 114 115 112 115 113 117 114 116 116 118 116 118 117 117 115 119 115 119 118 120 120 122 115 126 120 124 123 123 123 125 123 126 125 127 122 127 124 126 123 125 124 126 121 125 122 123 120 118 113 103 90 82 74 75 73 76 76 79 76 78 76 78 75 78 75 76 75 77 75 76 74 76 74 76 72 75 73 75 73 75 72 74 72 74 72 73 72 75 73 
CCD1=0 0 0 0 0 0 0 0 0 0 0 0 0 0 0 0 0 0 0 0 0 0 0 0 0 0 0 0 0 0 0 0 0 0 0 0 0 0 0 0 0 0 0 0 0 0 0 0 0 0 0 0 0 0 0 0 0 0 0 0 0 0 0 0 0 0 0 0 0 0 0 0 0 0 0 0 0 0 0 0 0 0 0 0 0 0 0 0 0 0 0 0 0 0 0 0 0 0 0 0 0 0 0 0 0 0 0 0 0 0 0 0 0 0 0 0 0 0 0 0 0 0 0 0 0 0 0 0 
[CCD拟图]
CCDLRC0=6 92 49 
CCDLRC1=6 92 49 
CCDLRC2=0 0 0 
[反馈数据]
0=6
1=122
2=40
3=4738
4=2100
5=1850
6=36
7=1
8=0
9=0
10=225
11=1868
12=1865
[控制固参]
0=0
