[CCD原图]
CCD0=55 64 72 76 90 96 103 102 104 99 102 99 101 97 100 99 101 100 103 101 104 101 96 100 106 105 107 105 107 106 106 106 107 107 109 108 111 107 111 110 110 109 112 109 115 110 112 112 114 113 114 113 113 111 114 110 115 114 115 115 114 108 117 110 111 105 99 91 85 77 77 73 75 73 77 76 79 77 79 78 80 76 79 77 79 76 78 77 78 76 78 75 78 75 77 75 77 73 76 75 76 74 76 74 75 74 75 73 74 72 73 72 74 72 74 72 75 72 74 73 74 72 74 71 73 73 75 73 
CCD1=0 0 0 0 0 0 0 0 0 0 0 0 0 0 0 0 0 0 0 0 0 0 0 0 0 0 0 0 0 0 0 0 0 0 0 0 0 0 0 0 0 0 0 0 0 0 0 0 0 0 0 0 0 0 0 0 0 0 0 0 0 0 0 0 0 0 0 0 0 0 0 0 0 0 0 0 0 0 0 0 0 0 0 0 0 0 0 0 0 0 0 0 0 0 0 0 0 0 0 0 0 0 0 0 0 0 0 0 0 0 0 0 0 0 0 0 0 0 0 0 0 0 0 0 0 0 0 0 
[CCD拟图]
CCDLRC0=6 72 30 
CCDLRC1=6 72 30 
CCDLRC2=0 0 0 
[反馈数据]
0=6
1=122
2=40
3=4738
4=2100
5=1850
6=36
7=1
8=0
9=0
10=233
11=1876
12=1873
[控制固参]
0=0
