[CCD原图]
CCD0=54 64 73 76 90 96 104 100 103 98 101 97 100 96 98 96 98 97 100 97 101 98 93 96 102 99 101 99 100 97 96 93 90 86 84 78 76 71 71 69 71 69 71 71 74 72 74 72 74 73 75 72 74 72 74 71 74 72 74 73 74 72 75 72 74 71 73 71 73 70 73 71 73 70 72 70 72 70 71 70 72 70 71 70 72 69 71 69 71 69 71 69 73 72 76 76 81 80 84 84 85 82 85 83 83 80 82 79 79 75 76 73 73 69 70 67 69 68 70 68 70 68 70 68 70 69 72 69 
CCD1=0 0 0 0 0 0 0 0 0 0 0 0 0 0 0 0 0 0 0 0 0 0 0 0 0 0 0 0 0 0 0 0 0 0 0 0 0 0 0 0 0 0 0 0 0 0 0 0 0 0 0 0 0 0 0 0 0 0 0 0 0 0 0 0 0 0 0 0 0 0 0 0 0 0 0 0 0 0 0 0 0 0 0 0 0 0 0 0 0 0 0 0 0 0 0 0 0 0 0 0 0 0 0 0 0 0 0 0 0 0 0 0 0 0 0 0 0 0 0 0 0 0 0 0 0 0 0 0 
[CCD拟图]
CCDLRC0=6 31 6 
CCDLRC1=6 31 6 
CCDLRC2=0 0 0 
[反馈数据]
0=6
1=122
2=40
3=4738
4=2100
5=1850
6=36
7=1
8=0
9=0
10=252
11=1895
12=1892
[控制固参]
0=0
