[CCD原图]
CCD0=56 67 76 81 97 105 114 110 113 108 110 107 109 105 108 107 108 106 111 109 112 109 103 108 114 112 115 112 116 114 115 114 116 115 118 116 120 115 119 118 118 117 120 118 122 118 120 121 123 122 123 123 121 120 124 119 124 121 123 124 125 116 127 119 123 121 120 119 115 103 93 79 76 71 75 74 77 76 78 76 79 76 77 75 77 75 76 75 76 75 76 73 75 73 75 73 75 72 74 73 74 72 74 72 73 71 74 71 73 71 73 71 72 70 72 69 71 69 72 70 72 70 72 70 71 68 70 68 
CCD1=0 0 0 0 0 0 0 0 0 0 0 0 0 0 0 0 0 0 0 0 0 0 0 0 0 0 0 0 0 0 0 0 0 0 0 0 0 0 0 0 0 0 0 0 0 0 0 0 0 0 0 0 0 0 0 0 0 0 0 0 0 0 0 0 0 0 0 0 0 0 0 0 0 0 0 0 0 0 0 0 0 0 0 0 0 0 0 0 0 0 0 0 0 0 0 0 0 0 0 0 0 0 0 0 0 0 0 0 0 0 0 0 0 0 0 0 0 0 0 0 0 0 0 0 0 0 0 0 
[CCD拟图]
CCDLRC0=6 72 34 
CCDLRC1=6 72 34 
CCDLRC2=0 0 0 
[反馈数据]
0=6
1=122
2=40
3=4738
4=2100
5=1850
6=36
7=1
8=0
9=0
10=97
11=204
12=201
[控制固参]
0=0
