[CCD原图]
CCD0=54 61 67 67 73 73 77 74 77 74 76 75 77 74 76 74 76 74 78 75 79 76 75 75 79 77 80 77 79 75 74 73 80 106 121 122 126 123 128 127 128 126 129 127 132 128 130 131 133 130 131 132 130 129 132 127 132 130 132 131 131 123 134 128 132 130 129 128 127 126 126 124 126 120 126 122 125 123 126 123 127 122 126 123 125 122 124 126 123 123 122 120 123 119 122 122 122 118 120 114 95 74 73 70 73 72 74 72 74 72 73 71 73 70 72 69 72 70 71 69 71 69 71 69 70 70 73 72 
CCD1=0 0 0 0 0 0 0 0 0 0 0 0 0 0 0 0 0 0 0 0 0 0 0 0 0 0 0 0 0 0 0 0 0 0 0 0 0 0 0 0 0 0 0 0 0 0 0 0 0 0 0 0 0 0 0 0 0 0 0 0 0 0 0 0 0 0 0 0 0 0 0 0 0 0 0 0 0 0 0 0 0 0 0 0 0 0 0 0 0 0 0 0 0 0 0 0 0 0 0 0 0 0 0 0 0 0 0 0 0 0 0 0 0 0 0 0 0 0 0 0 0 0 0 0 0 0 0 0 
[CCD拟图]
CCDLRC0=32 101 66 
CCDLRC1=32 101 66 
CCDLRC2=0 0 0 
[反馈数据]
0=6
1=122
2=40
3=4738
4=2100
5=1850
6=36
7=1
8=0
9=0
10=184
11=35
12=32
[控制固参]
0=0
