[CCD原图]
CCD0=53 61 67 67 74 76 81 78 80 77 80 78 81 75 76 75 83 107 118 117 123 121 113 119 127 124 125 126 129 126 125 123 123 121 122 121 124 118 121 120 121 119 122 120 125 121 123 123 126 124 126 125 123 122 127 122 127 125 128 128 131 123 135 128 132 130 131 133 135 133 135 133 134 127 129 124 125 122 122 120 123 117 120 117 117 112 101 81 75 72 74 73 77 76 78 76 77 74 76 75 75 74 75 73 74 72 74 72 73 72 73 71 73 70 71 70 72 69 71 69 71 69 69 67 68 65 68 67 
CCD1=0 0 0 0 0 0 0 0 0 0 0 0 0 0 0 0 0 0 0 0 0 0 0 0 0 0 0 0 0 0 0 0 0 0 0 0 0 0 0 0 0 0 0 0 0 0 0 0 0 0 0 0 0 0 0 0 0 0 0 0 0 0 0 0 0 0 0 0 0 0 0 0 0 0 0 0 0 0 0 0 0 0 0 0 0 0 0 0 0 0 0 0 0 0 0 0 0 0 0 0 0 0 0 0 0 0 0 0 0 0 0 0 0 0 0 0 0 0 0 0 0 0 0 0 0 0 0 0 
[CCD拟图]
CCDLRC0=16 88 52 
CCDLRC1=16 88 52 
CCDLRC2=0 0 0 
[反馈数据]
0=6
1=122
2=40
3=4738
4=2100
5=1850
6=36
7=1
8=0
9=0
10=154
11=261
12=258
[控制固参]
0=0
