[CCD原图]
CCD0=52 61 66 66 74 75 79 77 79 76 78 76 78 76 78 76 78 75 76 74 77 79 84 101 115 116 120 119 124 122 125 127 128 127 127 123 125 117 120 118 117 114 117 115 119 116 119 119 123 121 122 122 120 120 123 119 124 121 123 124 125 117 128 123 130 131 135 141 146 145 146 142 142 131 132 124 123 119 119 117 119 115 117 114 115 112 112 113 109 89 76 70 72 70 73 71 72 70 73 73 74 72 73 71 72 71 72 70 72 70 72 70 71 67 69 66 69 68 70 68 70 68 69 68 69 68 71 68 
CCD1=0 0 0 0 0 0 0 0 0 0 0 0 0 0 0 0 0 0 0 0 0 0 0 0 0 0 0 0 0 0 0 0 0 0 0 0 0 0 0 0 0 0 0 0 0 0 0 0 0 0 0 0 0 0 0 0 0 0 0 0 0 0 0 0 0 0 0 0 0 0 0 0 0 0 0 0 0 0 0 0 0 0 0 0 0 0 0 0 0 0 0 0 0 0 0 0 0 0 0 0 0 0 0 0 0 0 0 0 0 0 0 0 0 0 0 0 0 0 0 0 0 0 0 0 0 0 0 0 
[CCD拟图]
CCDLRC0=20 88 54 
CCDLRC1=20 88 54 
CCDLRC2=0 0 0 
[反馈数据]
0=6
1=122
2=40
3=4738
4=2100
5=1850
6=36
7=1
8=0
9=0
10=178
11=285
12=282
[控制固参]
0=0
