[CCD原图]
CCD0=53 62 67 68 75 76 81 77 79 72 73 70 76 85 99 108 114 114 119 118 122 119 111 117 124 122 125 123 125 122 123 123 125 124 128 128 132 126 130 128 126 123 125 122 126 122 125 124 127 125 127 126 123 122 126 122 126 125 127 127 129 121 132 125 129 127 128 128 132 130 136 139 148 145 151 145 143 136 131 126 127 120 124 119 119 116 117 116 111 102 96 85 81 74 76 75 77 74 76 74 75 73 74 73 74 72 73 72 72 69 70 68 71 69 71 69 72 70 71 69 71 69 71 69 71 69 71 70 
CCD1=0 0 0 0 0 0 0 0 0 0 0 0 0 0 0 0 0 0 0 0 0 0 0 0 0 0 0 0 0 0 0 0 0 0 0 0 0 0 0 0 0 0 0 0 0 0 0 0 0 0 0 0 0 0 0 0 0 0 0 0 0 0 0 0 0 0 0 0 0 0 0 0 0 0 0 0 0 0 0 0 0 0 0 0 0 0 0 0 0 0 0 0 0 0 0 0 0 0 0 0 0 0 0 0 0 0 0 0 0 0 0 0 0 0 0 0 0 0 0 0 0 0 0 0 0 0 0 0 
[CCD拟图]
CCDLRC0=17 95 56 
CCDLRC1=17 95 56 
CCDLRC2=0 0 0 
[反馈数据]
0=6
1=122
2=40
3=4738
4=2100
5=1850
6=36
7=1
8=0
9=0
10=197
11=304
12=301
[控制固参]
0=0
