[CCD原图]
CCD0=53 62 67 68 76 78 82 79 81 78 80 77 77 71 73 70 71 71 81 93 109 113 109 116 123 121 124 121 125 124 124 124 125 125 128 127 130 126 132 132 133 131 134 133 138 133 137 137 139 135 135 135 132 129 132 126 130 128 129 128 130 121 132 127 130 128 128 128 129 127 130 129 132 126 131 128 132 131 133 132 135 129 134 131 133 130 131 132 129 124 110 93 84 75 78 76 79 77 79 78 78 75 77 75 76 74 75 73 74 72 74 72 73 70 72 68 70 68 70 69 71 68 70 68 69 68 70 68 
CCD1=0 0 0 0 0 0 0 0 0 0 0 0 0 0 0 0 0 0 0 0 0 0 0 0 0 0 0 0 0 0 0 0 0 0 0 0 0 0 0 0 0 0 0 0 0 0 0 0 0 0 0 0 0 0 0 0 0 0 0 0 0 0 0 0 0 0 0 0 0 0 0 0 0 0 0 0 0 0 0 0 0 0 0 0 0 0 0 0 0 0 0 0 0 0 0 0 0 0 0 0 0 0 0 0 0 0 0 0 0 0 0 0 0 0 0 0 0 0 0 0 0 0 0 0 0 0 0 0 
[CCD拟图]
CCDLRC0=16 88 52 
CCDLRC1=16 88 52 
CCDLRC2=0 0 0 
[反馈数据]
0=6
1=122
2=40
3=4738
4=2100
5=1850
6=36
7=1
8=0
9=0
10=218
11=325
12=322
[控制固参]
0=0
