[CCD原图]
CCD0=52 61 67 67 75 78 82 79 81 77 80 77 80 75 79 76 78 77 79 78 79 77 76 76 81 80 82 81 84 82 83 81 81 78 77 73 76 76 93 111 119 121 125 125 131 128 132 134 138 137 139 139 139 140 146 140 143 138 135 133 135 125 136 129 132 130 131 132 133 132 135 134 136 130 135 132 135 133 133 131 134 128 132 129 130 127 129 131 130 131 130 128 131 128 131 131 132 128 131 130 129 124 126 123 123 124 123 122 116 102 85 74 74 71 73 72 75 74 76 73 74 73 74 72 73 73 75 73 
CCD1=0 0 0 0 0 0 0 0 0 0 0 0 0 0 0 0 0 0 0 0 0 0 0 0 0 0 0 0 0 0 0 0 0 0 0 0 0 0 0 0 0 0 0 0 0 0 0 0 0 0 0 0 0 0 0 0 0 0 0 0 0 0 0 0 0 0 0 0 0 0 0 0 0 0 0 0 0 0 0 0 0 0 0 0 0 0 0 0 0 0 0 0 0 0 0 0 0 0 0 0 0 0 0 0 0 0 0 0 0 0 0 0 0 0 0 0 0 0 0 0 0 0 0 0 0 0 0 0 
[CCD拟图]
CCDLRC0=45 114 79 
CCDLRC1=45 114 79 
CCDLRC2=0 0 0 
[反馈数据]
0=6
1=122
2=40
3=4738
4=2100
5=1850
6=36
7=1
8=0
9=0
10=235
11=342
12=339
[控制固参]
0=0
