[CCD原图]
CCD0=53 61 67 67 75 76 81 78 80 77 79 76 79 77 79 77 79 78 81 79 82 80 79 80 82 78 80 80 94 117 121 119 120 120 124 123 126 122 127 128 128 127 130 130 135 133 137 141 148 152 160 163 159 155 153 144 144 139 139 138 138 129 140 133 137 134 134 134 135 133 135 133 135 130 134 131 132 130 132 130 132 127 130 127 129 126 127 130 130 132 134 136 144 142 135 120 106 85 80 79 83 80 83 81 82 81 82 81 81 79 80 78 78 76 78 75 77 75 77 74 76 74 75 73 75 73 76 73 
CCD1=0 0 0 0 0 0 0 0 0 0 0 0 0 0 0 0 0 0 0 0 0 0 0 0 0 0 0 0 0 0 0 0 0 0 0 0 0 0 0 0 0 0 0 0 0 0 0 0 0 0 0 0 0 0 0 0 0 0 0 0 0 0 0 0 0 0 0 0 0 0 0 0 0 0 0 0 0 0 0 0 0 0 0 0 0 0 0 0 0 0 0 0 0 0 0 0 0 0 0 0 0 0 0 0 0 0 0 0 0 0 0 0 0 0 0 0 0 0 0 0 0 0 0 0 0 0 0 0 
[CCD拟图]
CCDLRC0=28 98 63 
CCDLRC1=28 98 63 
CCDLRC2=0 0 0 
[反馈数据]
0=6
1=122
2=40
3=4738
4=2100
5=1850
6=36
7=1
8=0
9=0
10=245
11=352
12=349
[控制固参]
0=0
