[CCD原图]
CCD0=52 60 66 67 74 76 81 79 82 78 81 79 81 78 80 78 79 78 81 78 81 78 78 78 82 80 83 81 84 81 83 83 85 84 87 85 89 86 90 89 91 88 85 81 82 83 107 133 145 142 141 137 134 132 134 129 133 132 134 133 135 126 138 131 136 133 133 134 135 132 135 135 136 130 135 132 135 133 135 133 136 131 135 134 136 137 142 151 156 161 162 161 162 155 154 150 146 134 130 127 126 121 123 120 120 122 121 122 119 117 115 108 96 77 75 72 74 72 74 73 75 75 76 73 74 72 73 72 
CCD1=0 0 0 0 0 0 0 0 0 0 0 0 0 0 0 0 0 0 0 0 0 0 0 0 0 0 0 0 0 0 0 0 0 0 0 0 0 0 0 0 0 0 0 0 0 0 0 0 0 0 0 0 0 0 0 0 0 0 0 0 0 0 0 0 0 0 0 0 0 0 0 0 0 0 0 0 0 0 0 0 0 0 0 0 0 0 0 0 0 0 0 0 0 0 0 0 0 0 0 0 0 0 0 0 0 0 0 0 0 0 0 0 0 0 0 0 0 0 0 0 0 0 0 0 0 0 0 0 
[CCD拟图]
CCDLRC0=48 114 81 
CCDLRC1=48 114 81 
CCDLRC2=0 0 0 
[反馈数据]
0=6
1=122
2=40
3=4738
4=2100
5=1850
6=36
7=1
8=0
9=0
10=12
11=375
12=372
[控制固参]
0=0
