[CCD原图]
CCD0=53 60 67 67 74 75 81 77 80 77 80 77 80 77 79 76 75 75 91 110 120 118 110 117 123 122 125 123 126 125 127 128 129 129 131 131 133 128 133 132 132 130 132 131 135 131 133 133 135 133 135 135 133 132 136 131 135 134 136 135 137 128 139 132 136 135 134 135 136 133 136 134 136 130 134 131 133 131 133 131 133 127 131 127 117 85 79 77 79 80 83 81 82 80 83 81 82 80 82 80 81 78 80 78 79 78 79 78 79 77 78 75 78 75 77 74 77 74 75 71 71 69 72 71 73 72 75 74 
CCD1=0 0 0 0 0 0 0 0 0 0 0 0 0 0 0 0 0 0 0 0 0 0 0 0 0 0 0 0 0 0 0 0 0 0 0 0 0 0 0 0 0 0 0 0 0 0 0 0 0 0 0 0 0 0 0 0 0 0 0 0 0 0 0 0 0 0 0 0 0 0 0 0 0 0 0 0 0 0 0 0 0 0 0 0 0 0 0 0 0 0 0 0 0 0 0 0 0 0 0 0 0 0 0 0 0 0 0 0 0 0 0 0 0 0 0 0 0 0 0 0 0 0 0 0 0 0 0 0 
[CCD拟图]
CCDLRC0=16 85 50 
CCDLRC1=16 85 50 
CCDLRC2=0 0 0 
[反馈数据]
0=6
1=122
2=40
3=4738
4=2100
5=1850
6=36
7=1
8=0
9=0
10=68
11=431
12=428
[控制固参]
0=0
