[CCD原图]
CCD0=54 61 67 67 74 73 78 75 78 74 77 74 76 73 76 74 76 75 77 75 78 76 75 76 79 77 80 78 81 79 78 74 77 85 111 118 123 120 126 127 127 125 129 128 133 130 133 133 137 134 135 134 132 132 136 132 135 131 134 134 136 127 139 132 136 134 133 133 134 131 133 131 133 127 131 128 130 128 128 126 128 124 128 126 128 125 127 129 127 126 125 123 126 122 124 123 124 119 123 121 118 102 85 76 76 74 75 71 73 70 72 70 71 69 72 69 71 69 71 69 71 68 70 70 71 69 72 69 
CCD1=0 0 0 0 0 0 0 0 0 0 0 0 0 0 0 0 0 0 0 0 0 0 0 0 0 0 0 0 0 0 0 0 0 0 0 0 0 0 0 0 0 0 0 0 0 0 0 0 0 0 0 0 0 0 0 0 0 0 0 0 0 0 0 0 0 0 0 0 0 0 0 0 0 0 0 0 0 0 0 0 0 0 0 0 0 0 0 0 0 0 0 0 0 0 0 0 0 0 0 0 0 0 0 0 0 0 0 0 0 0 0 0 0 0 0 0 0 0 0 0 0 0 0 0 0 0 0 0 
[CCD拟图]
CCDLRC0=33 102 67 
CCDLRC1=33 102 67 
CCDLRC2=0 0 0 
[反馈数据]
0=6
1=122
2=40
3=4738
4=2100
5=1850
6=36
7=1
8=0
9=0
10=203
11=54
12=51
[控制固参]
0=0
