[CCD原图]
CCD0=53 60 66 66 74 74 78 75 78 75 77 75 78 75 78 76 78 76 79 78 81 78 79 77 79 76 85 100 119 123 125 125 127 127 129 129 132 127 131 131 130 130 132 130 134 130 133 133 135 134 135 135 133 131 135 132 137 135 138 138 141 131 144 136 140 137 136 136 137 134 137 135 137 131 136 133 136 134 135 133 135 130 134 131 132 129 131 132 130 129 127 124 125 110 86 77 78 77 81 81 82 78 81 79 80 79 79 79 79 77 78 76 78 75 78 75 78 76 78 76 77 75 77 74 76 74 73 69 
CCD1=0 0 0 0 0 0 0 0 0 0 0 0 0 0 0 0 0 0 0 0 0 0 0 0 0 0 0 0 0 0 0 0 0 0 0 0 0 0 0 0 0 0 0 0 0 0 0 0 0 0 0 0 0 0 0 0 0 0 0 0 0 0 0 0 0 0 0 0 0 0 0 0 0 0 0 0 0 0 0 0 0 0 0 0 0 0 0 0 0 0 0 0 0 0 0 0 0 0 0 0 0 0 0 0 0 0 0 0 0 0 0 0 0 0 0 0 0 0 0 0 0 0 0 0 0 0 0 0 
[CCD拟图]
CCDLRC0=25 94 59 
CCDLRC1=25 94 59 
CCDLRC2=0 0 0 
[反馈数据]
0=6
1=122
2=40
3=4738
4=2100
5=1850
6=36
7=1
8=0
9=0
10=84
11=447
12=444
[控制固参]
0=0
