[CCD原图]
CCD0=53 61 66 67 74 75 80 77 80 76 79 76 78 76 78 76 78 77 80 77 81 78 78 78 83 80 83 79 76 75 77 87 117 124 128 127 131 124 129 129 130 128 131 129 133 131 132 132 135 134 136 135 133 132 136 132 137 136 137 137 140 131 143 136 139 138 137 137 138 135 138 136 138 132 136 133 136 134 135 134 136 131 135 132 133 130 130 131 130 129 127 125 127 124 125 125 126 121 124 118 100 76 76 73 77 79 81 79 80 78 80 78 80 76 79 76 79 76 78 76 79 76 78 75 78 76 79 77 
CCD1=0 0 0 0 0 0 0 0 0 0 0 0 0 0 0 0 0 0 0 0 0 0 0 0 0 0 0 0 0 0 0 0 0 0 0 0 0 0 0 0 0 0 0 0 0 0 0 0 0 0 0 0 0 0 0 0 0 0 0 0 0 0 0 0 0 0 0 0 0 0 0 0 0 0 0 0 0 0 0 0 0 0 0 0 0 0 0 0 0 0 0 0 0 0 0 0 0 0 0 0 0 0 0 0 0 0 0 0 0 0 0 0 0 0 0 0 0 0 0 0 0 0 0 0 0 0 0 0 
[CCD拟图]
CCDLRC0=31 101 66 
CCDLRC1=31 101 66 
CCDLRC2=0 0 0 
[反馈数据]
0=6
1=122
2=40
3=4738
4=2100
5=1850
6=36
7=1
8=0
9=0
10=101
11=464
12=461
[控制固参]
0=0
