[CCD原图]
CCD0=57 67 77 83 99 110 119 115 118 112 114 112 114 110 112 111 112 111 115 112 116 114 106 112 118 116 120 117 121 118 119 119 120 120 123 121 125 119 125 123 124 123 125 122 126 120 120 117 117 111 107 101 94 87 85 80 81 79 82 81 84 81 86 83 86 83 85 83 84 82 85 82 84 80 83 81 83 81 83 78 77 73 75 73 78 78 80 79 80 79 79 77 80 76 79 77 79 77 79 77 78 75 78 75 76 75 78 75 76 75 76 75 76 74 76 73 75 74 75 73 75 73 74 73 74 74 76 75 
CCD1=0 0 0 0 0 0 0 0 0 0 0 0 0 0 0 0 0 0 0 0 0 0 0 0 0 0 0 0 0 0 0 0 0 0 0 0 0 0 0 0 0 0 0 0 0 0 0 0 0 0 0 0 0 0 0 0 0 0 0 0 0 0 0 0 0 0 0 0 0 0 0 0 0 0 0 0 0 0 0 0 0 0 0 0 0 0 0 0 0 0 0 0 0 0 0 0 0 0 0 0 0 0 0 0 0 0 0 0 0 0 0 0 0 0 0 0 0 0 0 0 0 0 0 0 0 0 0 0 
[CCD拟图]
CCDLRC0=6 61 20 
CCDLRC1=6 61 20 
CCDLRC2=0 0 0 
[反馈数据]
0=6
1=122
2=40
3=4738
4=2100
5=1850
6=36
7=1
8=0
9=0
10=116
11=479
12=476
[控制固参]
0=0
