[CCD原图]
CCD0=52 61 67 67 75 77 83 81 83 79 81 78 81 78 80 79 80 80 82 80 83 81 79 80 84 81 84 82 84 82 83 82 84 82 84 81 84 81 84 82 83 81 83 82 84 81 84 83 85 83 86 83 85 83 86 84 87 85 87 85 88 83 89 85 87 85 87 85 87 84 87 85 88 84 87 84 86 84 86 85 86 83 85 84 85 82 85 83 84 82 84 81 83 80 83 80 82 80 82 80 81 79 81 79 79 78 80 77 79 78 79 76 79 75 78 76 78 76 78 76 77 76 78 75 76 76 76 72 
CCD1=0 0 0 0 0 0 0 0 0 0 0 0 0 0 0 0 0 0 0 0 0 0 0 0 0 0 0 0 0 0 0 0 0 0 0 0 0 0 0 0 0 0 0 0 0 0 0 0 0 0 0 0 0 0 0 0 0 0 0 0 0 0 0 0 0 0 0 0 0 0 0 0 0 0 0 0 0 0 0 0 0 0 0 0 0 0 0 0 0 0 0 0 0 0 0 0 0 0 0 0 0 0 0 0 0 0 0 0 0 0 0 0 0 0 0 0 0 0 0 0 0 0 0 0 0 0 0 0 
[CCD拟图]
CCDLRC0=6 122 10 
CCDLRC1=6 122 10 
CCDLRC2=0 0 0 
[反馈数据]
0=6
1=122
2=40
3=4738
4=2100
5=1850
6=36
7=1
8=0
9=0
10=150
11=513
12=510
[控制固参]
0=0
