[CCD原图]
CCD0=58 69 79 85 106 115 125 122 126 119 122 119 122 117 119 120 121 122 126 125 128 125 116 122 129 127 130 128 131 129 131 131 133 133 135 134 136 130 135 133 133 131 133 130 135 130 132 130 128 116 105 91 84 80 82 81 85 84 87 87 87 83 88 85 88 86 87 86 87 85 87 85 87 84 86 84 86 84 85 83 85 82 85 82 84 82 83 82 83 82 83 81 83 80 83 81 83 80 82 81 83 80 84 81 83 82 84 83 84 83 85 82 84 81 84 81 84 82 83 81 83 82 83 81 82 83 86 85 
CCD1=0 0 0 0 0 0 0 0 0 0 0 0 0 0 0 0 0 0 0 0 0 0 0 0 0 0 0 0 0 0 0 0 0 0 0 0 0 0 0 0 0 0 0 0 0 0 0 0 0 0 0 0 0 0 0 0 0 0 0 0 0 0 0 0 0 0 0 0 0 0 0 0 0 0 0 0 0 0 0 0 0 0 0 0 0 0 0 0 0 0 0 0 0 0 0 0 0 0 0 0 0 0 0 0 0 0 0 0 0 0 0 0 0 0 0 0 0 0 0 0 0 0 0 0 0 0 0 0 
[CCD拟图]
CCDLRC0=6 47 6 
CCDLRC1=6 47 6 
CCDLRC2=0 0 0 
[反馈数据]
0=6
1=122
2=40
3=4738
4=2100
5=1850
6=36
7=1
8=0
9=0
10=181
11=544
12=541
[控制固参]
0=0
