[CCD原图]
CCD0=53 61 67 66 74 76 81 78 81 77 79 76 79 76 78 76 78 78 81 79 81 78 75 71 75 74 98 115 124 124 126 126 128 129 132 131 137 134 141 142 141 137 139 134 137 133 135 136 138 136 137 137 135 134 139 134 139 138 140 140 142 133 145 138 143 142 142 143 145 143 146 146 150 144 148 144 146 143 145 144 147 140 145 142 142 141 140 142 139 136 133 129 118 90 81 77 80 78 83 83 85 81 83 81 82 81 83 81 82 80 82 79 81 78 81 78 80 79 81 78 80 79 80 78 80 80 83 81 
CCD1=0 0 0 0 0 0 0 0 0 0 0 0 0 0 0 0 0 0 0 0 0 0 0 0 0 0 0 0 0 0 0 0 0 0 0 0 0 0 0 0 0 0 0 0 0 0 0 0 0 0 0 0 0 0 0 0 0 0 0 0 0 0 0 0 0 0 0 0 0 0 0 0 0 0 0 0 0 0 0 0 0 0 0 0 0 0 0 0 0 0 0 0 0 0 0 0 0 0 0 0 0 0 0 0 0 0 0 0 0 0 0 0 0 0 0 0 0 0 0 0 0 0 0 0 0 0 0 0 
[CCD拟图]
CCDLRC0=25 93 59 
CCDLRC1=25 93 59 
CCDLRC2=0 0 0 
[反馈数据]
0=6
1=122
2=40
3=4738
4=2100
5=1850
6=36
7=1
8=0
9=0
10=203
11=566
12=563
[控制固参]
0=0
