[CCD原图]
CCD0=52 60 66 66 74 75 80 77 80 76 79 76 79 75 77 75 76 73 74 73 82 107 110 118 125 123 126 123 127 125 125 126 127 127 130 130 133 128 134 136 137 138 142 140 144 137 137 138 143 140 139 138 135 135 138 134 139 138 139 140 142 132 144 136 141 139 138 138 141 138 141 141 145 140 148 147 152 150 151 149 150 143 145 141 140 136 136 137 126 100 84 80 82 81 86 83 85 81 84 82 83 80 82 80 81 80 82 80 81 79 80 78 80 77 79 77 79 77 80 77 79 78 80 77 78 78 81 79 
CCD1=0 0 0 0 0 0 0 0 0 0 0 0 0 0 0 0 0 0 0 0 0 0 0 0 0 0 0 0 0 0 0 0 0 0 0 0 0 0 0 0 0 0 0 0 0 0 0 0 0 0 0 0 0 0 0 0 0 0 0 0 0 0 0 0 0 0 0 0 0 0 0 0 0 0 0 0 0 0 0 0 0 0 0 0 0 0 0 0 0 0 0 0 0 0 0 0 0 0 0 0 0 0 0 0 0 0 0 0 0 0 0 0 0 0 0 0 0 0 0 0 0 0 0 0 0 0 0 0 
[CCD拟图]
CCDLRC0=19 91 55 
CCDLRC1=19 91 55 
CCDLRC2=0 0 0 
[反馈数据]
0=6
1=122
2=40
3=4738
4=2100
5=1850
6=36
7=1
8=0
9=0
10=223
11=586
12=583
[控制固参]
0=0
