[CCD原图]
CCD0=53 61 67 67 75 78 83 80 83 79 80 78 80 76 78 76 78 76 79 77 80 77 77 78 80 76 77 76 79 77 80 83 98 117 130 134 139 134 140 140 140 139 142 139 144 140 142 141 143 141 142 141 138 136 140 134 139 137 140 141 144 134 146 140 144 144 144 144 146 143 146 145 148 141 147 144 148 147 149 148 151 146 150 145 146 143 142 144 141 140 138 135 137 134 137 136 137 133 137 136 135 132 134 131 131 132 134 134 132 131 130 127 121 106 101 88 88 91 97 94 90 83 82 78 79 78 81 79 
CCD1=0 0 0 0 0 0 0 0 0 0 0 0 0 0 0 0 0 0 0 0 0 0 0 0 0 0 0 0 0 0 0 0 0 0 0 0 0 0 0 0 0 0 0 0 0 0 0 0 0 0 0 0 0 0 0 0 0 0 0 0 0 0 0 0 0 0 0 0 0 0 0 0 0 0 0 0 0 0 0 0 0 0 0 0 0 0 0 0 0 0 0 0 0 0 0 0 0 0 0 0 0 0 0 0 0 0 0 0 0 0 0 0 0 0 0 0 0 0 0 0 0 0 0 0 0 0 0 0 
[CCD拟图]
CCDLRC0=29 109 40 
CCDLRC1=29 109 40 
CCDLRC2=0 0 0 
[反馈数据]
0=6
1=122
2=40
3=4738
4=2100
5=1850
6=36
7=1
8=0
9=0
10=242
11=605
12=602
[控制固参]
0=0
