[CCD原图]
CCD0=53 60 67 67 75 77 82 78 81 77 79 75 77 74 76 74 76 75 78 76 79 75 75 76 79 78 79 78 81 79 80 79 80 80 83 80 84 80 84 82 84 81 84 82 86 83 85 83 83 78 79 77 78 75 79 78 86 95 111 123 135 130 145 138 143 142 141 141 142 139 141 141 144 138 145 142 146 144 145 143 146 141 146 143 144 141 141 144 140 139 137 134 136 133 135 134 135 130 134 133 132 129 131 129 130 131 132 133 131 131 131 130 132 127 131 126 129 129 130 127 128 128 129 126 125 129 131 131 
CCD1=0 0 0 0 0 0 0 0 0 0 0 0 0 0 0 0 0 0 0 0 0 0 0 0 0 0 0 0 0 0 0 0 0 0 0 0 0 0 0 0 0 0 0 0 0 0 0 0 0 0 0 0 0 0 0 0 0 0 0 0 0 0 0 0 0 0 0 0 0 0 0 0 0 0 0 0 0 0 0 0 0 0 0 0 0 0 0 0 0 0 0 0 0 0 0 0 0 0 0 0 0 0 0 0 0 0 0 0 0 0 0 0 0 0 0 0 0 0 0 0 0 0 0 0 0 0 0 0 
[CCD拟图]
CCDLRC0=52 122 93 
CCDLRC1=52 122 93 
CCDLRC2=0 0 0 
[反馈数据]
0=6
1=122
2=40
3=4738
4=2100
5=1850
6=36
7=1
8=0
9=0
10=253
11=616
12=613
[控制固参]
0=0
