[CCD原图]
CCD0=63 73 83 89 106 116 126 122 125 119 121 117 120 115 117 118 118 118 122 119 123 119 112 118 124 122 125 123 127 125 126 125 127 127 131 129 133 129 133 133 133 132 135 133 137 134 136 137 140 138 140 140 138 137 141 137 142 141 142 142 145 135 148 141 146 144 143 144 145 142 146 144 147 140 145 142 144 142 144 143 145 140 145 141 142 140 141 143 142 140 140 137 140 137 139 139 140 136 139 138 138 135 138 136 136 137 139 139 136 134 133 130 131 125 131 130 137 139 148 153 168 184 206 219 221 251 255 255 
CCD1=0 0 0 0 0 0 0 0 0 0 0 0 0 0 0 0 0 0 0 0 0 0 0 0 0 0 0 0 0 0 0 0 0 0 0 0 0 0 0 0 0 0 0 0 0 0 0 0 0 0 0 0 0 0 0 0 0 0 0 0 0 0 0 0 0 0 0 0 0 0 0 0 0 0 0 0 0 0 0 0 0 0 0 0 0 0 0 0 0 0 0 0 0 0 0 0 0 0 0 0 0 0 0 0 0 0 0 0 0 0 0 0 0 0 0 0 0 0 0 0 0 0 0 0 0 0 0 0 
[CCD拟图]
CCDLRC0=121 122 122 
CCDLRC1=121 122 122 
CCDLRC2=0 0 0 
[反馈数据]
0=6
1=122
2=40
3=4738
4=2100
5=1850
6=36
7=1
8=0
9=0
10=16
11=635
12=632
[控制固参]
0=0
