[CCD原图]
CCD0=48 57 63 63 68 69 74 71 74 69 72 70 72 69 72 69 70 68 72 70 73 71 71 71 75 73 75 73 76 74 73 69 70 69 71 80 105 109 119 120 121 120 125 122 127 124 127 128 131 130 132 131 128 127 129 126 129 127 129 129 130 121 133 126 132 130 130 129 130 128 130 128 130 124 127 123 126 123 125 123 125 120 123 120 122 121 123 125 123 123 122 120 123 120 122 121 121 117 121 119 118 111 96 76 75 73 75 75 77 75 77 74 76 73 76 73 75 73 75 72 74 72 74 71 73 71 74 72 
CCD1=0 0 0 0 0 0 0 0 0 0 0 0 0 0 0 0 0 0 0 0 0 0 0 0 0 0 0 0 0 0 0 0 0 0 0 0 0 0 0 0 0 0 0 0 0 0 0 0 0 0 0 0 0 0 0 0 0 0 0 0 0 0 0 0 0 0 0 0 0 0 0 0 0 0 0 0 0 0 0 0 0 0 0 0 0 0 0 0 0 0 0 0 0 0 0 0 0 0 0 0 0 0 0 0 0 0 0 0 0 0 0 0 0 0 0 0 0 0 0 0 0 0 0 0 0 0 0 0 
[CCD拟图]
CCDLRC0=35 103 69 
CCDLRC1=35 103 69 
CCDLRC2=0 0 0 
[反馈数据]
0=6
1=122
2=40
3=4738
4=2100
5=1850
6=36
7=1
8=0
9=0
10=222
11=73
12=70
[控制固参]
0=0
