[CCD原图]
CCD0=52 60 65 66 72 73 78 75 78 74 77 74 76 74 76 74 76 75 78 75 78 76 76 76 79 77 79 77 80 78 79 78 80 78 81 79 82 79 82 81 82 80 82 80 83 80 83 81 83 82 85 82 83 81 85 81 85 83 85 84 86 82 87 84 86 84 85 84 86 83 86 84 87 82 86 84 87 84 86 84 87 84 86 84 86 82 83 80 80 78 79 77 84 90 105 118 130 129 134 134 134 130 132 129 129 130 131 131 129 128 129 127 129 123 127 123 127 125 127 124 126 125 128 125 123 129 134 134 
CCD1=0 0 0 0 0 0 0 0 0 0 0 0 0 0 0 0 0 0 0 0 0 0 0 0 0 0 0 0 0 0 0 0 0 0 0 0 0 0 0 0 0 0 0 0 0 0 0 0 0 0 0 0 0 0 0 0 0 0 0 0 0 0 0 0 0 0 0 0 0 0 0 0 0 0 0 0 0 0 0 0 0 0 0 0 0 0 0 0 0 0 0 0 0 0 0 0 0 0 0 0 0 0 0 0 0 0 0 0 0 0 0 0 0 0 0 0 0 0 0 0 0 0 0 0 0 0 0 0 
[CCD拟图]
CCDLRC0=96 122 122 
CCDLRC1=96 122 122 
CCDLRC2=0 0 0 
[反馈数据]
0=6
1=122
2=40
3=4738
4=2100
5=1850
6=36
7=1
8=0
9=0
10=24
11=643
12=640
[控制固参]
0=0
