[CCD原图]
CCD0=54 62 68 68 76 77 81 78 82 78 81 78 80 78 80 79 81 80 83 81 84 81 79 80 83 79 80 78 79 84 95 105 117 125 131 132 136 132 138 137 137 136 139 137 141 138 141 141 144 142 144 144 142 141 146 142 147 147 150 153 156 147 162 155 161 159 158 158 158 153 155 152 153 145 149 145 146 144 144 143 146 141 145 141 141 138 139 142 140 139 138 135 137 133 131 122 110 95 86 79 82 82 86 85 86 85 86 85 85 83 85 82 85 81 84 81 83 82 83 81 82 81 83 81 82 82 85 82 
CCD1=0 0 0 0 0 0 0 0 0 0 0 0 0 0 0 0 0 0 0 0 0 0 0 0 0 0 0 0 0 0 0 0 0 0 0 0 0 0 0 0 0 0 0 0 0 0 0 0 0 0 0 0 0 0 0 0 0 0 0 0 0 0 0 0 0 0 0 0 0 0 0 0 0 0 0 0 0 0 0 0 0 0 0 0 0 0 0 0 0 0 0 0 0 0 0 0 0 0 0 0 0 0 0 0 0 0 0 0 0 0 0 0 0 0 0 0 0 0 0 0 0 0 0 0 0 0 0 0 
[CCD拟图]
CCDLRC0=37 102 69 
CCDLRC1=37 102 69 
CCDLRC2=0 0 0 
[反馈数据]
0=6
1=122
2=40
3=4738
4=2100
5=1850
6=36
7=1
8=0
9=0
10=41
11=660
12=657
[控制固参]
0=0
