[CCD原图]
CCD0=57 68 79 85 105 114 124 120 124 119 124 121 121 116 122 123 125 124 129 126 129 126 117 123 131 129 133 130 133 131 131 130 133 133 135 135 140 136 140 140 141 139 142 140 145 142 146 148 154 156 162 167 167 170 177 169 172 169 166 161 158 144 156 146 149 147 147 147 148 145 147 145 148 141 146 142 143 142 143 142 144 140 144 141 143 140 143 148 148 152 156 157 162 159 160 156 152 142 142 139 137 132 134 132 132 132 134 133 131 130 129 128 129 123 127 123 126 125 126 124 125 126 129 127 128 137 145 145 
CCD1=0 0 0 0 0 0 0 0 0 0 0 0 0 0 0 0 0 0 0 0 0 0 0 0 0 0 0 0 0 0 0 0 0 0 0 0 0 0 0 0 0 0 0 0 0 0 0 0 0 0 0 0 0 0 0 0 0 0 0 0 0 0 0 0 0 0 0 0 0 0 0 0 0 0 0 0 0 0 0 0 0 0 0 0 0 0 0 0 0 0 0 0 0 0 0 0 0 0 0 0 0 0 0 0 0 0 0 0 0 0 0 0 0 0 0 0 0 0 0 0 0 0 0 0 0 0 0 0 
[CCD拟图]
CCDLRC0=6 122 43 
CCDLRC1=6 122 43 
CCDLRC2=0 0 0 
[反馈数据]
0=6
1=122
2=40
3=4738
4=2100
5=1850
6=36
7=1
8=0
9=0
10=72
11=691
12=688
[控制固参]
0=0
