[CCD原图]
CCD0=58 70 81 89 109 119 131 126 129 123 125 123 125 123 126 128 132 134 141 140 145 141 128 135 141 136 136 132 134 131 131 130 131 131 133 133 137 132 136 136 136 134 138 136 140 136 138 139 143 141 142 143 141 140 146 143 151 154 160 164 167 156 172 163 164 151 132 109 93 86 88 86 92 91 93 90 92 89 90 88 90 87 89 86 87 85 87 86 87 85 86 83 86 83 86 84 86 83 86 84 85 83 86 84 85 84 87 86 86 84 86 84 86 82 85 82 84 83 84 81 83 82 83 81 81 82 84 83 
CCD1=0 0 0 0 0 0 0 0 0 0 0 0 0 0 0 0 0 0 0 0 0 0 0 0 0 0 0 0 0 0 0 0 0 0 0 0 0 0 0 0 0 0 0 0 0 0 0 0 0 0 0 0 0 0 0 0 0 0 0 0 0 0 0 0 0 0 0 0 0 0 0 0 0 0 0 0 0 0 0 0 0 0 0 0 0 0 0 0 0 0 0 0 0 0 0 0 0 0 0 0 0 0 0 0 0 0 0 0 0 0 0 0 0 0 0 0 0 0 0 0 0 0 0 0 0 0 0 0 
[CCD拟图]
CCDLRC0=6 71 33 
CCDLRC1=6 71 33 
CCDLRC2=0 0 0 
[反馈数据]
0=6
1=122
2=40
3=4738
4=2100
5=1850
6=36
7=1
8=0
9=0
10=106
11=725
12=722
[控制固参]
0=0
