[CCD原图]
CCD0=59 70 80 88 108 119 129 126 130 123 126 123 125 123 125 128 132 134 141 141 145 142 130 137 143 139 139 135 136 132 132 131 132 132 134 133 137 132 136 136 137 134 138 135 141 136 139 140 143 141 142 143 140 141 146 143 150 152 156 160 164 153 169 157 154 133 113 96 91 87 90 90 93 91 93 90 92 90 90 88 90 86 89 86 88 86 87 86 87 85 86 83 85 83 85 84 85 83 86 84 85 83 85 83 84 84 86 85 86 84 86 84 86 83 84 82 85 83 84 81 83 82 83 81 82 81 85 83 
CCD1=0 0 0 0 0 0 0 0 0 0 0 0 0 0 0 0 0 0 0 0 0 0 0 0 0 0 0 0 0 0 0 0 0 0 0 0 0 0 0 0 0 0 0 0 0 0 0 0 0 0 0 0 0 0 0 0 0 0 0 0 0 0 0 0 0 0 0 0 0 0 0 0 0 0 0 0 0 0 0 0 0 0 0 0 0 0 0 0 0 0 0 0 0 0 0 0 0 0 0 0 0 0 0 0 0 0 0 0 0 0 0 0 0 0 0 0 0 0 0 0 0 0 0 0 0 0 0 0 
[CCD拟图]
CCDLRC0=6 67 29 
CCDLRC1=6 67 29 
CCDLRC2=0 0 0 
[反馈数据]
0=6
1=122
2=40
3=4738
4=2100
5=1850
6=36
7=1
8=0
9=0
10=107
11=726
12=723
[控制固参]
0=0
