[CCD原图]
CCD0=53 62 67 67 75 76 81 77 79 76 80 78 80 77 79 77 79 78 81 78 82 80 79 79 83 82 83 82 84 82 83 82 83 82 84 82 84 80 84 82 83 81 84 82 85 82 85 84 85 84 87 84 85 83 87 85 88 86 89 87 90 86 92 89 91 89 90 89 90 87 90 88 90 85 88 86 87 85 88 85 87 85 87 85 86 84 86 86 86 85 85 83 86 83 86 84 86 84 86 84 85 83 85 83 85 85 86 85 86 85 87 84 87 83 85 82 85 83 85 82 83 82 82 81 81 82 84 82 
CCD1=0 0 0 0 0 0 0 0 0 0 0 0 0 0 0 0 0 0 0 0 0 0 0 0 0 0 0 0 0 0 0 0 0 0 0 0 0 0 0 0 0 0 0 0 0 0 0 0 0 0 0 0 0 0 0 0 0 0 0 0 0 0 0 0 0 0 0 0 0 0 0 0 0 0 0 0 0 0 0 0 0 0 0 0 0 0 0 0 0 0 0 0 0 0 0 0 0 0 0 0 0 0 0 0 0 0 0 0 0 0 0 0 0 0 0 0 0 0 0 0 0 0 0 0 0 0 0 0 
[CCD拟图]
CCDLRC0=6 15 10 
CCDLRC1=6 15 10 
CCDLRC2=0 0 0 
[反馈数据]
0=6
1=122
2=40
3=4738
4=2100
5=1850
6=36
7=1
8=0
9=0
10=125
11=744
12=741
[控制固参]
0=0
