[CCD原图]
CCD0=59 70 81 89 110 123 134 132 135 130 133 130 132 128 129 130 128 127 130 128 131 126 118 124 131 128 131 129 132 130 130 130 132 132 135 133 137 132 137 135 132 124 119 107 100 88 83 80 81 79 81 79 79 78 82 81 85 84 88 87 90 86 90 87 89 87 88 87 89 87 89 87 89 85 88 86 88 85 87 85 87 84 87 84 86 83 85 84 86 83 84 82 84 81 83 83 84 81 83 81 82 80 81 79 81 80 81 79 81 79 81 78 80 77 80 78 79 78 79 77 79 78 79 77 79 78 81 80 
CCD1=0 0 0 0 0 0 0 0 0 0 0 0 0 0 0 0 0 0 0 0 0 0 0 0 0 0 0 0 0 0 0 0 0 0 0 0 0 0 0 0 0 0 0 0 0 0 0 0 0 0 0 0 0 0 0 0 0 0 0 0 0 0 0 0 0 0 0 0 0 0 0 0 0 0 0 0 0 0 0 0 0 0 0 0 0 0 0 0 0 0 0 0 0 0 0 0 0 0 0 0 0 0 0 0 0 0 0 0 0 0 0 0 0 0 0 0 0 0 0 0 0 0 0 0 0 0 0 0 
[CCD拟图]
CCDLRC0=6 40 6 
CCDLRC1=6 40 6 
CCDLRC2=0 0 0 
[反馈数据]
0=6
1=122
2=40
3=4738
4=2100
5=1850
6=36
7=1
8=0
9=0
10=199
11=818
12=815
[控制固参]
0=0
