[CCD原图]
CCD0=54 61 67 67 74 75 80 77 79 77 78 73 73 70 74 92 113 117 123 120 124 122 114 120 128 126 128 125 129 127 128 127 129 130 133 132 136 131 136 136 136 134 138 136 141 137 141 141 144 143 145 144 141 141 145 139 145 143 144 145 146 137 149 141 146 143 143 143 144 140 143 142 146 140 145 142 145 143 145 145 149 142 146 133 107 87 87 85 87 87 88 85 87 84 87 85 86 83 85 83 84 81 83 81 83 81 83 81 82 80 82 80 82 79 81 79 81 80 82 79 81 80 81 79 80 80 83 82 
CCD1=0 0 0 0 0 0 0 0 0 0 0 0 0 0 0 0 0 0 0 0 0 0 0 0 0 0 0 0 0 0 0 0 0 0 0 0 0 0 0 0 0 0 0 0 0 0 0 0 0 0 0 0 0 0 0 0 0 0 0 0 0 0 0 0 0 0 0 0 0 0 0 0 0 0 0 0 0 0 0 0 0 0 0 0 0 0 0 0 0 0 0 0 0 0 0 0 0 0 0 0 0 0 0 0 0 0 0 0 0 0 0 0 0 0 0 0 0 0 0 0 0 0 0 0 0 0 0 0 
[CCD拟图]
CCDLRC0=14 87 50 
CCDLRC1=14 87 50 
CCDLRC2=0 0 0 
[反馈数据]
0=6
1=122
2=40
3=4738
4=2100
5=1850
6=36
7=1
8=0
9=0
10=237
11=856
12=853
[控制固参]
0=0
