[CCD原图]
CCD0=54 62 67 67 74 75 80 74 75 72 84 110 118 114 117 117 117 117 122 119 123 120 112 119 125 123 126 125 128 126 127 127 129 129 131 131 134 130 136 135 134 133 136 134 139 136 138 138 141 140 142 142 140 139 142 138 142 141 143 142 144 134 147 140 143 142 142 142 144 141 144 141 144 137 143 139 141 135 116 88 83 80 83 82 86 85 87 86 86 85 85 83 86 82 85 83 85 82 84 82 83 81 82 80 82 80 82 80 81 79 81 78 80 78 80 78 80 78 80 77 79 78 80 77 79 79 82 79 
CCD1=0 0 0 0 0 0 0 0 0 0 0 0 0 0 0 0 0 0 0 0 0 0 0 0 0 0 0 0 0 0 0 0 0 0 0 0 0 0 0 0 0 0 0 0 0 0 0 0 0 0 0 0 0 0 0 0 0 0 0 0 0 0 0 0 0 0 0 0 0 0 0 0 0 0 0 0 0 0 0 0 0 0 0 0 0 0 0 0 0 0 0 0 0 0 0 0 0 0 0 0 0 0 0 0 0 0 0 0 0 0 0 0 0 0 0 0 0 0 0 0 0 0 0 0 0 0 0 0 
[CCD拟图]
CCDLRC0=10 79 44 
CCDLRC1=10 79 44 
CCDLRC2=0 0 0 
[反馈数据]
0=6
1=122
2=40
3=4738
4=2100
5=1850
6=36
7=1
8=0
9=0
10=249
11=868
12=865
[控制固参]
0=0
