[CCD原图]
CCD0=53 62 67 67 74 75 76 70 74 92 117 115 118 114 117 117 117 118 121 118 123 118 111 116 123 122 125 124 127 125 126 126 128 128 130 130 133 127 133 132 133 131 134 132 136 133 136 136 140 138 141 141 137 137 140 135 140 138 140 140 141 132 145 138 143 141 140 141 141 137 140 138 137 122 102 79 79 76 80 82 87 83 87 84 85 83 85 84 84 83 84 82 84 80 83 82 83 80 83 82 82 79 82 80 81 79 81 80 81 79 80 79 80 77 81 77 80 79 80 77 79 77 79 77 79 78 81 79 
CCD1=0 0 0 0 0 0 0 0 0 0 0 0 0 0 0 0 0 0 0 0 0 0 0 0 0 0 0 0 0 0 0 0 0 0 0 0 0 0 0 0 0 0 0 0 0 0 0 0 0 0 0 0 0 0 0 0 0 0 0 0 0 0 0 0 0 0 0 0 0 0 0 0 0 0 0 0 0 0 0 0 0 0 0 0 0 0 0 0 0 0 0 0 0 0 0 0 0 0 0 0 0 0 0 0 0 0 0 0 0 0 0 0 0 0 0 0 0 0 0 0 0 0 0 0 0 0 0 0 
[CCD拟图]
CCDLRC0=8 75 41 
CCDLRC1=8 75 41 
CCDLRC2=0 0 0 
[反馈数据]
0=6
1=122
2=40
3=4738
4=2100
5=1850
6=36
7=1
8=0
9=0
10=14
11=889
12=886
[控制固参]
0=0
