[CCD原图]
CCD0=52 60 66 65 71 72 76 73 75 72 74 72 74 72 74 72 74 73 75 73 75 72 73 73 77 74 77 74 77 75 77 75 78 77 79 77 80 77 79 75 74 72 74 74 87 102 118 124 130 128 130 130 129 128 131 127 132 131 132 132 134 125 136 130 133 132 132 131 133 130 132 131 133 129 133 129 132 130 131 129 132 127 131 128 130 126 128 129 128 127 127 124 126 122 125 125 126 122 125 123 123 120 121 118 119 120 120 120 119 119 120 119 122 117 121 117 121 119 119 117 119 116 118 113 103 91 82 75 
CCD1=0 0 0 0 0 0 0 0 0 0 0 0 0 0 0 0 0 0 0 0 0 0 0 0 0 0 0 0 0 0 0 0 0 0 0 0 0 0 0 0 0 0 0 0 0 0 0 0 0 0 0 0 0 0 0 0 0 0 0 0 0 0 0 0 0 0 0 0 0 0 0 0 0 0 0 0 0 0 0 0 0 0 0 0 0 0 0 0 0 0 0 0 0 0 0 0 0 0 0 0 0 0 0 0 0 0 0 0 0 0 0 0 0 0 0 0 0 0 0 0 0 0 0 0 0 0 0 0 
[CCD拟图]
CCDLRC0=43 122 82 
CCDLRC1=43 122 82 
CCDLRC2=0 0 0 
[反馈数据]
0=6
1=122
2=40
3=4738
4=2100
5=1850
6=36
7=1
8=0
9=0
10=250
11=101
12=98
[控制固参]
0=0
