[CCD原图]
CCD0=57 69 79 87 106 117 127 124 127 121 123 119 122 117 119 119 120 119 123 121 125 122 113 120 126 124 126 124 127 125 126 125 127 127 129 126 128 121 122 118 114 108 105 97 94 85 83 79 79 76 78 78 79 79 82 80 83 83 85 84 86 81 87 83 85 83 85 83 85 83 85 83 84 81 84 81 83 81 83 81 83 81 83 81 82 80 82 81 82 80 81 79 81 79 81 79 81 79 80 79 80 78 80 77 79 78 78 78 79 76 78 76 78 75 77 75 78 75 78 76 77 75 77 74 76 76 78 76 
CCD1=0 0 0 0 0 0 0 0 0 0 0 0 0 0 0 0 0 0 0 0 0 0 0 0 0 0 0 0 0 0 0 0 0 0 0 0 0 0 0 0 0 0 0 0 0 0 0 0 0 0 0 0 0 0 0 0 0 0 0 0 0 0 0 0 0 0 0 0 0 0 0 0 0 0 0 0 0 0 0 0 0 0 0 0 0 0 0 0 0 0 0 0 0 0 0 0 0 0 0 0 0 0 0 0 0 0 0 0 0 0 0 0 0 0 0 0 0 0 0 0 0 0 0 0 0 0 0 0 
[CCD拟图]
CCDLRC0=6 39 6 
CCDLRC1=6 39 6 
CCDLRC2=0 0 0 
[反馈数据]
0=6
1=122
2=40
3=4738
4=2100
5=1850
6=36
7=1
8=0
9=0
10=88
11=963
12=960
[控制固参]
0=0
