[CCD原图]
CCD0=57 69 78 84 102 112 121 117 119 113 116 114 116 113 116 115 116 116 121 118 123 121 113 122 129 130 136 137 142 142 142 141 140 137 137 133 133 127 132 131 131 130 134 132 137 135 137 137 141 140 141 141 139 138 142 138 142 141 142 142 144 135 147 140 143 140 139 138 134 125 117 103 94 83 83 80 84 82 86 84 87 83 86 83 84 82 85 83 84 82 83 80 83 80 82 81 82 80 82 80 81 79 80 78 80 78 80 78 79 76 79 77 78 75 78 75 78 76 78 75 77 75 77 76 76 76 79 77 
CCD1=0 0 0 0 0 0 0 0 0 0 0 0 0 0 0 0 0 0 0 0 0 0 0 0 0 0 0 0 0 0 0 0 0 0 0 0 0 0 0 0 0 0 0 0 0 0 0 0 0 0 0 0 0 0 0 0 0 0 0 0 0 0 0 0 0 0 0 0 0 0 0 0 0 0 0 0 0 0 0 0 0 0 0 0 0 0 0 0 0 0 0 0 0 0 0 0 0 0 0 0 0 0 0 0 0 0 0 0 0 0 0 0 0 0 0 0 0 0 0 0 0 0 0 0 0 0 0 0 
[CCD拟图]
CCDLRC0=6 67 29 
CCDLRC1=6 67 29 
CCDLRC2=0 0 0 
[反馈数据]
0=6
1=122
2=40
3=4738
4=2100
5=1850
6=36
7=1
8=0
9=0
10=94
11=969
12=966
[控制固参]
0=0
