[CCD原图]
CCD0=58 68 78 86 104 113 122 119 121 116 118 115 117 113 116 115 116 116 120 118 121 118 111 117 124 121 126 122 127 124 125 125 126 126 128 128 131 127 132 132 132 132 136 135 141 140 142 144 146 143 143 141 137 136 138 133 137 135 136 137 138 130 142 134 139 137 136 136 137 133 133 124 112 94 89 83 84 83 86 86 88 85 87 85 86 84 85 84 85 83 85 82 85 81 84 82 83 81 83 81 82 80 82 79 80 80 81 79 80 79 80 78 80 76 79 76 78 77 78 75 78 76 79 76 77 77 80 78 
CCD1=0 0 0 0 0 0 0 0 0 0 0 0 0 0 0 0 0 0 0 0 0 0 0 0 0 0 0 0 0 0 0 0 0 0 0 0 0 0 0 0 0 0 0 0 0 0 0 0 0 0 0 0 0 0 0 0 0 0 0 0 0 0 0 0 0 0 0 0 0 0 0 0 0 0 0 0 0 0 0 0 0 0 0 0 0 0 0 0 0 0 0 0 0 0 0 0 0 0 0 0 0 0 0 0 0 0 0 0 0 0 0 0 0 0 0 0 0 0 0 0 0 0 0 0 0 0 0 0 
[CCD拟图]
CCDLRC0=6 74 36 
CCDLRC1=6 74 36 
CCDLRC2=0 0 0 
[反馈数据]
0=6
1=122
2=40
3=4738
4=2100
5=1850
6=36
7=1
8=0
9=0
10=97
11=972
12=969
[控制固参]
0=0
