[CCD原图]
CCD0=55 66 74 80 97 105 107 93 94 95 101 102 108 107 112 114 116 116 120 118 121 118 110 117 124 122 125 123 126 124 125 125 127 128 131 131 135 131 138 138 138 138 142 138 143 139 141 141 143 140 140 139 136 135 139 135 140 139 140 140 142 132 144 136 140 138 137 138 138 136 139 138 141 135 140 137 140 137 138 137 139 134 139 135 136 134 134 137 134 134 133 130 132 128 130 126 119 104 97 87 83 78 81 80 82 81 83 81 81 79 81 78 81 78 80 77 79 77 79 77 78 77 79 76 77 77 80 78 
CCD1=0 0 0 0 0 0 0 0 0 0 0 0 0 0 0 0 0 0 0 0 0 0 0 0 0 0 0 0 0 0 0 0 0 0 0 0 0 0 0 0 0 0 0 0 0 0 0 0 0 0 0 0 0 0 0 0 0 0 0 0 0 0 0 0 0 0 0 0 0 0 0 0 0 0 0 0 0 0 0 0 0 0 0 0 0 0 0 0 0 0 0 0 0 0 0 0 0 0 0 0 0 0 0 0 0 0 0 0 0 0 0 0 0 0 0 0 0 0 0 0 0 0 0 0 0 0 0 0 
[CCD拟图]
CCDLRC0=17 102 59 
CCDLRC1=17 102 59 
CCDLRC2=0 0 0 
[反馈数据]
0=6
1=122
2=40
3=4738
4=2100
5=1850
6=36
7=1
8=0
9=0
10=143
11=1018
12=1015
[控制固参]
0=0
