[CCD原图]
CCD0=52 61 67 67 73 72 76 74 78 76 80 79 81 78 79 76 76 74 77 75 79 75 75 75 78 76 78 75 77 75 76 75 77 76 78 76 79 76 79 77 79 77 80 77 81 78 80 78 80 78 80 78 79 78 80 78 80 79 81 79 81 77 82 79 80 78 80 78 80 77 80 78 80 76 78 76 79 76 78 76 78 75 78 76 77 74 76 74 76 74 75 73 75 73 76 75 77 74 77 75 77 74 77 74 75 74 76 73 76 74 75 73 75 73 75 72 74 73 74 72 74 72 73 71 73 71 74 72 
CCD1=0 0 0 0 0 0 0 0 0 0 0 0 0 0 0 0 0 0 0 0 0 0 0 0 0 0 0 0 0 0 0 0 0 0 0 0 0 0 0 0 0 0 0 0 0 0 0 0 0 0 0 0 0 0 0 0 0 0 0 0 0 0 0 0 0 0 0 0 0 0 0 0 0 0 0 0 0 0 0 0 0 0 0 0 0 0 0 0 0 0 0 0 0 0 0 0 0 0 0 0 0 0 0 0 0 0 0 0 0 0 0 0 0 0 0 0 0 0 0 0 0 0 0 0 0 0 0 0 
[CCD拟图]
CCDLRC0=6 23 10 
CCDLRC1=6 23 10 
CCDLRC2=0 0 0 
[反馈数据]
0=6
1=122
2=40
3=4738
4=2100
5=1850
6=36
7=1
8=0
9=0
10=184
11=1059
12=1056
[控制固参]
0=0
