[CCD原图]
CCD0=54 63 69 68 77 79 84 80 79 76 88 112 121 120 125 128 129 129 133 129 131 126 115 120 125 123 125 123 125 122 124 124 125 126 130 129 133 128 132 132 132 131 135 134 141 140 145 148 151 148 147 145 139 137 140 136 140 138 139 139 141 131 143 136 140 137 136 137 136 134 136 134 135 129 133 129 121 89 82 79 83 81 85 83 85 82 84 83 84 82 82 79 81 77 80 78 80 77 80 79 82 79 81 79 80 78 80 79 79 76 77 76 77 74 76 73 75 73 74 73 73 72 73 71 73 71 74 72 
CCD1=0 0 0 0 0 0 0 0 0 0 0 0 0 0 0 0 0 0 0 0 0 0 0 0 0 0 0 0 0 0 0 0 0 0 0 0 0 0 0 0 0 0 0 0 0 0 0 0 0 0 0 0 0 0 0 0 0 0 0 0 0 0 0 0 0 0 0 0 0 0 0 0 0 0 0 0 0 0 0 0 0 0 0 0 0 0 0 0 0 0 0 0 0 0 0 0 0 0 0 0 0 0 0 0 0 0 0 0 0 0 0 0 0 0 0 0 0 0 0 0 0 0 0 0 0 0 0 0 
[CCD拟图]
CCDLRC0=9 77 43 
CCDLRC1=9 77 43 
CCDLRC2=0 0 0 
[反馈数据]
0=6
1=122
2=40
3=4738
4=2100
5=1850
6=36
7=1
8=0
9=0
10=48
11=1179
12=1176
[控制固参]
0=0
