[CCD原图]
CCD0=56 67 75 80 92 96 111 116 125 121 124 120 122 119 121 121 121 121 125 123 127 123 115 123 131 130 134 132 137 135 136 136 136 136 137 135 137 131 135 135 134 131 135 132 136 132 134 135 138 136 138 138 137 136 140 136 142 142 145 146 150 141 156 150 155 152 151 149 149 145 146 144 146 138 144 141 144 140 139 132 125 107 97 83 78 75 78 78 80 79 81 79 82 79 81 80 82 80 82 81 83 81 84 83 84 83 84 83 83 80 82 79 81 77 79 76 78 76 78 75 77 76 77 75 76 75 78 76 
CCD1=0 0 0 0 0 0 0 0 0 0 0 0 0 0 0 0 0 0 0 0 0 0 0 0 0 0 0 0 0 0 0 0 0 0 0 0 0 0 0 0 0 0 0 0 0 0 0 0 0 0 0 0 0 0 0 0 0 0 0 0 0 0 0 0 0 0 0 0 0 0 0 0 0 0 0 0 0 0 0 0 0 0 0 0 0 0 0 0 0 0 0 0 0 0 0 0 0 0 0 0 0 0 0 0 0 0 0 0 0 0 0 0 0 0 0 0 0 0 0 0 0 0 0 0 0 0 0 0 
[CCD拟图]
CCDLRC0=7 83 45 
CCDLRC1=7 83 45 
CCDLRC2=0 0 0 
[反馈数据]
0=6
1=122
2=40
3=4738
4=2100
5=1850
6=36
7=1
8=0
9=0
10=82
11=1213
12=1210
[控制固参]
0=0
