[CCD原图]
CCD0=50 57 63 62 67 67 71 68 71 68 71 68 71 68 71 69 70 68 71 69 72 70 70 70 73 71 74 72 74 72 74 73 75 74 76 74 75 71 73 71 79 89 106 115 124 123 125 126 129 128 130 130 127 127 130 127 131 130 131 132 134 126 137 131 134 132 131 132 132 130 132 132 132 127 131 128 131 129 129 128 130 126 129 126 127 125 126 127 125 124 123 120 123 120 122 121 122 117 120 118 118 114 116 113 112 113 113 110 100 87 78 71 72 69 71 70 73 70 72 70 72 70 72 70 71 70 72 70 
CCD1=0 0 0 0 0 0 0 0 0 0 0 0 0 0 0 0 0 0 0 0 0 0 0 0 0 0 0 0 0 0 0 0 0 0 0 0 0 0 0 0 0 0 0 0 0 0 0 0 0 0 0 0 0 0 0 0 0 0 0 0 0 0 0 0 0 0 0 0 0 0 0 0 0 0 0 0 0 0 0 0 0 0 0 0 0 0 0 0 0 0 0 0 0 0 0 0 0 0 0 0 0 0 0 0 0 0 0 0 0 0 0 0 0 0 0 0 0 0 0 0 0 0 0 0 0 0 0 0 
[CCD拟图]
CCDLRC0=44 113 78 
CCDLRC1=44 113 78 
CCDLRC2=0 0 0 
[反馈数据]
0=6
1=122
2=40
3=4738
4=2100
5=1850
6=36
7=1
8=0
9=0
10=27
11=134
12=131
[控制固参]
0=0
