[CCD原图]
CCD0=52 60 66 66 72 73 78 75 78 74 77 74 76 74 76 74 75 74 77 76 78 75 75 75 79 76 79 77 79 77 78 78 79 77 79 78 81 78 80 79 81 79 81 79 82 80 82 81 84 81 84 82 83 81 84 82 85 83 85 84 87 82 88 84 87 85 86 85 86 84 87 85 87 84 86 84 87 84 86 84 86 82 83 80 81 81 88 97 108 117 123 124 129 127 131 131 133 129 133 134 135 133 138 139 141 146 148 150 146 144 142 139 139 130 134 127 129 126 126 123 124 123 126 123 122 126 131 131 
CCD1=0 0 0 0 0 0 0 0 0 0 0 0 0 0 0 0 0 0 0 0 0 0 0 0 0 0 0 0 0 0 0 0 0 0 0 0 0 0 0 0 0 0 0 0 0 0 0 0 0 0 0 0 0 0 0 0 0 0 0 0 0 0 0 0 0 0 0 0 0 0 0 0 0 0 0 0 0 0 0 0 0 0 0 0 0 0 0 0 0 0 0 0 0 0 0 0 0 0 0 0 0 0 0 0 0 0 0 0 0 0 0 0 0 0 0 0 0 0 0 0 0 0 0 0 0 0 0 0 
[CCD拟图]
CCDLRC0=90 122 122 
CCDLRC1=90 122 122 
CCDLRC2=0 0 0 
[反馈数据]
0=6
1=122
2=40
3=4738
4=2100
5=1850
6=36
7=1
8=0
9=0
10=161
11=1292
12=1289
[控制固参]
0=0
