[CCD原图]
CCD0=53 60 67 66 73 74 79 76 79 76 78 75 78 75 77 76 78 76 79 77 79 78 76 77 81 79 82 79 82 80 81 81 82 80 80 75 76 76 91 114 129 131 137 137 146 146 154 158 163 161 160 158 149 144 145 138 141 139 141 140 143 133 145 138 142 140 140 141 142 139 142 141 145 140 147 147 152 153 154 150 149 140 142 138 139 136 136 139 136 136 134 132 133 130 132 132 133 128 131 130 130 126 127 124 123 108 86 78 79 78 83 81 83 78 82 78 82 80 82 79 81 79 80 78 79 79 82 80 
CCD1=0 0 0 0 0 0 0 0 0 0 0 0 0 0 0 0 0 0 0 0 0 0 0 0 0 0 0 0 0 0 0 0 0 0 0 0 0 0 0 0 0 0 0 0 0 0 0 0 0 0 0 0 0 0 0 0 0 0 0 0 0 0 0 0 0 0 0 0 0 0 0 0 0 0 0 0 0 0 0 0 0 0 0 0 0 0 0 0 0 0 0 0 0 0 0 0 0 0 0 0 0 0 0 0 0 0 0 0 0 0 0 0 0 0 0 0 0 0 0 0 0 0 0 0 0 0 0 0 
[CCD拟图]
CCDLRC0=40 107 73 
CCDLRC1=40 107 73 
CCDLRC2=0 0 0 
[反馈数据]
0=6
1=122
2=40
3=4738
4=2100
5=1850
6=36
7=1
8=0
9=0
10=185
11=1316
12=1313
[控制固参]
0=0
