[CCD原图]
CCD0=54 62 67 68 75 76 80 76 76 71 72 70 72 70 72 76 89 98 110 114 121 119 111 118 125 123 126 125 128 126 128 128 129 130 133 134 142 140 150 153 154 152 157 156 159 148 146 143 143 139 140 139 137 136 139 135 140 139 140 139 141 132 145 138 144 143 144 149 154 154 158 157 158 149 151 146 147 143 143 141 142 137 141 137 139 136 136 138 136 134 133 130 131 127 126 115 101 83 78 74 77 74 77 77 80 80 82 81 82 81 82 79 81 78 81 78 80 78 80 78 80 78 80 78 79 79 81 79 
CCD1=0 0 0 0 0 0 0 0 0 0 0 0 0 0 0 0 0 0 0 0 0 0 0 0 0 0 0 0 0 0 0 0 0 0 0 0 0 0 0 0 0 0 0 0 0 0 0 0 0 0 0 0 0 0 0 0 0 0 0 0 0 0 0 0 0 0 0 0 0 0 0 0 0 0 0 0 0 0 0 0 0 0 0 0 0 0 0 0 0 0 0 0 0 0 0 0 0 0 0 0 0 0 0 0 0 0 0 0 0 0 0 0 0 0 0 0 0 0 0 0 0 0 0 0 0 0 0 0 
[CCD拟图]
CCDLRC0=23 99 61 
CCDLRC1=23 99 61 
CCDLRC2=0 0 0 
[反馈数据]
0=6
1=122
2=40
3=4738
4=2100
5=1850
6=36
7=1
8=0
9=0
10=193
11=1324
12=1321
[控制固参]
0=0
