[CCD原图]
CCD0=52 62 69 71 81 85 91 88 89 84 85 82 82 78 79 76 77 74 76 73 75 71 72 71 74 72 74 72 75 73 75 75 77 77 79 78 80 77 80 78 80 78 81 79 83 80 82 81 83 81 83 81 82 80 83 80 83 81 83 82 84 80 85 81 84 81 83 82 84 81 84 82 84 81 84 81 84 81 83 82 84 81 84 81 84 81 83 82 82 81 82 79 82 79 81 80 81 79 80 78 80 77 79 77 78 77 79 78 79 77 79 76 79 75 78 75 78 76 78 76 78 76 78 76 77 77 80 78 
CCD1=0 0 0 0 0 0 0 0 0 0 0 0 0 0 0 0 0 0 0 0 0 0 0 0 0 0 0 0 0 0 0 0 0 0 0 0 0 0 0 0 0 0 0 0 0 0 0 0 0 0 0 0 0 0 0 0 0 0 0 0 0 0 0 0 0 0 0 0 0 0 0 0 0 0 0 0 0 0 0 0 0 0 0 0 0 0 0 0 0 0 0 0 0 0 0 0 0 0 0 0 0 0 0 0 0 0 0 0 0 0 0 0 0 0 0 0 0 0 0 0 0 0 0 0 0 0 0 0 
[CCD拟图]
CCDLRC0=6 23 10 
CCDLRC1=6 23 10 
CCDLRC2=0 0 0 
[反馈数据]
0=6
1=122
2=40
3=4738
4=2100
5=1850
6=36
7=1
8=0
9=0
10=225
11=1356
12=1353
[控制固参]
0=0
