[CCD原图]
CCD0=57 68 79 85 104 114 124 121 124 118 119 116 118 113 114 111 106 99 95 86 83 75 73 73 77 76 80 78 81 79 81 79 81 80 82 80 82 77 79 78 79 78 81 79 83 80 83 81 83 81 83 82 82 81 84 81 84 82 84 83 85 80 85 81 84 82 83 82 83 81 83 82 84 81 83 81 83 82 83 81 83 81 83 80 82 79 82 81 82 80 81 78 80 78 80 79 80 78 80 78 79 77 79 77 78 77 78 77 78 76 78 76 78 75 77 75 77 75 77 75 77 75 77 75 76 76 78 77 
CCD1=0 0 0 0 0 0 0 0 0 0 0 0 0 0 0 0 0 0 0 0 0 0 0 0 0 0 0 0 0 0 0 0 0 0 0 0 0 0 0 0 0 0 0 0 0 0 0 0 0 0 0 0 0 0 0 0 0 0 0 0 0 0 0 0 0 0 0 0 0 0 0 0 0 0 0 0 0 0 0 0 0 0 0 0 0 0 0 0 0 0 0 0 0 0 0 0 0 0 0 0 0 0 0 0 0 0 0 0 0 0 0 0 0 0 0 0 0 0 0 0 0 0 0 0 0 0 0 0 
[CCD拟图]
CCDLRC0=6 12 6 
CCDLRC1=6 12 6 
CCDLRC2=0 0 0 
[反馈数据]
0=6
1=122
2=40
3=4738
4=2100
5=1850
6=36
7=1
8=0
9=0
10=244
11=1375
12=1372
[控制固参]
0=0
