[CCD原图]
CCD0=59 70 81 89 108 118 128 123 126 120 122 119 121 117 119 120 120 119 123 121 124 122 113 120 127 125 128 127 131 132 135 137 141 143 147 146 149 140 144 141 139 135 137 135 139 135 138 137 139 136 137 135 129 121 113 95 84 77 78 76 80 78 84 83 87 85 87 85 87 85 87 85 87 83 86 83 85 83 85 83 85 83 85 82 84 81 84 82 83 81 82 80 82 80 82 80 81 79 81 79 81 77 80 78 80 78 80 78 79 77 79 77 79 76 79 76 78 76 78 76 77 76 78 75 77 77 80 78 
CCD1=0 0 0 0 0 0 0 0 0 0 0 0 0 0 0 0 0 0 0 0 0 0 0 0 0 0 0 0 0 0 0 0 0 0 0 0 0 0 0 0 0 0 0 0 0 0 0 0 0 0 0 0 0 0 0 0 0 0 0 0 0 0 0 0 0 0 0 0 0 0 0 0 0 0 0 0 0 0 0 0 0 0 0 0 0 0 0 0 0 0 0 0 0 0 0 0 0 0 0 0 0 0 0 0 0 0 0 0 0 0 0 0 0 0 0 0 0 0 0 0 0 0 0 0 0 0 0 0 
[CCD拟图]
CCDLRC0=6 48 7 
CCDLRC1=6 48 7 
CCDLRC2=0 0 0 
[反馈数据]
0=6
1=122
2=40
3=4738
4=2100
5=1850
6=36
7=1
8=0
9=0
10=253
11=1384
12=1381
[控制固参]
0=0
