[CCD原图]
CCD0=54 62 67 68 76 75 77 71 74 76 89 98 111 113 118 118 119 121 126 125 129 125 115 121 127 125 128 126 128 125 127 127 128 128 131 130 133 128 133 133 132 130 134 132 137 133 136 139 144 145 150 154 153 153 158 149 152 146 145 144 144 134 147 139 143 141 140 140 139 135 132 121 112 94 85 78 81 79 83 83 87 84 86 84 85 82 85 83 84 82 84 81 83 80 83 81 82 80 82 80 81 79 81 78 79 78 80 79 79 78 79 77 80 76 78 76 78 76 78 76 78 76 78 75 77 76 79 78 
CCD1=0 0 0 0 0 0 0 0 0 0 0 0 0 0 0 0 0 0 0 0 0 0 0 0 0 0 0 0 0 0 0 0 0 0 0 0 0 0 0 0 0 0 0 0 0 0 0 0 0 0 0 0 0 0 0 0 0 0 0 0 0 0 0 0 0 0 0 0 0 0 0 0 0 0 0 0 0 0 0 0 0 0 0 0 0 0 0 0 0 0 0 0 0 0 0 0 0 0 0 0 0 0 0 0 0 0 0 0 0 0 0 0 0 0 0 0 0 0 0 0 0 0 0 0 0 0 0 0 
[CCD拟图]
CCDLRC0=6 67 26 
CCDLRC1=6 67 26 
CCDLRC2=0 0 0 
[反馈数据]
0=6
1=122
2=40
3=4738
4=2100
5=1850
6=36
7=1
8=0
9=0
10=1
11=1388
12=1385
[控制固参]
0=0
