[CCD原图]
CCD0=52 60 66 66 73 74 79 75 78 74 77 73 76 74 76 74 76 75 78 75 78 76 75 76 79 77 79 77 79 78 79 78 79 78 81 79 81 79 82 80 82 80 83 80 83 81 83 82 84 83 85 82 84 82 85 82 85 83 85 84 86 82 87 83 86 82 83 79 80 78 79 76 78 75 78 77 81 86 98 106 117 119 127 127 130 129 131 133 132 131 131 129 132 129 131 130 132 128 132 130 130 126 128 125 125 126 127 127 124 124 124 122 124 118 122 118 121 120 122 119 120 119 120 117 115 120 123 122 
CCD1=0 0 0 0 0 0 0 0 0 0 0 0 0 0 0 0 0 0 0 0 0 0 0 0 0 0 0 0 0 0 0 0 0 0 0 0 0 0 0 0 0 0 0 0 0 0 0 0 0 0 0 0 0 0 0 0 0 0 0 0 0 0 0 0 0 0 0 0 0 0 0 0 0 0 0 0 0 0 0 0 0 0 0 0 0 0 0 0 0 0 0 0 0 0 0 0 0 0 0 0 0 0 0 0 0 0 0 0 0 0 0 0 0 0 0 0 0 0 0 0 0 0 0 0 0 0 0 0 
[CCD拟图]
CCDLRC0=80 122 119 
CCDLRC1=80 122 119 
CCDLRC2=0 0 0 
[反馈数据]
0=6
1=122
2=40
3=4738
4=2100
5=1850
6=36
7=1
8=0
9=0
10=37
11=1424
12=1421
[控制固参]
0=0
