[CCD原图]
CCD0=52 59 65 64 70 70 73 71 73 71 73 70 73 71 73 71 73 71 73 72 74 72 72 72 76 73 76 74 77 75 76 75 76 75 77 75 78 75 78 76 78 76 79 76 80 77 79 78 80 78 80 79 80 78 81 79 81 80 82 81 83 79 84 80 83 80 82 82 83 80 83 81 83 80 83 81 83 81 83 81 82 80 82 80 82 79 81 80 80 79 80 77 81 78 81 79 81 78 80 79 80 77 79 77 79 77 79 77 77 76 78 76 79 76 79 76 79 76 79 76 78 76 78 76 77 77 78 75 
CCD1=0 0 0 0 0 0 0 0 0 0 0 0 0 0 0 0 0 0 0 0 0 0 0 0 0 0 0 0 0 0 0 0 0 0 0 0 0 0 0 0 0 0 0 0 0 0 0 0 0 0 0 0 0 0 0 0 0 0 0 0 0 0 0 0 0 0 0 0 0 0 0 0 0 0 0 0 0 0 0 0 0 0 0 0 0 0 0 0 0 0 0 0 0 0 0 0 0 0 0 0 0 0 0 0 0 0 0 0 0 0 0 0 0 0 0 0 0 0 0 0 0 0 0 0 0 0 0 0 
[CCD拟图]
CCDLRC0=6 122 118 
CCDLRC1=6 122 118 
CCDLRC2=0 0 0 
[反馈数据]
0=6
1=122
2=40
3=4738
4=2100
5=1850
6=36
7=1
8=0
9=0
10=64
11=1451
12=1448
[控制固参]
0=0
