[CCD原图]
CCD0=56 65 74 79 92 100 108 105 109 103 105 102 105 100 103 102 103 102 107 104 108 105 99 104 110 108 111 109 112 109 111 111 113 113 115 114 118 113 118 117 117 115 119 116 119 116 118 118 121 120 122 121 119 119 122 118 122 120 121 120 123 115 126 118 123 121 122 121 122 119 122 121 123 117 119 108 95 80 76 73 76 74 77 75 77 74 76 74 75 73 74 72 74 71 73 71 73 71 72 71 71 69 71 69 70 68 71 68 71 68 71 68 69 67 69 67 69 68 69 67 69 67 69 68 69 68 70 68 
CCD1=0 0 0 0 0 0 0 0 0 0 0 0 0 0 0 0 0 0 0 0 0 0 0 0 0 0 0 0 0 0 0 0 0 0 0 0 0 0 0 0 0 0 0 0 0 0 0 0 0 0 0 0 0 0 0 0 0 0 0 0 0 0 0 0 0 0 0 0 0 0 0 0 0 0 0 0 0 0 0 0 0 0 0 0 0 0 0 0 0 0 0 0 0 0 0 0 0 0 0 0 0 0 0 0 0 0 0 0 0 0 0 0 0 0 0 0 0 0 0 0 0 0 0 0 0 0 0 0 
[CCD拟图]
CCDLRC0=6 79 41 
CCDLRC1=6 79 41 
CCDLRC2=0 0 0 
[反馈数据]
0=6
1=122
2=40
3=4738
4=2100
5=1850
6=36
7=1
8=0
9=0
10=48
11=155
12=152
[控制固参]
0=0
