[CCD原图]
CCD0=51 58 64 64 69 69 74 71 73 70 73 70 72 70 72 71 73 72 74 72 75 72 72 72 75 73 75 73 75 73 75 74 76 74 77 74 78 75 78 76 78 76 78 76 79 77 79 78 80 78 81 78 79 78 81 78 81 80 82 80 83 79 84 81 83 81 83 81 83 81 83 81 83 79 83 80 82 80 81 79 81 79 82 80 81 78 81 79 81 79 80 79 81 78 81 79 79 77 80 78 79 77 79 77 79 78 80 77 79 76 79 77 79 76 79 77 79 77 79 76 78 76 77 75 77 76 79 77 
CCD1=0 0 0 0 0 0 0 0 0 0 0 0 0 0 0 0 0 0 0 0 0 0 0 0 0 0 0 0 0 0 0 0 0 0 0 0 0 0 0 0 0 0 0 0 0 0 0 0 0 0 0 0 0 0 0 0 0 0 0 0 0 0 0 0 0 0 0 0 0 0 0 0 0 0 0 0 0 0 0 0 0 0 0 0 0 0 0 0 0 0 0 0 0 0 0 0 0 0 0 0 0 0 0 0 0 0 0 0 0 0 0 0 0 0 0 0 0 0 0 0 0 0 0 0 0 0 0 0 
[CCD拟图]
CCDLRC0=6 122 118 
CCDLRC1=6 122 118 
CCDLRC2=0 0 0 
[反馈数据]
0=6
1=122
2=40
3=4738
4=2100
5=1850
6=36
7=1
8=0
9=0
10=67
11=1454
12=1451
[控制固参]
0=0
