[CCD原图]
CCD0=54 61 67 68 75 77 81 78 81 75 74 70 73 70 77 93 108 114 120 119 124 121 112 121 128 126 129 128 131 129 131 131 133 133 137 136 139 134 139 138 138 137 139 136 141 136 137 138 141 138 138 138 136 135 139 134 140 138 139 139 141 131 143 135 139 138 138 138 140 136 139 137 140 134 139 136 138 136 136 135 134 110 86 78 78 76 80 82 84 83 85 83 85 82 84 82 84 81 82 80 81 79 82 79 80 79 80 78 78 75 77 76 78 74 77 75 77 75 76 74 76 74 76 73 72 69 71 70 
CCD1=0 0 0 0 0 0 0 0 0 0 0 0 0 0 0 0 0 0 0 0 0 0 0 0 0 0 0 0 0 0 0 0 0 0 0 0 0 0 0 0 0 0 0 0 0 0 0 0 0 0 0 0 0 0 0 0 0 0 0 0 0 0 0 0 0 0 0 0 0 0 0 0 0 0 0 0 0 0 0 0 0 0 0 0 0 0 0 0 0 0 0 0 0 0 0 0 0 0 0 0 0 0 0 0 0 0 0 0 0 0 0 0 0 0 0 0 0 0 0 0 0 0 0 0 0 0 0 0 
[CCD拟图]
CCDLRC0=15 81 48 
CCDLRC1=15 81 48 
CCDLRC2=0 0 0 
[反馈数据]
0=38
1=47
2=42
3=4761
4=1900
5=1850
6=0
7=1
8=0
9=0
10=229
11=229
12=215
[控制固参]
0=0
