[CCD原图]
CCD0=53 61 67 68 74 76 81 78 80 77 79 76 74 71 73 70 73 82 102 111 120 118 111 118 126 125 129 127 131 129 130 130 132 132 135 135 138 133 138 137 137 135 137 135 139 135 136 136 139 137 139 138 136 136 139 135 139 138 139 140 141 132 144 136 141 138 138 138 139 135 138 137 139 133 137 134 138 137 139 138 139 134 138 133 131 109 86 78 78 77 80 78 79 76 79 76 80 79 83 80 82 79 81 78 80 78 80 78 79 77 78 76 78 75 76 74 77 76 76 74 76 74 75 72 72 68 71 70 
CCD1=0 0 0 0 0 0 0 0 0 0 0 0 0 0 0 0 0 0 0 0 0 0 0 0 0 0 0 0 0 0 0 0 0 0 0 0 0 0 0 0 0 0 0 0 0 0 0 0 0 0 0 0 0 0 0 0 0 0 0 0 0 0 0 0 0 0 0 0 0 0 0 0 0 0 0 0 0 0 0 0 0 0 0 0 0 0 0 0 0 0 0 0 0 0 0 0 0 0 0 0 0 0 0 0 0 0 0 0 0 0 0 0 0 0 0 0 0 0 0 0 0 0 0 0 0 0 0 0 
[CCD拟图]
CCDLRC0=17 85 51 
CCDLRC1=17 85 51 
CCDLRC2=0 0 0 
[反馈数据]
0=38
1=47
2=42
3=4761
4=1900
5=1850
6=0
7=1
8=0
9=0
10=233
11=233
12=219
[控制固参]
0=0
