[CCD原图]
CCD0=53 60 66 65 72 72 77 74 77 74 76 73 77 74 76 74 76 75 79 76 79 77 76 76 80 78 82 79 81 79 81 79 82 80 77 73 75 73 78 96 118 122 128 126 131 127 130 130 133 130 133 132 131 131 135 130 135 133 135 135 137 128 140 132 137 134 135 134 135 133 135 134 136 130 135 132 134 132 134 132 135 129 133 129 131 127 128 130 128 126 126 123 125 122 123 123 123 119 122 121 119 115 117 113 112 112 109 93 78 74 75 72 73 70 73 70 73 71 74 72 74 70 70 68 70 71 74 72 
CCD1=0 0 0 0 0 0 0 0 0 0 0 0 0 0 0 0 0 0 0 0 0 0 0 0 0 0 0 0 0 0 0 0 0 0 0 0 0 0 0 0 0 0 0 0 0 0 0 0 0 0 0 0 0 0 0 0 0 0 0 0 0 0 0 0 0 0 0 0 0 0 0 0 0 0 0 0 0 0 0 0 0 0 0 0 0 0 0 0 0 0 0 0 0 0 0 0 0 0 0 0 0 0 0 0 0 0 0 0 0 0 0 0 0 0 0 0 0 0 0 0 0 0 0 0 0 0 0 0 
[CCD拟图]
CCDLRC0=38 107 72 
CCDLRC1=38 107 72 
CCDLRC2=0 0 0 
[反馈数据]
0=38
1=47
2=42
3=4761
4=1900
5=1850
6=0
7=1
8=0
9=0
10=37
11=293
12=279
[控制固参]
0=0
