[CCD原图]
CCD0=58 69 79 87 104 113 123 120 123 118 120 116 118 114 116 116 116 115 118 116 121 118 110 117 125 123 126 124 127 125 126 126 127 127 129 128 132 127 131 132 133 132 134 131 136 132 132 131 130 124 119 109 100 91 87 78 80 77 81 81 84 81 86 82 84 81 84 81 84 81 84 82 83 80 83 80 82 80 81 79 81 76 76 73 73 69 71 69 71 69 70 68 69 67 70 67 69 66 69 67 68 66 67 66 67 65 68 65 67 65 68 65 67 66 68 66 68 66 69 67 69 67 69 68 69 68 71 69 
CCD1=0 0 0 0 0 0 0 0 0 0 0 0 0 0 0 0 0 0 0 0 0 0 0 0 0 0 0 0 0 0 0 0 0 0 0 0 0 0 0 0 0 0 0 0 0 0 0 0 0 0 0 0 0 0 0 0 0 0 0 0 0 0 0 0 0 0 0 0 0 0 0 0 0 0 0 0 0 0 0 0 0 0 0 0 0 0 0 0 0 0 0 0 0 0 0 0 0 0 0 0 0 0 0 0 0 0 0 0 0 0 0 0 0 0 0 0 0 0 0 0 0 0 0 0 0 0 0 0 
[CCD拟图]
CCDLRC0=6 47 10 
CCDLRC1=6 47 10 
CCDLRC2=0 0 0 
[反馈数据]
0=38
1=47
2=42
3=4761
4=1900
5=1850
6=0
7=1
8=0
9=0
10=103
11=359
12=345
[控制固参]
0=0
