[CCD原图]
CCD0=54 62 69 70 78 79 85 82 84 81 84 81 83 80 83 81 82 81 83 80 83 80 78 78 82 78 79 76 77 74 75 74 76 75 81 88 107 117 130 136 137 137 140 138 143 140 143 143 148 146 148 148 147 147 151 147 152 150 152 153 155 144 158 149 153 151 149 150 150 146 149 147 148 142 147 143 146 143 144 144 146 140 145 142 143 140 141 144 142 140 138 135 137 134 137 135 136 130 133 131 132 127 130 127 126 124 127 128 125 121 115 101 86 74 75 73 75 74 78 78 82 80 81 79 80 80 82 79 
CCD1=0 0 0 0 0 0 0 0 0 0 0 0 0 0 0 0 0 0 0 0 0 0 0 0 0 0 0 0 0 0 0 0 0 0 0 0 0 0 0 0 0 0 0 0 0 0 0 0 0 0 0 0 0 0 0 0 0 0 0 0 0 0 0 0 0 0 0 0 0 0 0 0 0 0 0 0 0 0 0 0 0 0 0 0 0 0 0 0 0 0 0 0 0 0 0 0 0 0 0 0 0 0 0 0 0 0 0 0 0 0 0 0 0 0 0 0 0 0 0 0 0 0 0 0 0 0 0 0 
[CCD拟图]
CCDLRC0=40 113 86 
CCDLRC1=40 113 86 
CCDLRC2=0 0 0 
[反馈数据]
0=38
1=47
2=42
3=4761
4=1900
5=1850
6=0
7=1
8=0
9=0
10=142
11=398
12=384
[控制固参]
0=0
