[CCD原图]
CCD0=59 71 82 90 113 125 137 133 136 130 132 129 130 126 128 128 128 127 132 128 133 129 119 127 133 133 135 133 136 133 135 133 136 136 139 138 142 137 143 142 142 140 144 143 148 144 147 148 151 149 150 151 146 147 150 145 150 147 148 149 150 140 153 144 149 146 144 145 145 141 144 142 144 137 142 138 140 137 139 139 142 137 140 136 136 131 126 118 105 94 88 84 86 84 88 86 88 85 87 85 86 83 84 82 84 82 83 83 84 81 82 80 82 79 81 79 81 79 81 78 80 79 80 77 78 78 81 79 
CCD1=0 0 0 0 0 0 0 0 0 0 0 0 0 0 0 0 0 0 0 0 0 0 0 0 0 0 0 0 0 0 0 0 0 0 0 0 0 0 0 0 0 0 0 0 0 0 0 0 0 0 0 0 0 0 0 0 0 0 0 0 0 0 0 0 0 0 0 0 0 0 0 0 0 0 0 0 0 0 0 0 0 0 0 0 0 0 0 0 0 0 0 0 0 0 0 0 0 0 0 0 0 0 0 0 0 0 0 0 0 0 0 0 0 0 0 0 0 0 0 0 0 0 0 0 0 0 0 0 
[CCD拟图]
CCDLRC0=6 95 50 
CCDLRC1=6 95 50 
CCDLRC2=0 0 0 
[反馈数据]
0=38
1=47
2=42
3=4761
4=1900
5=1850
6=0
7=1
8=0
9=0
10=151
11=407
12=393
[控制固参]
0=0
