[CCD原图]
CCD0=53 60 66 66 73 73 78 75 78 74 77 74 77 74 76 74 76 75 77 75 78 76 74 75 79 77 79 77 79 77 79 78 78 77 79 77 79 76 78 77 78 77 80 79 82 79 81 80 82 80 83 81 82 81 83 81 84 81 83 82 85 81 86 82 84 82 83 82 83 81 83 81 84 80 83 81 82 81 83 81 83 80 83 81 83 81 82 81 82 80 81 79 81 79 81 79 81 78 81 80 81 78 80 78 80 78 80 78 79 77 79 77 79 76 78 75 79 77 79 76 78 76 78 76 78 77 80 78 
CCD1=0 0 0 0 0 0 0 0 0 0 0 0 0 0 0 0 0 0 0 0 0 0 0 0 0 0 0 0 0 0 0 0 0 0 0 0 0 0 0 0 0 0 0 0 0 0 0 0 0 0 0 0 0 0 0 0 0 0 0 0 0 0 0 0 0 0 0 0 0 0 0 0 0 0 0 0 0 0 0 0 0 0 0 0 0 0 0 0 0 0 0 0 0 0 0 0 0 0 0 0 0 0 0 0 0 0 0 0 0 0 0 0 0 0 0 0 0 0 0 0 0 0 0 0 0 0 0 0 
[CCD拟图]
CCDLRC0=6 122 10 
CCDLRC1=6 122 10 
CCDLRC2=0 0 0 
[反馈数据]
0=38
1=47
2=42
3=4761
4=1900
5=1850
6=0
7=1
8=0
9=0
10=197
11=453
12=439
[控制固参]
0=0
