[CCD原图]
CCD0=52 60 65 65 71 72 78 75 78 75 77 75 77 74 77 74 77 75 78 76 79 76 75 76 80 78 80 78 80 78 79 79 80 78 81 79 81 78 81 80 81 79 82 80 82 80 82 81 83 81 83 81 82 81 83 80 83 81 83 82 84 80 84 81 84 82 83 82 83 81 83 81 82 79 81 79 81 80 82 81 83 80 83 81 83 80 82 80 81 80 81 79 81 79 81 79 81 79 80 79 80 77 80 77 79 77 79 78 79 77 79 77 79 76 78 76 79 77 79 76 79 76 78 76 78 77 80 78 
CCD1=0 0 0 0 0 0 0 0 0 0 0 0 0 0 0 0 0 0 0 0 0 0 0 0 0 0 0 0 0 0 0 0 0 0 0 0 0 0 0 0 0 0 0 0 0 0 0 0 0 0 0 0 0 0 0 0 0 0 0 0 0 0 0 0 0 0 0 0 0 0 0 0 0 0 0 0 0 0 0 0 0 0 0 0 0 0 0 0 0 0 0 0 0 0 0 0 0 0 0 0 0 0 0 0 0 0 0 0 0 0 0 0 0 0 0 0 0 0 0 0 0 0 0 0 0 0 0 0 
[CCD拟图]
CCDLRC0=6 122 10 
CCDLRC1=6 122 10 
CCDLRC2=0 0 0 
[反馈数据]
0=38
1=47
2=42
3=4761
4=1900
5=1850
6=0
7=1
8=0
9=0
10=204
11=460
12=446
[控制固参]
0=0
