[CCD原图]
CCD0=54 62 68 68 75 76 81 78 80 77 80 77 79 76 79 77 79 78 80 76 75 72 72 72 80 95 109 112 116 116 116 116 120 121 122 121 125 123 129 130 131 131 135 134 140 134 137 137 138 134 133 132 129 127 130 127 131 128 129 129 131 123 133 127 131 128 128 128 129 126 130 128 130 124 129 127 131 128 130 130 133 129 134 133 133 131 130 130 126 123 121 112 92 78 81 78 81 80 82 80 81 78 80 77 78 76 79 77 78 75 77 75 77 74 77 73 76 73 75 74 75 73 75 72 74 73 75 73 
CCD1=0 0 0 0 0 0 0 0 0 0 0 0 0 0 0 0 0 0 0 0 0 0 0 0 0 0 0 0 0 0 0 0 0 0 0 0 0 0 0 0 0 0 0 0 0 0 0 0 0 0 0 0 0 0 0 0 0 0 0 0 0 0 0 0 0 0 0 0 0 0 0 0 0 0 0 0 0 0 0 0 0 0 0 0 0 0 0 0 0 0 0 0 0 0 0 0 0 0 0 0 0 0 0 0 0 0 0 0 0 0 0 0 0 0 0 0 0 0 0 0 0 0 0 0 0 0 0 0 
[CCD拟图]
CCDLRC0=25 92 58 
CCDLRC1=25 92 58 
CCDLRC2=0 0 0 
[反馈数据]
0=38
1=47
2=42
3=4761
4=1900
5=1850
6=0
7=1
8=0
9=0
10=108
11=108
12=94
[控制固参]
0=0
