[CCD原图]
CCD0=52 61 66 67 75 77 81 79 81 79 80 78 80 75 76 74 75 74 73 71 77 89 96 108 117 117 120 119 123 121 124 124 128 128 132 136 142 138 145 147 146 144 144 138 139 132 133 132 135 132 132 132 130 128 131 128 132 130 131 131 133 125 136 128 133 130 131 131 131 128 131 130 133 128 132 129 133 130 132 132 134 129 134 133 136 134 128 97 80 76 76 74 79 79 82 80 82 78 81 79 80 77 79 76 78 77 78 76 77 75 77 74 76 73 74 73 75 73 75 73 75 72 74 72 73 72 74 72 
CCD1=0 0 0 0 0 0 0 0 0 0 0 0 0 0 0 0 0 0 0 0 0 0 0 0 0 0 0 0 0 0 0 0 0 0 0 0 0 0 0 0 0 0 0 0 0 0 0 0 0 0 0 0 0 0 0 0 0 0 0 0 0 0 0 0 0 0 0 0 0 0 0 0 0 0 0 0 0 0 0 0 0 0 0 0 0 0 0 0 0 0 0 0 0 0 0 0 0 0 0 0 0 0 0 0 0 0 0 0 0 0 0 0 0 0 0 0 0 0 0 0 0 0 0 0 0 0 0 0 
[CCD拟图]
CCDLRC0=21 87 54 
CCDLRC1=21 87 54 
CCDLRC2=0 0 0 
[反馈数据]
0=38
1=47
2=42
3=4761
4=1900
5=1850
6=0
7=1
8=0
9=0
10=178
11=178
12=164
[控制固参]
0=0
