[CCD原图]
CCD0=53 61 67 67 74 76 82 79 82 78 80 78 79 77 79 77 79 79 86 81 83 79 78 79 83 81 84 82 84 80 81 80 86 90 107 120 129 129 136 137 137 135 137 133 137 132 133 131 134 132 133 132 130 130 134 129 133 131 133 132 135 126 138 131 135 133 132 133 134 131 135 132 136 130 135 133 135 134 137 139 148 150 162 161 161 155 151 149 141 134 130 126 128 125 127 124 125 120 123 120 117 99 82 76 76 75 79 77 79 77 78 75 77 74 76 74 76 74 76 72 75 73 75 72 74 73 75 73 
CCD1=0 0 0 0 0 0 0 0 0 0 0 0 0 0 0 0 0 0 0 0 0 0 0 0 0 0 0 0 0 0 0 0 0 0 0 0 0 0 0 0 0 0 0 0 0 0 0 0 0 0 0 0 0 0 0 0 0 0 0 0 0 0 0 0 0 0 0 0 0 0 0 0 0 0 0 0 0 0 0 0 0 0 0 0 0 0 0 0 0 0 0 0 0 0 0 0 0 0 0 0 0 0 0 0 0 0 0 0 0 0 0 0 0 0 0 0 0 0 0 0 0 0 0 0 0 0 0 0 
[CCD拟图]
CCDLRC0=30 101 65 
CCDLRC1=30 101 65 
CCDLRC2=0 0 0 
[反馈数据]
0=38
1=47
2=42
3=4761
4=1900
5=1850
6=0
7=1
8=0
9=0
10=191
11=191
12=177
[控制固参]
0=0
