[CCD原图]
CCD0=51 59 65 66 73 74 79 77 79 76 78 75 77 74 77 75 76 75 78 76 79 77 76 77 81 79 81 80 83 82 83 82 85 83 84 77 77 74 77 78 113 134 133 127 130 126 128 129 132 130 132 131 130 129 132 128 133 130 133 133 134 126 137 130 134 132 132 131 133 130 133 132 134 129 134 132 134 133 135 136 144 145 155 156 160 161 161 160 148 142 135 129 130 125 126 124 126 121 123 121 121 116 118 113 109 95 80 73 74 71 72 70 73 71 74 73 76 74 75 73 74 72 74 71 72 71 71 67 
CCD1=0 0 0 0 0 0 0 0 0 0 0 0 0 0 0 0 0 0 0 0 0 0 0 0 0 0 0 0 0 0 0 0 0 0 0 0 0 0 0 0 0 0 0 0 0 0 0 0 0 0 0 0 0 0 0 0 0 0 0 0 0 0 0 0 0 0 0 0 0 0 0 0 0 0 0 0 0 0 0 0 0 0 0 0 0 0 0 0 0 0 0 0 0 0 0 0 0 0 0 0 0 0 0 0 0 0 0 0 0 0 0 0 0 0 0 0 0 0 0 0 0 0 0 0 0 0 0 0 
[CCD拟图]
CCDLRC0=39 105 72 
CCDLRC1=39 105 72 
CCDLRC2=0 0 0 
[反馈数据]
0=38
1=47
2=42
3=4761
4=1900
5=1850
6=0
7=1
8=0
9=0
10=200
11=200
12=186
[控制固参]
0=0
