[CCD原图]
CCD0=53 60 66 67 75 76 81 78 80 77 79 76 78 75 78 76 79 77 80 78 81 79 78 78 82 81 82 78 80 81 81 80 88 101 118 126 134 132 143 148 150 147 142 134 136 131 132 132 135 132 134 133 131 130 134 129 134 132 134 134 136 127 139 132 135 133 132 134 134 131 134 133 135 130 135 133 135 133 135 135 140 140 152 158 166 164 164 165 154 145 136 131 130 126 127 125 126 121 123 121 121 116 117 112 102 84 77 73 74 73 75 75 78 76 78 75 77 75 76 73 74 73 75 73 74 72 73 70 
CCD1=0 0 0 0 0 0 0 0 0 0 0 0 0 0 0 0 0 0 0 0 0 0 0 0 0 0 0 0 0 0 0 0 0 0 0 0 0 0 0 0 0 0 0 0 0 0 0 0 0 0 0 0 0 0 0 0 0 0 0 0 0 0 0 0 0 0 0 0 0 0 0 0 0 0 0 0 0 0 0 0 0 0 0 0 0 0 0 0 0 0 0 0 0 0 0 0 0 0 0 0 0 0 0 0 0 0 0 0 0 0 0 0 0 0 0 0 0 0 0 0 0 0 0 0 0 0 0 0 
[CCD拟图]
CCDLRC0=34 105 69 
CCDLRC1=34 105 69 
CCDLRC2=0 0 0 
[反馈数据]
0=38
1=47
2=42
3=4761
4=1900
5=1850
6=0
7=1
8=0
9=0
10=208
11=208
12=194
[控制固参]
0=0
