[CCD原图]
CCD0=54 61 67 67 74 76 81 78 81 77 80 77 79 77 79 78 79 77 81 79 81 80 78 79 83 81 83 82 84 82 84 83 85 83 86 84 87 84 88 87 87 85 86 81 83 82 104 130 135 134 136 136 134 133 138 134 139 138 139 139 142 133 144 138 141 139 139 140 141 139 141 140 143 137 144 141 144 144 147 147 150 145 150 147 147 143 143 145 142 140 138 136 137 134 137 135 137 132 135 134 133 129 131 129 128 130 130 131 128 126 126 125 125 120 121 95 82 78 81 81 83 82 83 81 83 83 86 83 
CCD1=0 0 0 0 0 0 0 0 0 0 0 0 0 0 0 0 0 0 0 0 0 0 0 0 0 0 0 0 0 0 0 0 0 0 0 0 0 0 0 0 0 0 0 0 0 0 0 0 0 0 0 0 0 0 0 0 0 0 0 0 0 0 0 0 0 0 0 0 0 0 0 0 0 0 0 0 0 0 0 0 0 0 0 0 0 0 0 0 0 0 0 0 0 0 0 0 0 0 0 0 0 0 0 0 0 0 0 0 0 0 0 0 0 0 0 0 0 0 0 0 0 0 0 0 0 0 0 0 
[CCD拟图]
CCDLRC0=45 115 80 
CCDLRC1=45 115 80 
CCDLRC2=0 0 0 
[反馈数据]
0=109
1=122
2=122
3=5788
4=2300
5=1850
6=43
7=1
8=0
9=0
10=241
11=370
12=360
[控制固参]
0=0
