[CCD原图]
CCD0=54 61 67 67 75 76 81 78 81 78 80 78 79 76 78 78 79 78 81 79 82 80 79 79 83 81 84 82 84 83 84 83 84 83 85 84 86 83 87 85 86 84 85 78 81 78 80 85 114 129 134 135 134 133 137 132 138 138 141 141 143 134 147 139 143 142 140 140 139 137 141 140 144 138 143 141 144 143 144 144 146 140 144 141 143 140 141 142 139 137 135 132 133 130 132 131 132 129 133 132 132 128 131 128 127 130 130 131 127 125 126 123 120 102 85 75 78 77 79 79 83 81 83 81 82 83 85 83 
CCD1=0 0 0 0 0 0 0 0 0 0 0 0 0 0 0 0 0 0 0 0 0 0 0 0 0 0 0 0 0 0 0 0 0 0 0 0 0 0 0 0 0 0 0 0 0 0 0 0 0 0 0 0 0 0 0 0 0 0 0 0 0 0 0 0 0 0 0 0 0 0 0 0 0 0 0 0 0 0 0 0 0 0 0 0 0 0 0 0 0 0 0 0 0 0 0 0 0 0 0 0 0 0 0 0 0 0 0 0 0 0 0 0 0 0 0 0 0 0 0 0 0 0 0 0 0 0 0 0 
[CCD拟图]
CCDLRC0=47 114 80 
CCDLRC1=47 114 80 
CCDLRC2=0 0 0 
[反馈数据]
0=109
1=122
2=122
3=5788
4=2300
5=1850
6=43
7=1
8=0
9=0
10=250
11=379
12=369
[控制固参]
0=0
