[CCD原图]
CCD0=55 61 67 67 75 77 82 79 81 78 81 78 80 77 80 78 80 78 80 79 81 79 78 79 83 80 83 81 84 81 83 81 83 80 80 76 78 76 79 96 118 123 127 126 131 128 130 130 134 133 134 134 133 132 136 132 137 136 138 138 140 131 144 138 142 140 139 139 141 137 141 139 141 136 139 137 139 137 138 137 140 134 137 134 135 133 134 136 133 132 131 129 131 127 130 129 130 127 129 128 128 123 126 123 123 121 116 98 83 78 78 77 82 81 82 80 83 80 83 80 82 81 81 79 80 80 83 82 
CCD1=0 0 0 0 0 0 0 0 0 0 0 0 0 0 0 0 0 0 0 0 0 0 0 0 0 0 0 0 0 0 0 0 0 0 0 0 0 0 0 0 0 0 0 0 0 0 0 0 0 0 0 0 0 0 0 0 0 0 0 0 0 0 0 0 0 0 0 0 0 0 0 0 0 0 0 0 0 0 0 0 0 0 0 0 0 0 0 0 0 0 0 0 0 0 0 0 0 0 0 0 0 0 0 0 0 0 0 0 0 0 0 0 0 0 0 0 0 0 0 0 0 0 0 0 0 0 0 0 
[CCD拟图]
CCDLRC0=39 109 74 
CCDLRC1=39 109 74 
CCDLRC2=0 0 0 
[反馈数据]
0=109
1=122
2=122
3=5788
4=2300
5=1850
6=43
7=1
8=0
9=0
10=28
11=413
12=403
[控制固参]
0=0
