[CCD原图]
CCD0=54 60 66 67 74 75 80 77 80 76 79 76 79 76 79 77 79 77 81 79 82 79 77 73 74 75 92 117 127 126 126 127 129 129 131 130 134 130 135 135 135 133 136 133 137 133 136 136 139 137 139 139 138 138 142 138 143 141 144 143 145 136 148 141 144 142 141 143 143 140 142 141 143 137 141 139 142 140 141 140 143 138 142 139 140 137 137 141 137 135 132 120 97 79 80 79 83 81 84 82 83 80 83 80 82 80 81 80 81 79 81 78 81 78 80 78 80 78 80 78 80 78 80 78 78 78 81 79 
CCD1=0 0 0 0 0 0 0 0 0 0 0 0 0 0 0 0 0 0 0 0 0 0 0 0 0 0 0 0 0 0 0 0 0 0 0 0 0 0 0 0 0 0 0 0 0 0 0 0 0 0 0 0 0 0 0 0 0 0 0 0 0 0 0 0 0 0 0 0 0 0 0 0 0 0 0 0 0 0 0 0 0 0 0 0 0 0 0 0 0 0 0 0 0 0 0 0 0 0 0 0 0 0 0 0 0 0 0 0 0 0 0 0 0 0 0 0 0 0 0 0 0 0 0 0 0 0 0 0 
[CCD拟图]
CCDLRC0=26 92 59 
CCDLRC1=26 92 59 
CCDLRC2=0 0 0 
[反馈数据]
0=109
1=122
2=122
3=5788
4=2300
5=1850
6=43
7=1
8=0
9=0
10=49
11=434
12=424
[控制固参]
0=0
