[CCD原图]
CCD0=54 61 66 66 72 74 79 75 78 76 78 73 72 69 75 96 110 110 115 112 117 114 107 112 118 117 120 117 121 119 120 120 122 122 125 124 128 122 127 127 127 125 128 126 130 127 129 129 132 130 131 130 128 128 132 127 132 131 133 133 135 126 138 131 136 134 134 134 135 132 135 133 135 129 134 131 134 132 132 120 90 77 79 80 85 81 84 82 84 82 83 80 82 80 83 81 82 79 81 79 81 78 80 78 79 78 79 78 79 77 79 77 79 76 79 77 79 77 80 77 79 78 80 77 79 79 82 80 
CCD1=0 0 0 0 0 0 0 0 0 0 0 0 0 0 0 0 0 0 0 0 0 0 0 0 0 0 0 0 0 0 0 0 0 0 0 0 0 0 0 0 0 0 0 0 0 0 0 0 0 0 0 0 0 0 0 0 0 0 0 0 0 0 0 0 0 0 0 0 0 0 0 0 0 0 0 0 0 0 0 0 0 0 0 0 0 0 0 0 0 0 0 0 0 0 0 0 0 0 0 0 0 0 0 0 0 0 0 0 0 0 0 0 0 0 0 0 0 0 0 0 0 0 0 0 0 0 0 0 
[CCD拟图]
CCDLRC0=13 82 47 
CCDLRC1=13 82 47 
CCDLRC2=0 0 0 
[反馈数据]
0=109
1=122
2=122
3=5788
4=2300
5=1850
6=43
7=1
8=0
9=0
10=81
11=466
12=456
[控制固参]
0=0
