[CCD原图]
CCD0=58 67 77 82 99 108 119 114 117 113 116 113 116 112 116 116 119 121 129 128 135 132 122 128 133 129 129 125 127 124 124 123 124 124 127 125 128 123 128 127 128 126 129 126 131 128 130 130 133 131 132 132 132 134 142 139 146 145 147 144 138 118 113 94 84 79 83 84 88 86 89 88 90 87 88 87 89 86 88 85 88 85 87 85 87 85 87 86 87 86 87 85 86 84 87 84 86 84 86 84 84 82 84 82 84 83 83 83 84 81 83 82 84 81 84 81 84 82 82 78 77 74 75 74 77 79 92 102 
CCD1=0 0 0 0 0 0 0 0 0 0 0 0 0 0 0 0 0 0 0 0 0 0 0 0 0 0 0 0 0 0 0 0 0 0 0 0 0 0 0 0 0 0 0 0 0 0 0 0 0 0 0 0 0 0 0 0 0 0 0 0 0 0 0 0 0 0 0 0 0 0 0 0 0 0 0 0 0 0 0 0 0 0 0 0 0 0 0 0 0 0 0 0 0 0 0 0 0 0 0 0 0 0 0 0 0 0 0 0 0 0 0 0 0 0 0 0 0 0 0 0 0 0 0 0 0 0 0 0 
[CCD拟图]
CCDLRC0=6 58 23 
CCDLRC1=6 58 23 
CCDLRC2=0 0 0 
[反馈数据]
0=109
1=122
2=122
3=5788
4=2300
5=1850
6=43
7=1
8=0
9=0
10=171
11=556
12=546
[控制固参]
0=0
