[CCD原图]
CCD0=53 59 64 62 67 69 74 71 74 71 74 71 73 71 74 72 74 72 75 74 77 74 75 75 79 77 79 77 79 75 76 74 76 75 87 105 120 117 123 123 126 125 128 127 133 130 133 133 136 135 138 138 136 134 138 133 136 134 135 135 136 128 140 133 138 135 135 134 136 134 136 135 137 131 136 133 134 133 134 133 136 130 135 132 135 133 135 138 137 138 137 135 136 133 135 134 135 130 133 130 127 110 88 80 80 79 84 84 85 83 85 82 83 80 82 81 83 81 83 81 83 81 83 82 83 84 86 85 
CCD1=0 0 0 0 0 0 0 0 0 0 0 0 0 0 0 0 0 0 0 0 0 0 0 0 0 0 0 0 0 0 0 0 0 0 0 0 0 0 0 0 0 0 0 0 0 0 0 0 0 0 0 0 0 0 0 0 0 0 0 0 0 0 0 0 0 0 0 0 0 0 0 0 0 0 0 0 0 0 0 0 0 0 0 0 0 0 0 0 0 0 0 0 0 0 0 0 0 0 0 0 0 0 0 0 0 0 0 0 0 0 0 0 0 0 0 0 0 0 0 0 0 0 0 0 0 0 0 0 
[CCD拟图]
CCDLRC0=33 101 67 
CCDLRC1=33 101 67 
CCDLRC2=0 0 0 
[反馈数据]
0=109
1=122
2=122
3=5788
4=2300
5=1850
6=43
7=1
8=0
9=0
10=187
11=572
12=562
[控制固参]
0=0
