[CCD原图]
CCD0=53 60 64 63 68 67 69 66 72 71 73 71 73 71 74 71 73 72 75 73 76 74 74 74 78 76 79 77 79 78 80 78 81 79 82 79 78 76 80 97 124 127 131 129 136 133 136 137 141 138 139 141 140 139 144 139 143 141 140 139 140 131 143 135 139 138 138 139 139 136 139 137 140 134 139 136 138 137 139 137 140 134 138 135 138 135 136 139 137 137 137 136 139 136 139 138 139 135 137 137 136 131 133 130 129 130 129 115 87 79 79 79 85 82 84 81 84 82 84 81 83 82 83 82 83 83 86 84 
CCD1=0 0 0 0 0 0 0 0 0 0 0 0 0 0 0 0 0 0 0 0 0 0 0 0 0 0 0 0 0 0 0 0 0 0 0 0 0 0 0 0 0 0 0 0 0 0 0 0 0 0 0 0 0 0 0 0 0 0 0 0 0 0 0 0 0 0 0 0 0 0 0 0 0 0 0 0 0 0 0 0 0 0 0 0 0 0 0 0 0 0 0 0 0 0 0 0 0 0 0 0 0 0 0 0 0 0 0 0 0 0 0 0 0 0 0 0 0 0 0 0 0 0 0 0 0 0 0 0 
[CCD拟图]
CCDLRC0=38 108 73 
CCDLRC1=38 108 73 
CCDLRC2=0 0 0 
[反馈数据]
0=109
1=122
2=122
3=5788
4=2300
5=1850
6=43
7=1
8=0
9=0
10=204
11=589
12=579
[控制固参]
0=0
