[CCD原图]
CCD0=52 59 63 63 67 67 69 65 68 67 72 70 73 69 73 70 73 71 74 73 76 73 73 74 77 76 78 76 79 77 78 79 80 79 81 80 81 75 78 78 93 119 130 129 134 132 135 136 139 138 140 142 139 139 143 139 143 140 140 140 140 130 142 134 138 137 138 138 140 138 141 140 141 135 140 137 141 138 140 139 141 135 140 136 137 134 136 138 138 138 137 135 138 135 138 139 139 135 137 137 136 130 133 130 129 129 130 129 112 85 81 78 81 81 84 82 83 82 84 81 82 81 83 81 83 83 85 84 
CCD1=0 0 0 0 0 0 0 0 0 0 0 0 0 0 0 0 0 0 0 0 0 0 0 0 0 0 0 0 0 0 0 0 0 0 0 0 0 0 0 0 0 0 0 0 0 0 0 0 0 0 0 0 0 0 0 0 0 0 0 0 0 0 0 0 0 0 0 0 0 0 0 0 0 0 0 0 0 0 0 0 0 0 0 0 0 0 0 0 0 0 0 0 0 0 0 0 0 0 0 0 0 0 0 0 0 0 0 0 0 0 0 0 0 0 0 0 0 0 0 0 0 0 0 0 0 0 0 0 
[CCD拟图]
CCDLRC0=39 109 74 
CCDLRC1=39 109 74 
CCDLRC2=0 0 0 
[反馈数据]
0=109
1=122
2=122
3=5788
4=2300
5=1850
6=43
7=1
8=0
9=0
10=206
11=591
12=581
[控制固参]
0=0
