[CCD原图]
CCD0=53 59 64 62 67 66 70 67 70 67 69 66 67 66 70 69 71 70 72 71 73 70 72 72 75 73 76 74 76 74 76 75 77 76 79 77 80 76 80 79 80 76 76 74 77 75 89 118 132 133 135 135 134 134 139 135 139 138 139 138 141 131 142 135 139 137 136 136 137 135 138 137 139 133 138 135 138 135 137 136 139 134 138 136 136 134 135 138 136 135 135 133 136 133 137 138 139 135 137 137 136 132 134 130 129 130 130 130 127 126 124 121 116 94 80 76 78 77 80 82 84 82 83 81 83 82 86 84 
CCD1=0 0 0 0 0 0 0 0 0 0 0 0 0 0 0 0 0 0 0 0 0 0 0 0 0 0 0 0 0 0 0 0 0 0 0 0 0 0 0 0 0 0 0 0 0 0 0 0 0 0 0 0 0 0 0 0 0 0 0 0 0 0 0 0 0 0 0 0 0 0 0 0 0 0 0 0 0 0 0 0 0 0 0 0 0 0 0 0 0 0 0 0 0 0 0 0 0 0 0 0 0 0 0 0 0 0 0 0 0 0 0 0 0 0 0 0 0 0 0 0 0 0 0 0 0 0 0 0 
[CCD拟图]
CCDLRC0=45 113 79 
CCDLRC1=45 113 79 
CCDLRC2=0 0 0 
[反馈数据]
0=109
1=122
2=122
3=5788
4=2300
5=1850
6=43
7=1
8=0
9=0
10=221
11=606
12=596
[控制固参]
0=0
