[CCD原图]
CCD0=52 59 64 62 67 67 71 67 70 69 73 69 71 68 71 69 71 70 73 71 73 71 71 71 74 73 76 74 76 75 76 73 74 73 77 78 94 106 118 118 121 120 123 123 127 123 127 129 135 135 138 137 134 132 134 129 133 131 132 132 134 126 138 131 135 133 133 133 134 132 134 133 136 131 135 132 133 131 134 134 137 132 138 136 138 135 135 137 135 134 131 128 130 126 128 128 128 124 127 127 126 121 124 121 119 116 110 95 82 75 76 73 75 79 84 81 84 81 83 82 83 81 82 81 82 82 85 84 
CCD1=0 0 0 0 0 0 0 0 0 0 0 0 0 0 0 0 0 0 0 0 0 0 0 0 0 0 0 0 0 0 0 0 0 0 0 0 0 0 0 0 0 0 0 0 0 0 0 0 0 0 0 0 0 0 0 0 0 0 0 0 0 0 0 0 0 0 0 0 0 0 0 0 0 0 0 0 0 0 0 0 0 0 0 0 0 0 0 0 0 0 0 0 0 0 0 0 0 0 0 0 0 0 0 0 0 0 0 0 0 0 0 0 0 0 0 0 0 0 0 0 0 0 0 0 0 0 0 0 
[CCD拟图]
CCDLRC0=38 110 74 
CCDLRC1=38 110 74 
CCDLRC2=0 0 0 
[反馈数据]
0=109
1=122
2=122
3=5788
4=2300
5=1850
6=43
7=1
8=0
9=0
10=253
11=638
12=628
[控制固参]
0=0
