[CCD原图]
CCD0=52 59 64 63 68 66 68 66 71 69 72 69 72 70 73 71 73 71 74 73 76 73 73 73 77 74 75 72 74 71 73 74 82 91 103 110 116 114 120 119 120 120 124 124 132 135 146 150 152 145 141 138 133 128 131 127 131 129 131 132 134 125 138 130 134 132 131 132 133 131 133 132 135 130 134 132 136 136 142 143 147 142 149 145 145 139 137 136 132 131 129 126 128 124 124 123 127 122 125 123 121 115 116 105 91 78 79 77 79 79 83 82 84 81 83 81 83 81 83 81 83 81 82 80 81 80 83 82 
CCD1=0 0 0 0 0 0 0 0 0 0 0 0 0 0 0 0 0 0 0 0 0 0 0 0 0 0 0 0 0 0 0 0 0 0 0 0 0 0 0 0 0 0 0 0 0 0 0 0 0 0 0 0 0 0 0 0 0 0 0 0 0 0 0 0 0 0 0 0 0 0 0 0 0 0 0 0 0 0 0 0 0 0 0 0 0 0 0 0 0 0 0 0 0 0 0 0 0 0 0 0 0 0 0 0 0 0 0 0 0 0 0 0 0 0 0 0 0 0 0 0 0 0 0 0 0 0 0 0 
[CCD拟图]
CCDLRC0=32 103 67 
CCDLRC1=32 103 67 
CCDLRC2=0 0 0 
[反馈数据]
0=109
1=122
2=122
3=5788
4=2300
5=1850
6=43
7=1
8=0
9=0
10=28
11=669
12=659
[控制固参]
0=0
