[CCD原图]
CCD0=52 59 64 62 66 66 69 67 69 66 69 68 70 68 70 68 71 70 73 71 74 72 72 71 75 73 75 74 77 75 78 76 79 78 81 78 80 77 78 75 76 75 78 92 118 120 125 126 129 127 127 127 126 125 129 124 129 128 130 130 132 124 134 128 132 130 132 132 133 131 134 132 134 129 134 131 133 132 134 132 135 132 136 132 133 131 132 134 132 130 130 127 129 127 129 130 131 127 129 127 128 124 126 122 122 123 124 124 122 121 121 111 92 77 78 75 80 80 82 79 81 79 81 79 81 81 84 82 
CCD1=0 0 0 0 0 0 0 0 0 0 0 0 0 0 0 0 0 0 0 0 0 0 0 0 0 0 0 0 0 0 0 0 0 0 0 0 0 0 0 0 0 0 0 0 0 0 0 0 0 0 0 0 0 0 0 0 0 0 0 0 0 0 0 0 0 0 0 0 0 0 0 0 0 0 0 0 0 0 0 0 0 0 0 0 0 0 0 0 0 0 0 0 0 0 0 0 0 0 0 0 0 0 0 0 0 0 0 0 0 0 0 0 0 0 0 0 0 0 0 0 0 0 0 0 0 0 0 0 
[CCD拟图]
CCDLRC0=43 113 78 
CCDLRC1=43 113 78 
CCDLRC2=0 0 0 
[反馈数据]
0=109
1=122
2=122
3=5788
4=2300
5=1850
6=43
7=1
8=0
9=0
10=81
11=722
12=712
[控制固参]
0=0
