[CCD原图]
CCD0=53 58 63 62 67 66 68 65 66 66 71 69 72 69 72 70 72 71 74 72 75 73 73 71 74 71 76 89 108 110 112 112 114 113 115 114 118 114 119 119 120 118 123 120 125 123 125 125 128 127 128 127 126 125 129 125 129 127 128 129 131 123 134 127 132 130 130 129 131 127 129 127 129 124 127 123 128 127 129 129 133 128 133 130 132 130 132 135 132 131 131 128 129 127 128 127 128 123 125 122 120 109 102 86 78 74 76 76 78 77 79 79 81 78 80 78 81 79 81 78 81 79 81 79 81 80 84 81 
CCD1=0 0 0 0 0 0 0 0 0 0 0 0 0 0 0 0 0 0 0 0 0 0 0 0 0 0 0 0 0 0 0 0 0 0 0 0 0 0 0 0 0 0 0 0 0 0 0 0 0 0 0 0 0 0 0 0 0 0 0 0 0 0 0 0 0 0 0 0 0 0 0 0 0 0 0 0 0 0 0 0 0 0 0 0 0 0 0 0 0 0 0 0 0 0 0 0 0 0 0 0 0 0 0 0 0 0 0 0 0 0 0 0 0 0 0 0 0 0 0 0 0 0 0 0 0 0 0 0 
[CCD拟图]
CCDLRC0=29 104 66 
CCDLRC1=29 104 66 
CCDLRC2=0 0 0 
[反馈数据]
0=109
1=122
2=122
3=5788
4=2300
5=1850
6=43
7=1
8=0
9=0
10=87
11=728
12=718
[控制固参]
0=0
