[CCD原图]
CCD0=52 58 63 62 67 65 69 66 68 66 68 66 68 66 69 66 69 68 71 69 71 69 70 69 72 71 73 70 73 71 73 72 74 72 75 73 75 73 75 74 75 73 76 72 74 71 73 71 74 75 85 93 104 110 118 115 119 118 120 120 123 115 125 119 123 121 121 121 122 120 123 121 123 119 123 120 123 122 122 121 124 119 122 119 121 119 120 121 120 119 118 116 119 115 118 118 118 115 117 116 116 113 114 112 112 113 114 114 112 111 111 109 111 107 110 107 110 108 110 108 110 109 111 108 107 111 117 115 
CCD1=0 0 0 0 0 0 0 0 0 0 0 0 0 0 0 0 0 0 0 0 0 0 0 0 0 0 0 0 0 0 0 0 0 0 0 0 0 0 0 0 0 0 0 0 0 0 0 0 0 0 0 0 0 0 0 0 0 0 0 0 0 0 0 0 0 0 0 0 0 0 0 0 0 0 0 0 0 0 0 0 0 0 0 0 0 0 0 0 0 0 0 0 0 0 0 0 0 0 0 0 0 0 0 0 0 0 0 0 0 0 0 0 0 0 0 0 0 0 0 0 0 0 0 0 0 0 0 0 
[CCD拟图]
CCDLRC0=46 122 85 
CCDLRC1=46 122 85 
CCDLRC2=0 0 0 
[反馈数据]
0=109
1=122
2=122
3=5788
4=2300
5=1850
6=43
7=1
8=0
9=0
10=162
11=803
12=793
[控制固参]
0=0
