[CCD原图]
CCD0=54 61 68 68 76 78 84 81 84 80 83 80 82 79 81 80 82 81 83 81 84 82 81 82 86 84 87 84 86 80 80 79 81 83 111 137 145 142 148 148 147 143 146 141 144 139 140 139 142 138 140 139 138 137 140 135 140 139 141 142 145 136 149 141 145 144 144 145 146 145 149 151 157 153 160 158 161 159 157 153 151 143 146 141 143 140 140 142 140 139 137 135 136 134 137 136 137 132 136 133 131 117 95 85 85 83 86 85 86 83 85 83 85 81 84 81 83 81 83 81 82 81 83 81 81 82 84 83 
CCD1=0 0 0 0 0 0 0 0 0 0 0 0 0 0 0 0 0 0 0 0 0 0 0 0 0 0 0 0 0 0 0 0 0 0 0 0 0 0 0 0 0 0 0 0 0 0 0 0 0 0 0 0 0 0 0 0 0 0 0 0 0 0 0 0 0 0 0 0 0 0 0 0 0 0 0 0 0 0 0 0 0 0 0 0 0 0 0 0 0 0 0 0 0 0 0 0 0 0 0 0 0 0 0 0 0 0 0 0 0 0 0 0 0 0 0 0 0 0 0 0 0 0 0 0 0 0 0 0 
[CCD拟图]
CCDLRC0=33 102 67 
CCDLRC1=33 102 67 
CCDLRC2=0 0 0 
[反馈数据]
0=109
1=122
2=122
3=5788
4=2300
5=1850
6=43
7=1
8=0
9=0
10=225
11=98
12=88
[控制固参]
0=0
