[CCD原图]
CCD0=53 60 65 64 69 69 73 71 73 71 71 67 69 67 77 95 103 105 109 108 113 111 104 110 115 113 116 113 116 112 114 112 115 115 115 113 117 112 115 115 118 118 122 120 124 121 123 124 126 124 126 125 124 123 126 122 125 123 125 125 128 121 133 129 135 134 134 135 137 134 136 135 137 130 134 130 133 130 131 130 130 118 100 84 83 82 87 85 86 83 84 81 83 81 83 81 83 80 82 81 82 79 81 79 80 79 81 80 81 79 80 78 80 77 79 77 79 78 79 77 79 78 80 77 79 79 81 80 
CCD1=0 0 0 0 0 0 0 0 0 0 0 0 0 0 0 0 0 0 0 0 0 0 0 0 0 0 0 0 0 0 0 0 0 0 0 0 0 0 0 0 0 0 0 0 0 0 0 0 0 0 0 0 0 0 0 0 0 0 0 0 0 0 0 0 0 0 0 0 0 0 0 0 0 0 0 0 0 0 0 0 0 0 0 0 0 0 0 0 0 0 0 0 0 0 0 0 0 0 0 0 0 0 0 0 0 0 0 0 0 0 0 0 0 0 0 0 0 0 0 0 0 0 0 0 0 0 0 0 
[CCD拟图]
CCDLRC0=13 81 47 
CCDLRC1=13 81 47 
CCDLRC2=0 0 0 
[反馈数据]
0=109
1=122
2=122
3=5788
4=2300
5=1850
6=43
7=1
8=0
9=0
10=249
11=890
12=880
[控制固参]
0=0
