[CCD原图]
CCD0=53 60 65 64 68 68 73 70 73 70 73 71 73 71 72 70 72 71 74 86 107 108 103 108 113 111 114 111 115 114 115 116 117 116 118 117 120 115 119 118 118 116 120 118 123 120 123 123 126 125 125 126 125 123 127 122 127 125 127 127 128 119 128 123 128 126 128 129 132 130 133 133 136 131 136 133 135 133 134 133 134 129 132 127 126 116 93 83 83 82 84 83 84 82 84 82 84 81 83 82 83 80 82 80 81 80 81 79 81 79 81 79 81 78 80 78 80 78 79 77 80 78 80 77 79 79 82 81 
CCD1=0 0 0 0 0 0 0 0 0 0 0 0 0 0 0 0 0 0 0 0 0 0 0 0 0 0 0 0 0 0 0 0 0 0 0 0 0 0 0 0 0 0 0 0 0 0 0 0 0 0 0 0 0 0 0 0 0 0 0 0 0 0 0 0 0 0 0 0 0 0 0 0 0 0 0 0 0 0 0 0 0 0 0 0 0 0 0 0 0 0 0 0 0 0 0 0 0 0 0 0 0 0 0 0 0 0 0 0 0 0 0 0 0 0 0 0 0 0 0 0 0 0 0 0 0 0 0 0 
[CCD拟图]
CCDLRC0=17 86 51 
CCDLRC1=17 86 51 
CCDLRC2=0 0 0 
[反馈数据]
0=109
1=122
2=122
3=5788
4=2300
5=1850
6=43
7=1
8=0
9=0
10=253
11=894
12=884
[控制固参]
0=0
