[CCD原图]
CCD0=53 60 64 63 68 68 71 69 72 69 72 70 73 71 74 72 74 72 74 71 76 87 99 107 114 112 116 114 117 115 116 115 117 117 119 117 120 115 118 117 116 113 116 113 119 117 121 122 125 124 127 126 124 123 127 124 128 126 129 129 130 122 132 125 130 127 127 127 129 127 131 131 133 129 134 132 135 133 135 134 137 130 135 132 132 128 129 129 122 98 84 80 82 80 83 82 84 81 85 82 83 80 82 80 81 80 81 80 81 78 81 79 80 78 80 78 81 78 80 78 79 78 79 78 79 78 82 81 
CCD1=0 0 0 0 0 0 0 0 0 0 0 0 0 0 0 0 0 0 0 0 0 0 0 0 0 0 0 0 0 0 0 0 0 0 0 0 0 0 0 0 0 0 0 0 0 0 0 0 0 0 0 0 0 0 0 0 0 0 0 0 0 0 0 0 0 0 0 0 0 0 0 0 0 0 0 0 0 0 0 0 0 0 0 0 0 0 0 0 0 0 0 0 0 0 0 0 0 0 0 0 0 0 0 0 0 0 0 0 0 0 0 0 0 0 0 0 0 0 0 0 0 0 0 0 0 0 0 0 
[CCD拟图]
CCDLRC0=21 89 55 
CCDLRC1=21 89 55 
CCDLRC2=0 0 0 
[反馈数据]
0=109
1=122
2=122
3=5788
4=2300
5=1850
6=43
7=1
8=0
9=0
10=9
11=906
12=896
[控制固参]
0=0
