[CCD原图]
CCD0=53 59 64 63 68 67 71 69 72 69 72 70 72 70 73 71 74 72 73 69 71 68 70 75 95 103 106 107 111 109 111 111 113 113 116 114 119 114 118 117 117 114 115 111 114 112 117 118 122 122 124 123 123 122 126 122 126 125 127 127 127 119 129 121 124 121 120 120 122 122 127 127 131 129 134 131 135 134 136 135 137 132 137 133 134 130 128 128 121 108 86 76 79 76 79 79 84 81 84 83 84 81 82 81 82 80 82 81 82 80 81 79 82 79 81 79 81 80 81 78 80 79 81 79 79 80 82 81 
CCD1=0 0 0 0 0 0 0 0 0 0 0 0 0 0 0 0 0 0 0 0 0 0 0 0 0 0 0 0 0 0 0 0 0 0 0 0 0 0 0 0 0 0 0 0 0 0 0 0 0 0 0 0 0 0 0 0 0 0 0 0 0 0 0 0 0 0 0 0 0 0 0 0 0 0 0 0 0 0 0 0 0 0 0 0 0 0 0 0 0 0 0 0 0 0 0 0 0 0 0 0 0 0 0 0 0 0 0 0 0 0 0 0 0 0 0 0 0 0 0 0 0 0 0 0 0 0 0 0 
[CCD拟图]
CCDLRC0=22 90 56 
CCDLRC1=22 90 56 
CCDLRC2=0 0 0 
[反馈数据]
0=109
1=122
2=122
3=5788
4=2300
5=1850
6=43
7=1
8=0
9=0
10=25
11=922
12=912
[控制固参]
0=0
