[CCD原图]
CCD0=52 59 63 62 67 66 71 68 71 68 71 68 71 68 70 69 70 69 72 70 73 71 71 70 74 72 74 73 75 74 75 74 76 74 76 75 77 74 77 75 77 75 91 112 121 119 122 123 127 127 128 128 126 125 129 124 130 128 130 129 131 123 133 127 130 129 128 127 130 128 131 130 133 128 131 129 132 130 132 131 133 127 132 128 129 126 128 130 129 130 131 131 134 132 135 134 135 130 132 130 129 125 126 122 122 122 122 122 116 101 82 76 79 75 78 78 81 79 82 80 81 80 81 80 80 81 83 81 
CCD1=0 0 0 0 0 0 0 0 0 0 0 0 0 0 0 0 0 0 0 0 0 0 0 0 0 0 0 0 0 0 0 0 0 0 0 0 0 0 0 0 0 0 0 0 0 0 0 0 0 0 0 0 0 0 0 0 0 0 0 0 0 0 0 0 0 0 0 0 0 0 0 0 0 0 0 0 0 0 0 0 0 0 0 0 0 0 0 0 0 0 0 0 0 0 0 0 0 0 0 0 0 0 0 0 0 0 0 0 0 0 0 0 0 0 0 0 0 0 0 0 0 0 0 0 0 0 0 0 
[CCD拟图]
CCDLRC0=41 109 75 
CCDLRC1=41 109 75 
CCDLRC2=0 0 0 
[反馈数据]
0=109
1=122
2=122
3=5788
4=2300
5=1850
6=43
7=1
8=0
9=0
10=114
11=1011
12=1001
[控制固参]
0=0
