[CCD原图]
CCD0=56 63 68 68 73 72 74 75 106 117 124 122 124 119 122 122 123 123 127 125 129 126 117 124 131 129 132 130 134 132 132 132 135 135 139 138 142 137 142 142 142 140 143 141 144 139 142 142 146 143 144 143 140 139 144 139 144 143 145 145 147 137 150 143 147 146 145 145 145 141 144 143 145 135 122 87 78 76 77 79 88 85 88 85 88 85 87 87 87 85 86 84 87 83 87 85 87 84 86 84 85 82 85 82 83 81 83 82 83 81 82 80 82 79 81 79 81 79 80 78 80 79 81 78 79 79 81 80 
CCD1=0 0 0 0 0 0 0 0 0 0 0 0 0 0 0 0 0 0 0 0 0 0 0 0 0 0 0 0 0 0 0 0 0 0 0 0 0 0 0 0 0 0 0 0 0 0 0 0 0 0 0 0 0 0 0 0 0 0 0 0 0 0 0 0 0 0 0 0 0 0 0 0 0 0 0 0 0 0 0 0 0 0 0 0 0 0 0 0 0 0 0 0 0 0 0 0 0 0 0 0 0 0 0 0 0 0 0 0 0 0 0 0 0 0 0 0 0 0 0 0 0 0 0 0 0 0 0 0 
[CCD拟图]
CCDLRC0=7 76 41 
CCDLRC1=7 76 41 
CCDLRC2=0 0 0 
[反馈数据]
0=50
1=100
2=75
3=4928
4=2100
5=1750
6=25
7=0
8=0
9=0
10=137
11=1608
12=1662
[控制固参]
0=0
