[CCD原图]
CCD0=55 62 68 68 75 77 83 80 82 79 82 79 82 79 81 79 79 72 72 70 77 93 106 118 126 125 127 126 128 125 126 125 127 127 130 129 134 130 135 134 134 133 137 135 141 138 142 145 151 153 158 162 162 163 168 163 168 166 166 166 163 148 158 146 148 146 145 144 145 142 143 141 144 138 143 140 143 141 142 140 143 137 142 138 140 137 137 140 138 137 135 129 121 103 93 85 87 84 86 84 85 83 84 82 83 82 83 82 83 81 82 80 82 79 82 79 81 79 81 79 81 78 81 79 80 80 83 80 
CCD1=0 0 0 0 0 0 0 0 0 0 0 0 0 0 0 0 0 0 0 0 0 0 0 0 0 0 0 0 0 0 0 0 0 0 0 0 0 0 0 0 0 0 0 0 0 0 0 0 0 0 0 0 0 0 0 0 0 0 0 0 0 0 0 0 0 0 0 0 0 0 0 0 0 0 0 0 0 0 0 0 0 0 0 0 0 0 0 0 0 0 0 0 0 0 0 0 0 0 0 0 0 0 0 0 0 0 0 0 0 0 0 0 0 0 0 0 0 0 0 0 0 0 0 0 0 0 0 0 
[CCD拟图]
CCDLRC0=18 91 54 
CCDLRC1=18 91 54 
CCDLRC2=0 0 0 
[反馈数据]
0=50
1=100
2=75
3=4928
4=2100
5=1750
6=25
7=0
8=0
9=0
10=219
11=1690
12=1744
[控制固参]
0=0
