[CCD原图]
CCD0=61 71 81 89 110 124 138 137 143 137 139 133 133 128 127 127 125 124 128 124 128 125 116 123 130 129 131 129 132 132 134 135 140 144 149 152 156 150 156 154 150 145 145 140 143 138 139 139 143 141 142 141 139 138 142 136 142 141 142 142 143 130 130 106 93 83 84 85 89 87 90 88 90 86 88 84 85 82 83 81 84 81 83 82 85 81 83 83 84 82 83 81 83 81 83 81 82 80 83 81 83 80 82 81 82 80 82 81 81 80 81 80 82 78 81 79 81 79 80 80 81 79 81 79 80 80 83 81 
CCD1=0 0 0 0 0 0 0 0 0 0 0 0 0 0 0 0 0 0 0 0 0 0 0 0 0 0 0 0 0 0 0 0 0 0 0 0 0 0 0 0 0 0 0 0 0 0 0 0 0 0 0 0 0 0 0 0 0 0 0 0 0 0 0 0 0 0 0 0 0 0 0 0 0 0 0 0 0 0 0 0 0 0 0 0 0 0 0 0 0 0 0 0 0 0 0 0 0 0 0 0 0 0 0 0 0 0 0 0 0 0 0 0 0 0 0 0 0 0 0 0 0 0 0 0 0 0 0 0 
[CCD拟图]
CCDLRC0=6 61 20 
CCDLRC1=6 61 20 
CCDLRC2=0 0 0 
[反馈数据]
0=50
1=100
2=75
3=4928
4=2100
5=1750
6=25
7=0
8=0
9=0
10=245
11=180
12=234
[控制固参]
0=0
