[CCD原图]
CCD0=55 62 68 69 76 79 83 79 77 73 75 73 93 116 128 131 134 134 139 136 139 135 125 131 139 135 138 135 138 135 135 135 137 136 139 137 141 135 141 141 141 140 143 141 146 142 144 145 148 146 148 148 145 145 150 146 152 151 155 156 159 149 165 157 162 160 157 158 158 155 156 153 156 148 153 149 152 149 150 145 136 105 85 78 81 79 82 83 86 85 86 84 86 84 85 84 86 82 85 83 84 81 83 81 81 81 83 82 82 80 82 81 82 79 81 79 81 79 81 78 81 78 81 79 80 79 82 80 
CCD1=0 0 0 0 0 0 0 0 0 0 0 0 0 0 0 0 0 0 0 0 0 0 0 0 0 0 0 0 0 0 0 0 0 0 0 0 0 0 0 0 0 0 0 0 0 0 0 0 0 0 0 0 0 0 0 0 0 0 0 0 0 0 0 0 0 0 0 0 0 0 0 0 0 0 0 0 0 0 0 0 0 0 0 0 0 0 0 0 0 0 0 0 0 0 0 0 0 0 0 0 0 0 0 0 0 0 0 0 0 0 0 0 0 0 0 0 0 0 0 0 0 0 0 0 0 0 0 0 
[CCD拟图]
CCDLRC0=12 83 47 
CCDLRC1=12 83 47 
CCDLRC2=0 0 0 
[反馈数据]
0=50
1=100
2=75
3=4928
4=2100
5=1750
6=25
7=0
8=0
9=0
10=255
11=1726
12=1780
[控制固参]
0=0
