[CCD原图]
CCD0=60 71 82 91 112 124 135 131 135 129 129 126 127 122 124 124 124 123 128 128 135 136 130 144 157 157 161 158 158 150 145 142 139 136 136 133 137 132 137 136 135 134 137 134 138 135 136 136 139 137 139 139 137 136 139 134 139 139 140 137 137 134 150 145 151 153 155 154 132 101 88 81 85 83 85 84 90 90 93 91 93 90 92 89 91 87 89 88 89 86 87 85 87 84 86 85 86 83 85 84 85 81 84 82 84 82 85 84 85 84 85 84 85 82 84 81 83 81 83 81 83 81 82 80 82 82 85 84 
CCD1=0 0 0 0 0 0 0 0 0 0 0 0 0 0 0 0 0 0 0 0 0 0 0 0 0 0 0 0 0 0 0 0 0 0 0 0 0 0 0 0 0 0 0 0 0 0 0 0 0 0 0 0 0 0 0 0 0 0 0 0 0 0 0 0 0 0 0 0 0 0 0 0 0 0 0 0 0 0 0 0 0 0 0 0 0 0 0 0 0 0 0 0 0 0 0 0 0 0 0 0 0 0 0 0 0 0 0 0 0 0 0 0 0 0 0 0 0 0 0 0 0 0 0 0 0 0 0 0 
[CCD拟图]
CCDLRC0=6 71 37 
CCDLRC1=6 71 37 
CCDLRC2=0 0 0 
[反馈数据]
0=50
1=100
2=75
3=4928
4=2100
5=1750
6=25
7=0
8=0
9=0
10=31
11=1758
12=1812
[控制固参]
0=0
