[CCD原图]
CCD0=61 71 81 88 108 120 132 129 135 132 136 133 133 126 129 132 135 135 138 133 135 129 119 125 131 129 133 130 134 131 132 131 133 134 136 135 138 133 138 138 137 137 139 137 143 139 141 142 145 143 145 144 142 141 145 141 145 144 146 146 149 140 154 147 153 154 157 162 167 167 171 169 169 159 160 152 151 146 147 145 147 142 146 143 144 142 143 145 141 140 139 140 143 141 143 144 145 140 143 143 142 138 140 138 138 140 141 141 138 137 138 136 137 131 136 131 134 132 132 129 130 129 131 128 125 131 136 136 
CCD1=0 0 0 0 0 0 0 0 0 0 0 0 0 0 0 0 0 0 0 0 0 0 0 0 0 0 0 0 0 0 0 0 0 0 0 0 0 0 0 0 0 0 0 0 0 0 0 0 0 0 0 0 0 0 0 0 0 0 0 0 0 0 0 0 0 0 0 0 0 0 0 0 0 0 0 0 0 0 0 0 0 0 0 0 0 0 0 0 0 0 0 0 0 0 0 0 0 0 0 0 0 0 0 0 0 0 0 0 0 0 0 0 0 0 0 0 0 0 0 0 0 0 0 0 0 0 0 0 
[CCD拟图]
CCDLRC0=6 117 61 
CCDLRC1=6 117 61 
CCDLRC2=0 0 0 
[反馈数据]
0=50
1=100
2=75
3=4928
4=2100
5=1750
6=25
7=0
8=0
9=0
10=65
11=1792
12=1846
[控制固参]
0=0
