[CCD原图]
CCD0=55 63 69 69 78 81 86 84 86 82 84 81 83 81 81 77 77 78 94 107 123 122 115 123 130 128 132 130 132 131 133 133 135 137 141 142 146 142 148 145 144 140 142 138 141 137 139 139 143 140 143 142 140 139 144 141 148 147 151 154 160 152 169 161 164 161 156 154 152 145 147 145 147 140 144 141 142 141 142 142 144 138 142 139 139 135 129 114 95 82 82 81 86 85 87 87 88 86 89 86 88 85 87 85 86 85 87 85 85 84 84 83 85 81 83 81 82 79 80 76 77 75 77 76 78 79 82 81 
CCD1=0 0 0 0 0 0 0 0 0 0 0 0 0 0 0 0 0 0 0 0 0 0 0 0 0 0 0 0 0 0 0 0 0 0 0 0 0 0 0 0 0 0 0 0 0 0 0 0 0 0 0 0 0 0 0 0 0 0 0 0 0 0 0 0 0 0 0 0 0 0 0 0 0 0 0 0 0 0 0 0 0 0 0 0 0 0 0 0 0 0 0 0 0 0 0 0 0 0 0 0 0 0 0 0 0 0 0 0 0 0 0 0 0 0 0 0 0 0 0 0 0 0 0 0 0 0 0 0 
[CCD拟图]
CCDLRC0=14 86 50 
CCDLRC1=14 86 50 
CCDLRC2=0 0 0 
[反馈数据]
0=50
1=100
2=75
3=4928
4=2100
5=1750
6=25
7=0
8=0
9=0
10=253
11=188
12=242
[控制固参]
0=0
