[CCD原图]
CCD0=58 68 78 85 103 114 127 123 126 120 121 118 120 117 119 120 120 120 124 123 127 125 117 128 141 143 141 130 132 129 133 135 134 131 133 132 136 130 135 135 135 134 138 135 139 135 139 140 144 141 143 143 141 140 143 139 143 143 145 145 147 138 151 143 147 146 144 145 146 143 146 145 147 142 146 144 147 145 147 148 151 149 157 160 166 167 169 173 166 164 161 154 148 138 138 137 138 133 135 134 133 129 132 129 128 131 133 136 133 132 132 132 133 128 133 127 132 130 132 129 131 130 133 130 129 135 140 140 
CCD1=0 0 0 0 0 0 0 0 0 0 0 0 0 0 0 0 0 0 0 0 0 0 0 0 0 0 0 0 0 0 0 0 0 0 0 0 0 0 0 0 0 0 0 0 0 0 0 0 0 0 0 0 0 0 0 0 0 0 0 0 0 0 0 0 0 0 0 0 0 0 0 0 0 0 0 0 0 0 0 0 0 0 0 0 0 0 0 0 0 0 0 0 0 0 0 0 0 0 0 0 0 0 0 0 0 0 0 0 0 0 0 0 0 0 0 0 0 0 0 0 0 0 0 0 0 0 0 0 
[CCD拟图]
CCDLRC0=6 122 61 
CCDLRC1=6 122 61 
CCDLRC2=0 0 0 
[反馈数据]
0=50
1=100
2=75
3=4928
4=2100
5=1750
6=25
7=0
8=0
9=0
10=78
11=1805
12=1859
[控制固参]
0=0
