[CCD原图]
CCD0=54 61 68 67 74 76 82 79 81 79 81 78 80 78 81 78 80 78 81 80 83 81 80 81 85 83 86 83 85 76 74 72 75 93 121 127 134 129 135 134 135 133 136 134 139 136 138 138 141 139 141 141 138 138 142 138 143 142 144 145 146 137 149 142 146 145 144 144 145 143 145 144 147 141 145 142 145 144 146 147 153 153 163 162 164 161 162 166 162 162 158 152 150 142 141 139 138 134 135 131 127 115 95 78 79 78 81 81 82 80 81 79 81 78 80 78 80 78 79 77 79 76 78 75 77 76 79 77 
CCD1=0 0 0 0 0 0 0 0 0 0 0 0 0 0 0 0 0 0 0 0 0 0 0 0 0 0 0 0 0 0 0 0 0 0 0 0 0 0 0 0 0 0 0 0 0 0 0 0 0 0 0 0 0 0 0 0 0 0 0 0 0 0 0 0 0 0 0 0 0 0 0 0 0 0 0 0 0 0 0 0 0 0 0 0 0 0 0 0 0 0 0 0 0 0 0 0 0 0 0 0 0 0 0 0 0 0 0 0 0 0 0 0 0 0 0 0 0 0 0 0 0 0 0 0 0 0 0 0 
[CCD拟图]
CCDLRC0=33 102 67 
CCDLRC1=33 102 67 
CCDLRC2=0 0 0 
[反馈数据]
0=50
1=100
2=75
3=4928
4=2100
5=1750
6=25
7=0
8=0
9=0
10=90
11=1817
12=1871
[控制固参]
0=0
