[CCD原图]
CCD0=54 62 68 68 75 77 81 79 82 79 81 78 82 78 80 79 80 79 82 81 83 81 80 81 86 84 86 83 82 75 76 74 77 87 116 126 134 129 135 134 135 133 136 134 139 136 138 139 141 139 142 141 139 139 141 137 143 142 144 144 146 137 150 143 147 145 144 145 146 143 146 144 146 140 144 142 144 142 144 142 146 142 152 155 162 162 164 167 163 160 156 151 147 139 140 139 139 132 133 130 123 103 85 75 75 73 78 80 81 80 81 79 81 77 80 78 79 78 79 77 78 77 78 76 77 77 79 77 
CCD1=0 0 0 0 0 0 0 0 0 0 0 0 0 0 0 0 0 0 0 0 0 0 0 0 0 0 0 0 0 0 0 0 0 0 0 0 0 0 0 0 0 0 0 0 0 0 0 0 0 0 0 0 0 0 0 0 0 0 0 0 0 0 0 0 0 0 0 0 0 0 0 0 0 0 0 0 0 0 0 0 0 0 0 0 0 0 0 0 0 0 0 0 0 0 0 0 0 0 0 0 0 0 0 0 0 0 0 0 0 0 0 0 0 0 0 0 0 0 0 0 0 0 0 0 0 0 0 0 
[CCD拟图]
CCDLRC0=32 103 67 
CCDLRC1=32 103 67 
CCDLRC2=0 0 0 
[反馈数据]
0=50
1=100
2=75
3=4928
4=2100
5=1750
6=25
7=0
8=0
9=0
10=91
11=1818
12=1872
[控制固参]
0=0
