[CCD原图]
CCD0=54 62 68 69 77 80 86 82 86 82 85 82 84 81 83 81 83 82 85 80 78 73 74 79 102 119 128 128 132 131 133 133 134 134 136 135 139 135 141 142 143 142 147 144 148 142 144 144 145 142 143 143 139 139 143 139 145 144 145 147 150 141 156 151 158 159 159 161 163 158 159 154 155 146 149 144 145 143 144 143 145 139 143 141 141 139 138 141 137 135 131 122 111 88 80 76 80 80 86 86 88 85 87 85 86 86 87 86 86 84 85 84 86 82 85 82 85 82 84 82 83 82 83 80 82 81 84 81 
CCD1=0 0 0 0 0 0 0 0 0 0 0 0 0 0 0 0 0 0 0 0 0 0 0 0 0 0 0 0 0 0 0 0 0 0 0 0 0 0 0 0 0 0 0 0 0 0 0 0 0 0 0 0 0 0 0 0 0 0 0 0 0 0 0 0 0 0 0 0 0 0 0 0 0 0 0 0 0 0 0 0 0 0 0 0 0 0 0 0 0 0 0 0 0 0 0 0 0 0 0 0 0 0 0 0 0 0 0 0 0 0 0 0 0 0 0 0 0 0 0 0 0 0 0 0 0 0 0 0 
[CCD拟图]
CCDLRC0=20 92 56 
CCDLRC1=20 92 56 
CCDLRC2=0 0 0 
[反馈数据]
0=50
1=100
2=75
3=4928
4=2100
5=1750
6=25
7=0
8=0
9=0
10=0
11=191
12=245
[控制固参]
0=0
