[CCD原图]
CCD0=54 60 67 67 75 77 82 80 82 78 81 78 81 78 80 79 81 79 82 80 82 80 79 79 82 80 82 80 82 80 81 80 82 81 83 82 84 81 84 82 85 84 85 83 87 85 87 86 88 86 89 87 88 86 89 86 89 87 89 88 91 86 92 88 91 89 90 89 91 89 91 89 92 88 91 88 90 86 86 82 82 78 80 78 78 75 79 80 89 97 107 113 122 124 130 131 134 130 134 133 132 129 132 130 130 132 134 136 133 132 133 131 130 126 132 130 135 133 132 126 125 120 120 119 120 124 129 128 
CCD1=0 0 0 0 0 0 0 0 0 0 0 0 0 0 0 0 0 0 0 0 0 0 0 0 0 0 0 0 0 0 0 0 0 0 0 0 0 0 0 0 0 0 0 0 0 0 0 0 0 0 0 0 0 0 0 0 0 0 0 0 0 0 0 0 0 0 0 0 0 0 0 0 0 0 0 0 0 0 0 0 0 0 0 0 0 0 0 0 0 0 0 0 0 0 0 0 0 0 0 0 0 0 0 0 0 0 0 0 0 0 0 0 0 0 0 0 0 0 0 0 0 0 0 0 0 0 0 0 
[CCD拟图]
CCDLRC0=81 122 122 
CCDLRC1=81 122 122 
CCDLRC2=0 0 0 
[反馈数据]
0=50
1=100
2=75
3=4928
4=2100
5=1750
6=25
7=0
8=0
9=0
10=174
11=1901
12=1955
[控制固参]
0=0
