[CCD原图]
CCD0=54 61 67 67 75 76 81 78 81 77 79 77 79 76 79 77 79 78 80 79 82 79 78 79 83 81 83 81 84 80 82 81 82 82 83 81 83 80 83 82 83 81 84 81 85 82 85 83 86 85 87 85 86 84 87 86 89 88 90 89 91 86 90 85 87 83 83 83 84 82 85 82 83 78 80 87 102 114 127 132 137 132 137 134 136 133 134 136 134 133 133 130 133 130 133 133 135 130 134 134 137 136 144 146 150 153 153 152 144 138 134 130 129 122 126 120 124 123 123 120 122 121 123 121 120 125 129 128 
CCD1=0 0 0 0 0 0 0 0 0 0 0 0 0 0 0 0 0 0 0 0 0 0 0 0 0 0 0 0 0 0 0 0 0 0 0 0 0 0 0 0 0 0 0 0 0 0 0 0 0 0 0 0 0 0 0 0 0 0 0 0 0 0 0 0 0 0 0 0 0 0 0 0 0 0 0 0 0 0 0 0 0 0 0 0 0 0 0 0 0 0 0 0 0 0 0 0 0 0 0 0 0 0 0 0 0 0 0 0 0 0 0 0 0 0 0 0 0 0 0 0 0 0 0 0 0 0 0 0 
[CCD拟图]
CCDLRC0=79 122 120 
CCDLRC1=79 122 120 
CCDLRC2=0 0 0 
[反馈数据]
0=50
1=100
2=75
3=4928
4=2100
5=1750
6=25
7=0
8=0
9=0
10=193
11=1920
12=1974
[控制固参]
0=0
