[CCD原图]
CCD0=60 70 83 90 111 123 134 129 131 124 126 121 123 119 121 121 121 119 124 121 123 120 112 118 125 123 126 124 129 126 127 126 128 129 130 130 134 129 135 135 134 133 137 134 140 137 141 143 147 145 145 143 140 139 143 138 143 141 142 142 143 134 145 137 141 139 137 138 138 134 129 107 89 78 80 79 80 78 80 79 83 81 82 79 82 79 81 81 80 79 80 78 80 77 80 78 80 78 80 78 80 77 79 76 77 77 79 77 78 76 77 76 76 73 74 70 72 70 72 69 71 69 71 69 71 69 71 69 
CCD1=0 0 0 0 0 0 0 0 0 0 0 0 0 0 0 0 0 0 0 0 0 0 0 0 0 0 0 0 0 0 0 0 0 0 0 0 0 0 0 0 0 0 0 0 0 0 0 0 0 0 0 0 0 0 0 0 0 0 0 0 0 0 0 0 0 0 0 0 0 0 0 0 0 0 0 0 0 0 0 0 0 0 0 0 0 0 0 0 0 0 0 0 0 0 0 0 0 0 0 0 0 0 0 0 0 0 0 0 0 0 0 0 0 0 0 0 0 0 0 0 0 0 0 0 0 0 0 0 
[CCD拟图]
CCDLRC0=6 76 30 
CCDLRC1=6 76 30 
CCDLRC2=0 0 0 
[反馈数据]
0=50
1=100
2=75
3=4928
4=2100
5=1750
6=25
7=0
8=0
9=0
10=208
11=1935
12=1989
[控制固参]
0=0
