[CCD原图]
CCD0=55 62 69 69 77 80 85 82 84 79 80 76 78 74 76 74 76 74 76 75 78 75 76 76 79 77 80 78 81 79 81 79 81 81 83 81 84 80 83 79 79 77 81 80 83 81 83 82 85 83 85 83 83 79 78 75 79 78 82 81 83 80 83 80 83 81 83 82 84 82 85 84 86 82 85 83 86 84 86 84 86 83 85 82 84 82 83 81 83 81 82 80 82 78 81 79 80 77 79 78 79 75 79 76 77 76 78 76 77 76 77 75 78 75 77 75 77 76 78 76 78 76 78 77 78 78 81 78 
CCD1=0 0 0 0 0 0 0 0 0 0 0 0 0 0 0 0 0 0 0 0 0 0 0 0 0 0 0 0 0 0 0 0 0 0 0 0 0 0 0 0 0 0 0 0 0 0 0 0 0 0 0 0 0 0 0 0 0 0 0 0 0 0 0 0 0 0 0 0 0 0 0 0 0 0 0 0 0 0 0 0 0 0 0 0 0 0 0 0 0 0 0 0 0 0 0 0 0 0 0 0 0 0 0 0 0 0 0 0 0 0 0 0 0 0 0 0 0 0 0 0 0 0 0 0 0 0 0 0 
[CCD拟图]
CCDLRC0=6 122 10 
CCDLRC1=6 122 10 
CCDLRC2=0 0 0 
[反馈数据]
0=50
1=100
2=75
3=4928
4=2100
5=1750
6=25
7=0
8=0
9=0
10=255
11=1982
12=2036
[控制固参]
0=0
