[CCD原图]
CCD0=54 61 67 65 71 70 73 70 75 73 76 74 76 73 76 74 76 75 78 76 79 78 76 77 81 79 81 78 82 79 81 80 82 80 83 81 83 80 84 82 83 81 83 81 84 82 84 83 85 83 85 83 84 82 85 81 81 77 78 78 82 80 84 80 83 81 83 81 83 81 83 82 84 82 86 83 86 84 86 84 87 83 85 83 84 82 84 82 83 81 82 80 82 78 81 79 81 78 80 78 79 77 79 76 77 76 78 77 78 76 77 75 77 75 77 75 77 76 77 75 78 76 78 76 78 78 80 77 
CCD1=0 0 0 0 0 0 0 0 0 0 0 0 0 0 0 0 0 0 0 0 0 0 0 0 0 0 0 0 0 0 0 0 0 0 0 0 0 0 0 0 0 0 0 0 0 0 0 0 0 0 0 0 0 0 0 0 0 0 0 0 0 0 0 0 0 0 0 0 0 0 0 0 0 0 0 0 0 0 0 0 0 0 0 0 0 0 0 0 0 0 0 0 0 0 0 0 0 0 0 0 0 0 0 0 0 0 0 0 0 0 0 0 0 0 0 0 0 0 0 0 0 0 0 0 0 0 0 0 
[CCD拟图]
CCDLRC0=6 122 10 
CCDLRC1=6 122 10 
CCDLRC2=0 0 0 
[反馈数据]
0=50
1=100
2=75
3=4928
4=2100
5=1750
6=25
7=0
8=0
9=0
10=0
11=1983
12=2037
[控制固参]
0=0
