[CCD原图]
CCD0=53 60 65 65 72 72 77 75 78 75 78 76 78 75 78 76 78 77 79 77 80 77 76 76 80 78 80 78 81 78 80 78 81 79 82 80 83 80 83 81 83 80 83 81 84 81 84 82 84 83 85 83 84 82 85 82 85 83 85 84 86 81 86 83 84 83 84 82 81 79 80 78 80 78 82 80 82 80 82 81 83 81 83 81 84 81 84 83 83 82 83 81 83 80 82 81 83 80 82 80 81 78 80 79 79 77 79 77 78 76 78 75 78 75 77 75 77 75 77 74 76 74 76 74 76 75 78 77 
CCD1=0 0 0 0 0 0 0 0 0 0 0 0 0 0 0 0 0 0 0 0 0 0 0 0 0 0 0 0 0 0 0 0 0 0 0 0 0 0 0 0 0 0 0 0 0 0 0 0 0 0 0 0 0 0 0 0 0 0 0 0 0 0 0 0 0 0 0 0 0 0 0 0 0 0 0 0 0 0 0 0 0 0 0 0 0 0 0 0 0 0 0 0 0 0 0 0 0 0 0 0 0 0 0 0 0 0 0 0 0 0 0 0 0 0 0 0 0 0 0 0 0 0 0 0 0 0 0 0 
[CCD拟图]
CCDLRC0=6 122 10 
CCDLRC1=6 122 10 
CCDLRC2=0 0 0 
[反馈数据]
0=50
1=100
2=75
3=4928
4=2100
5=1750
6=25
7=0
8=0
9=0
10=4
11=1987
12=2041
[控制固参]
0=0
