[CCD原图]
CCD0=55 62 67 67 73 75 79 77 80 77 80 78 79 77 78 76 78 76 79 76 79 77 77 76 80 77 79 77 79 75 74 72 74 72 76 74 76 73 76 76 77 76 79 77 83 84 89 98 126 130 131 132 135 135 141 135 141 138 140 140 142 131 142 136 138 136 136 136 137 134 136 135 138 132 136 134 136 134 135 134 137 131 135 132 133 130 131 133 132 131 129 127 129 126 128 128 129 125 130 129 130 129 137 141 141 144 145 146 138 133 132 129 129 121 122 116 118 115 116 114 114 114 116 112 112 116 120 119 
CCD1=0 0 0 0 0 0 0 0 0 0 0 0 0 0 0 0 0 0 0 0 0 0 0 0 0 0 0 0 0 0 0 0 0 0 0 0 0 0 0 0 0 0 0 0 0 0 0 0 0 0 0 0 0 0 0 0 0 0 0 0 0 0 0 0 0 0 0 0 0 0 0 0 0 0 0 0 0 0 0 0 0 0 0 0 0 0 0 0 0 0 0 0 0 0 0 0 0 0 0 0 0 0 0 0 0 0 0 0 0 0 0 0 0 0 0 0 0 0 0 0 0 0 0 0 0 0 0 0 
[CCD拟图]
CCDLRC0=6 122 64 
CCDLRC1=6 122 64 
CCDLRC2=0 0 0 
[反馈数据]
0=50
1=100
2=75
3=4928
4=2100
5=1750
6=25
7=0
8=0
9=0
10=68
11=2051
12=2105
[控制固参]
0=0
