[CCD原图]
CCD0=53 60 65 65 71 72 77 74 76 73 76 74 76 73 75 73 75 74 76 74 77 74 74 74 77 75 79 76 78 76 78 76 79 76 79 77 80 77 80 79 79 78 80 78 81 79 81 80 82 80 82 80 81 79 82 79 83 81 83 82 84 80 85 81 84 81 83 82 83 81 84 81 84 80 83 81 83 81 84 81 84 81 83 81 83 79 82 80 82 80 81 78 79 76 77 74 74 71 74 73 75 75 80 82 87 90 98 103 106 107 110 111 115 110 115 112 117 115 117 114 116 115 117 115 114 119 123 122 
CCD1=0 0 0 0 0 0 0 0 0 0 0 0 0 0 0 0 0 0 0 0 0 0 0 0 0 0 0 0 0 0 0 0 0 0 0 0 0 0 0 0 0 0 0 0 0 0 0 0 0 0 0 0 0 0 0 0 0 0 0 0 0 0 0 0 0 0 0 0 0 0 0 0 0 0 0 0 0 0 0 0 0 0 0 0 0 0 0 0 0 0 0 0 0 0 0 0 0 0 0 0 0 0 0 0 0 0 0 0 0 0 0 0 0 0 0 0 0 0 0 0 0 0 0 0 0 0 0 0 
[CCD拟图]
CCDLRC0=99 122 122 
CCDLRC1=99 122 122 
CCDLRC2=0 0 0 
[反馈数据]
0=50
1=100
2=75
3=4928
4=2100
5=1750
6=25
7=0
8=0
9=0
10=146
11=2129
12=2183
[控制固参]
0=0
