[CCD原图]
CCD0=53 60 65 65 72 72 77 74 76 73 75 73 76 73 76 73 75 73 76 74 76 74 73 73 77 75 77 74 77 75 77 76 77 77 79 76 80 77 80 78 80 78 81 79 82 79 81 79 82 80 82 80 82 80 83 80 83 81 83 81 83 80 84 81 83 81 83 81 83 81 83 82 83 80 84 81 83 81 82 80 82 78 80 76 77 75 76 74 74 73 75 72 75 74 80 82 89 93 102 106 111 110 115 115 116 118 119 119 118 117 117 116 118 113 117 113 117 115 117 114 115 114 117 114 113 118 123 121 
CCD1=0 0 0 0 0 0 0 0 0 0 0 0 0 0 0 0 0 0 0 0 0 0 0 0 0 0 0 0 0 0 0 0 0 0 0 0 0 0 0 0 0 0 0 0 0 0 0 0 0 0 0 0 0 0 0 0 0 0 0 0 0 0 0 0 0 0 0 0 0 0 0 0 0 0 0 0 0 0 0 0 0 0 0 0 0 0 0 0 0 0 0 0 0 0 0 0 0 0 0 0 0 0 0 0 0 0 0 0 0 0 0 0 0 0 0 0 0 0 0 0 0 0 0 0 0 0 0 0 
[CCD拟图]
CCDLRC0=93 122 122 
CCDLRC1=93 122 122 
CCDLRC2=0 0 0 
[反馈数据]
0=50
1=100
2=75
3=4928
4=2100
5=1750
6=25
7=0
8=0
9=0
10=151
11=2134
12=2188
[控制固参]
0=0
