[CCD原图]
CCD0=53 60 66 65 72 72 77 74 76 73 76 73 75 73 75 73 74 73 76 74 77 74 74 74 77 75 77 75 78 76 77 75 78 76 78 76 79 77 79 78 79 77 80 78 81 79 81 80 82 81 83 81 82 81 83 80 83 81 83 83 84 80 84 81 84 81 84 82 83 81 84 82 83 81 84 81 83 80 81 78 79 75 76 74 76 72 75 73 75 74 78 80 87 90 99 104 111 110 117 119 119 116 119 118 118 119 120 121 119 117 118 116 118 113 117 113 117 116 117 114 116 114 118 114 113 118 123 122 
CCD1=0 0 0 0 0 0 0 0 0 0 0 0 0 0 0 0 0 0 0 0 0 0 0 0 0 0 0 0 0 0 0 0 0 0 0 0 0 0 0 0 0 0 0 0 0 0 0 0 0 0 0 0 0 0 0 0 0 0 0 0 0 0 0 0 0 0 0 0 0 0 0 0 0 0 0 0 0 0 0 0 0 0 0 0 0 0 0 0 0 0 0 0 0 0 0 0 0 0 0 0 0 0 0 0 0 0 0 0 0 0 0 0 0 0 0 0 0 0 0 0 0 0 0 0 0 0 0 0 
[CCD拟图]
CCDLRC0=93 122 122 
CCDLRC1=93 122 122 
CCDLRC2=0 0 0 
[反馈数据]
0=50
1=100
2=75
3=4928
4=2100
5=1750
6=25
7=0
8=0
9=0
10=152
11=2135
12=2189
[控制固参]
0=0
