[CCD原图]
CCD0=57 66 76 80 96 105 115 113 116 111 113 111 113 109 112 110 111 108 111 106 106 100 93 94 95 89 89 84 84 79 79 77 78 76 80 78 80 76 80 78 80 79 81 80 82 80 82 80 83 81 84 82 83 81 84 81 85 82 85 84 85 82 87 83 86 84 86 84 86 83 87 84 87 83 86 83 85 83 85 83 86 84 87 87 91 91 95 97 100 100 101 99 103 100 103 103 104 101 104 103 105 104 108 107 108 110 113 114 112 112 111 110 112 106 110 105 108 106 107 105 106 106 108 106 105 109 112 110 
CCD1=0 0 0 0 0 0 0 0 0 0 0 0 0 0 0 0 0 0 0 0 0 0 0 0 0 0 0 0 0 0 0 0 0 0 0 0 0 0 0 0 0 0 0 0 0 0 0 0 0 0 0 0 0 0 0 0 0 0 0 0 0 0 0 0 0 0 0 0 0 0 0 0 0 0 0 0 0 0 0 0 0 0 0 0 0 0 0 0 0 0 0 0 0 0 0 0 0 0 0 0 0 0 0 0 0 0 0 0 0 0 0 0 0 0 0 0 0 0 0 0 0 0 0 0 0 0 0 0 
[CCD拟图]
CCDLRC0=6 122 122 
CCDLRC1=6 122 122 
CCDLRC2=0 0 0 
[反馈数据]
0=50
1=100
2=75
3=4928
4=2100
5=1750
6=25
7=0
8=0
9=0
10=169
11=2152
12=2206
[控制固参]
0=0
