[CCD原图]
CCD0=57 67 75 81 96 97 91 76 75 72 75 73 77 75 77 75 77 76 78 76 79 77 76 75 80 77 80 78 80 78 79 78 80 79 81 79 82 79 82 81 82 80 83 81 83 81 83 82 85 83 85 84 85 83 86 82 85 82 83 80 81 78 81 77 79 76 77 76 77 75 78 77 82 83 92 98 108 113 118 121 127 124 130 128 130 128 129 132 130 131 130 127 131 127 130 130 132 128 131 130 131 127 130 128 129 131 132 134 132 131 131 130 131 124 128 122 125 123 123 119 120 119 121 118 117 122 125 125 
CCD1=0 0 0 0 0 0 0 0 0 0 0 0 0 0 0 0 0 0 0 0 0 0 0 0 0 0 0 0 0 0 0 0 0 0 0 0 0 0 0 0 0 0 0 0 0 0 0 0 0 0 0 0 0 0 0 0 0 0 0 0 0 0 0 0 0 0 0 0 0 0 0 0 0 0 0 0 0 0 0 0 0 0 0 0 0 0 0 0 0 0 0 0 0 0 0 0 0 0 0 0 0 0 0 0 0 0 0 0 0 0 0 0 0 0 0 0 0 0 0 0 0 0 0 0 0 0 0 0 
[CCD拟图]
CCDLRC0=6 122 118 
CCDLRC1=6 122 118 
CCDLRC2=0 0 0 
[反馈数据]
0=50
1=100
2=75
3=4928
4=2100
5=1750
6=25
7=0
8=0
9=0
10=180
11=2163
12=2217
[控制固参]
0=0
