[CCD原图]
CCD0=54 60 66 66 72 73 77 74 76 73 75 74 76 73 75 73 75 74 76 74 77 74 74 74 78 76 78 76 80 77 79 77 79 78 80 79 82 79 81 80 83 80 83 81 84 82 84 83 84 82 81 77 77 75 78 75 77 75 78 78 85 88 100 104 114 119 124 128 130 130 134 133 136 131 136 134 137 135 137 137 140 136 140 138 141 140 140 143 141 139 139 137 139 137 139 139 140 135 137 136 135 131 133 130 129 130 131 130 127 125 124 123 124 118 121 117 121 122 126 125 126 126 129 129 128 132 134 131 
CCD1=0 0 0 0 0 0 0 0 0 0 0 0 0 0 0 0 0 0 0 0 0 0 0 0 0 0 0 0 0 0 0 0 0 0 0 0 0 0 0 0 0 0 0 0 0 0 0 0 0 0 0 0 0 0 0 0 0 0 0 0 0 0 0 0 0 0 0 0 0 0 0 0 0 0 0 0 0 0 0 0 0 0 0 0 0 0 0 0 0 0 0 0 0 0 0 0 0 0 0 0 0 0 0 0 0 0 0 0 0 0 0 0 0 0 0 0 0 0 0 0 0 0 0 0 0 0 0 0 
[CCD拟图]
CCDLRC0=59 122 97 
CCDLRC1=59 122 97 
CCDLRC2=0 0 0 
[反馈数据]
0=50
1=100
2=75
3=4928
4=2100
5=1750
6=25
7=0
8=0
9=0
10=193
11=2176
12=2230
[控制固参]
0=0
