[CCD原图]
CCD0=53 60 66 66 73 74 79 76 79 75 78 75 77 75 77 75 77 76 79 77 80 77 76 76 80 78 80 78 79 78 79 78 80 78 81 79 81 78 81 80 81 79 81 80 83 80 83 82 83 82 84 83 83 82 85 82 86 84 86 85 87 84 88 84 87 85 87 86 87 85 88 85 87 84 87 85 87 84 87 85 86 84 86 84 86 83 85 84 85 84 82 77 79 76 78 75 77 74 77 78 83 80 82 80 81 80 80 79 81 79 81 79 82 80 82 80 83 81 82 80 81 80 82 83 88 95 106 112 
CCD1=0 0 0 0 0 0 0 0 0 0 0 0 0 0 0 0 0 0 0 0 0 0 0 0 0 0 0 0 0 0 0 0 0 0 0 0 0 0 0 0 0 0 0 0 0 0 0 0 0 0 0 0 0 0 0 0 0 0 0 0 0 0 0 0 0 0 0 0 0 0 0 0 0 0 0 0 0 0 0 0 0 0 0 0 0 0 0 0 0 0 0 0 0 0 0 0 0 0 0 0 0 0 0 0 0 0 0 0 0 0 0 0 0 0 0 0 0 0 0 0 0 0 0 0 0 0 0 0 
[CCD拟图]
CCDLRC0=115 122 122 
CCDLRC1=115 122 122 
CCDLRC2=0 0 0 
[反馈数据]
0=50
1=100
2=75
3=4928
4=2100
5=1750
6=25
7=0
8=0
9=0
10=211
11=2194
12=2248
[控制固参]
0=0
