[CCD原图]
CCD0=52 60 64 65 71 72 77 74 76 73 76 73 76 73 75 74 75 74 77 75 77 75 74 75 78 76 79 77 80 78 79 79 80 79 81 80 82 80 82 81 82 80 82 80 83 82 84 82 84 83 85 83 84 82 85 82 85 84 85 84 87 82 88 84 87 84 86 84 86 85 87 85 87 84 86 84 87 84 86 84 86 83 86 84 86 84 86 84 85 82 81 78 85 91 107 120 129 128 132 133 133 129 131 128 126 127 128 127 125 124 124 123 125 120 126 123 127 127 128 123 125 124 126 124 123 129 133 130 
CCD1=0 0 0 0 0 0 0 0 0 0 0 0 0 0 0 0 0 0 0 0 0 0 0 0 0 0 0 0 0 0 0 0 0 0 0 0 0 0 0 0 0 0 0 0 0 0 0 0 0 0 0 0 0 0 0 0 0 0 0 0 0 0 0 0 0 0 0 0 0 0 0 0 0 0 0 0 0 0 0 0 0 0 0 0 0 0 0 0 0 0 0 0 0 0 0 0 0 0 0 0 0 0 0 0 0 0 0 0 0 0 0 0 0 0 0 0 0 0 0 0 0 0 0 0 0 0 0 0 
[CCD拟图]
CCDLRC0=6 122 64 
CCDLRC1=6 122 64 
CCDLRC2=0 0 0 
[反馈数据]
0=50
1=100
2=75
3=4928
4=2100
5=1750
6=25
7=0
8=0
9=0
10=227
11=2210
12=2264
[控制固参]
0=0
