[CCD原图]
CCD0=54 61 67 66 73 74 79 76 79 76 78 76 78 75 78 76 78 76 80 77 80 77 76 77 81 79 81 79 82 80 81 80 82 80 83 80 83 80 84 82 83 81 84 82 85 82 84 84 85 83 86 84 85 84 87 83 86 85 87 86 88 83 88 85 88 86 88 87 88 86 89 87 89 86 89 86 88 86 86 84 87 82 85 87 98 110 122 129 130 132 133 130 132 130 133 132 135 132 138 140 143 140 143 139 136 135 133 131 127 125 125 122 123 118 123 118 122 120 123 120 121 120 122 119 118 123 127 126 
CCD1=0 0 0 0 0 0 0 0 0 0 0 0 0 0 0 0 0 0 0 0 0 0 0 0 0 0 0 0 0 0 0 0 0 0 0 0 0 0 0 0 0 0 0 0 0 0 0 0 0 0 0 0 0 0 0 0 0 0 0 0 0 0 0 0 0 0 0 0 0 0 0 0 0 0 0 0 0 0 0 0 0 0 0 0 0 0 0 0 0 0 0 0 0 0 0 0 0 0 0 0 0 0 0 0 0 0 0 0 0 0 0 0 0 0 0 0 0 0 0 0 0 0 0 0 0 0 0 0 
[CCD拟图]
CCDLRC0=6 122 64 
CCDLRC1=6 122 64 
CCDLRC2=0 0 0 
[反馈数据]
0=50
1=100
2=75
3=4928
4=2100
5=1750
6=25
7=0
8=0
9=0
10=11
11=2250
12=2304
[控制固参]
0=0
