[CCD原图]
CCD0=54 60 66 66 72 74 79 76 79 75 78 75 78 75 77 75 78 77 80 77 80 76 76 77 81 79 81 79 82 79 80 80 81 80 82 81 84 81 84 82 83 81 83 82 84 82 84 83 85 83 86 84 85 83 86 83 87 85 87 86 87 83 88 84 87 85 87 85 87 85 87 86 88 85 88 86 88 87 88 86 86 83 86 80 82 82 89 100 114 120 125 128 131 129 131 131 131 128 132 132 134 133 138 137 138 140 139 136 131 127 126 124 124 118 123 118 121 121 122 119 121 120 124 120 120 124 128 127 
CCD1=0 0 0 0 0 0 0 0 0 0 0 0 0 0 0 0 0 0 0 0 0 0 0 0 0 0 0 0 0 0 0 0 0 0 0 0 0 0 0 0 0 0 0 0 0 0 0 0 0 0 0 0 0 0 0 0 0 0 0 0 0 0 0 0 0 0 0 0 0 0 0 0 0 0 0 0 0 0 0 0 0 0 0 0 0 0 0 0 0 0 0 0 0 0 0 0 0 0 0 0 0 0 0 0 0 0 0 0 0 0 0 0 0 0 0 0 0 0 0 0 0 0 0 0 0 0 0 0 
[CCD拟图]
CCDLRC0=6 122 64 
CCDLRC1=6 122 64 
CCDLRC2=0 0 0 
[反馈数据]
0=50
1=100
2=75
3=4928
4=2100
5=1750
6=25
7=0
8=0
9=0
10=54
11=2293
12=2347
[控制固参]
0=0
