[CCD原图]
CCD0=56 66 77 83 101 112 123 121 119 91 72 66 68 67 73 71 73 72 75 73 75 72 71 72 75 73 71 68 70 67 68 67 67 66 69 69 78 79 80 84 91 85 81 73 74 71 73 72 75 73 74 70 70 68 71 69 71 67 69 70 73 70 72 69 72 70 72 70 72 69 72 70 73 70 73 70 72 70 72 70 72 69 68 66 68 65 68 65 69 66 67 65 67 65 67 65 66 65 67 65 67 65 67 64 66 65 66 64 67 65 66 64 66 64 66 65 67 64 66 63 66 65 67 66 69 68 70 69 
CCD1=0 0 0 0 0 0 0 0 0 0 0 0 0 0 0 0 0 0 0 0 0 0 0 0 0 0 0 0 0 0 0 0 0 0 0 0 0 0 0 0 0 0 0 0 0 0 0 0 0 0 0 0 0 0 0 0 0 0 0 0 0 0 0 0 0 0 0 0 0 0 0 0 0 0 0 0 0 0 0 0 0 0 0 0 0 0 0 0 0 0 0 0 0 0 0 0 0 0 0 0 0 0 0 0 0 0 0 0 0 0 0 0 0 0 0 0 0 0 0 0 0 0 0 0 0 0 0 0 
[CCD拟图]
CCDLRC0=35 122 78 
CCDLRC1=35 122 78 
CCDLRC2=0 0 0 
[反馈数据]
0=50
1=100
2=75
3=4928
4=2100
5=1750
6=25
7=0
8=0
9=0
10=67
11=2306
12=2360
[控制固参]
0=0
