[CCD原图]
CCD0=54 61 67 67 74 76 81 79 81 78 80 77 79 76 78 76 77 75 78 75 79 77 75 75 78 81 115 129 134 133 134 134 136 135 138 138 142 137 142 142 141 140 143 141 146 142 145 145 149 147 148 149 147 146 150 145 150 149 151 151 153 143 156 148 153 149 150 150 151 147 151 150 152 146 151 148 152 150 151 150 153 146 152 148 149 146 146 149 146 145 143 140 141 135 130 111 88 78 80 78 81 79 84 83 84 83 84 83 84 83 84 81 83 80 83 81 83 81 83 80 83 81 84 81 82 82 85 84 
CCD1=0 0 0 0 0 0 0 0 0 0 0 0 0 0 0 0 0 0 0 0 0 0 0 0 0 0 0 0 0 0 0 0 0 0 0 0 0 0 0 0 0 0 0 0 0 0 0 0 0 0 0 0 0 0 0 0 0 0 0 0 0 0 0 0 0 0 0 0 0 0 0 0 0 0 0 0 0 0 0 0 0 0 0 0 0 0 0 0 0 0 0 0 0 0 0 0 0 0 0 0 0 0 0 0 0 0 0 0 0 0 0 0 0 0 0 0 0 0 0 0 0 0 0 0 0 0 0 0 
[CCD拟图]
CCDLRC0=25 97 61 
CCDLRC1=25 97 61 
CCDLRC2=0 0 0 
[反馈数据]
0=50
1=100
2=75
3=4928
4=2100
5=1750
6=25
7=0
8=0
9=0
10=49
11=240
12=294
[控制固参]
0=0
