[CCD原图]
CCD0=56 64 73 76 88 94 100 98 101 97 99 96 99 95 97 97 98 97 99 96 101 99 96 99 104 102 104 102 104 101 102 101 103 102 105 105 108 104 108 108 109 106 108 106 109 106 110 109 112 111 112 112 110 109 112 107 109 105 109 109 112 106 115 110 112 111 111 111 113 110 112 111 114 109 114 111 113 110 113 111 113 107 109 107 110 108 109 109 109 107 107 104 107 104 107 105 107 103 106 105 105 102 104 102 103 102 104 103 103 101 103 101 103 99 102 99 102 101 102 100 102 101 103 100 101 103 107 106 
CCD1=0 0 0 0 0 0 0 0 0 0 0 0 0 0 0 0 0 0 0 0 0 0 0 0 0 0 0 0 0 0 0 0 0 0 0 0 0 0 0 0 0 0 0 0 0 0 0 0 0 0 0 0 0 0 0 0 0 0 0 0 0 0 0 0 0 0 0 0 0 0 0 0 0 0 0 0 0 0 0 0 0 0 0 0 0 0 0 0 0 0 0 0 0 0 0 0 0 0 0 0 0 0 0 0 0 0 0 0 0 0 0 0 0 0 0 0 0 0 0 0 0 0 0 0 0 0 0 0 
[CCD拟图]
CCDLRC0=6 122 118 
CCDLRC1=6 122 118 
CCDLRC2=0 0 0 
[反馈数据]
0=50
1=100
2=75
3=4928
4=2100
5=1750
6=25
7=0
8=0
9=0
10=95
11=2334
12=2388
[控制固参]
0=0
