[CCD原图]
CCD0=54 62 67 67 74 76 81 79 81 78 80 77 80 76 79 77 79 78 80 78 80 78 77 74 78 77 102 126 133 132 133 133 137 137 139 138 142 136 142 142 142 140 143 141 146 142 144 146 148 147 149 148 144 144 148 143 149 147 149 148 150 141 154 146 150 150 148 149 151 149 151 150 152 146 151 148 151 149 150 150 153 146 150 147 149 146 147 149 145 145 142 139 139 133 127 99 82 76 79 79 81 81 84 83 84 82 84 82 84 82 83 82 83 80 83 81 82 81 82 80 82 81 82 80 82 82 85 84 
CCD1=0 0 0 0 0 0 0 0 0 0 0 0 0 0 0 0 0 0 0 0 0 0 0 0 0 0 0 0 0 0 0 0 0 0 0 0 0 0 0 0 0 0 0 0 0 0 0 0 0 0 0 0 0 0 0 0 0 0 0 0 0 0 0 0 0 0 0 0 0 0 0 0 0 0 0 0 0 0 0 0 0 0 0 0 0 0 0 0 0 0 0 0 0 0 0 0 0 0 0 0 0 0 0 0 0 0 0 0 0 0 0 0 0 0 0 0 0 0 0 0 0 0 0 0 0 0 0 0 
[CCD拟图]
CCDLRC0=25 96 60 
CCDLRC1=25 96 60 
CCDLRC2=0 0 0 
[反馈数据]
0=50
1=100
2=75
3=4928
4=2100
5=1750
6=25
7=0
8=0
9=0
10=52
11=243
12=297
[控制固参]
0=0
