[CCD原图]
CCD0=52 58 63 62 67 65 69 66 68 66 69 66 68 67 69 68 71 74 88 94 98 96 92 96 102 100 102 100 103 101 101 99 100 101 103 102 105 100 106 104 105 104 105 100 104 103 106 106 110 108 110 108 108 107 109 106 109 107 109 107 110 102 109 103 106 103 104 106 107 104 106 104 105 100 107 105 109 106 107 105 110 106 110 106 107 105 108 108 108 106 105 104 105 102 105 105 106 102 105 104 105 101 103 100 102 102 103 102 101 100 100 101 102 97 102 98 101 100 102 99 101 100 103 99 100 102 106 105 
CCD1=0 0 0 0 0 0 0 0 0 0 0 0 0 0 0 0 0 0 0 0 0 0 0 0 0 0 0 0 0 0 0 0 0 0 0 0 0 0 0 0 0 0 0 0 0 0 0 0 0 0 0 0 0 0 0 0 0 0 0 0 0 0 0 0 0 0 0 0 0 0 0 0 0 0 0 0 0 0 0 0 0 0 0 0 0 0 0 0 0 0 0 0 0 0 0 0 0 0 0 0 0 0 0 0 0 0 0 0 0 0 0 0 0 0 0 0 0 0 0 0 0 0 0 0 0 0 0 0 
[CCD拟图]
CCDLRC0=19 122 70 
CCDLRC1=19 122 70 
CCDLRC2=0 0 0 
[反馈数据]
0=50
1=100
2=75
3=4928
4=2100
5=1750
6=25
7=0
8=0
9=0
10=125
11=2364
12=2418
[控制固参]
0=0
