[CCD原图]
CCD0=54 61 66 66 73 77 97 95 98 93 96 94 96 91 94 93 95 95 97 96 99 97 92 96 101 99 102 100 102 100 101 101 103 102 103 102 105 101 105 104 105 103 105 102 107 104 107 106 108 106 108 106 106 105 108 104 108 105 106 106 108 100 108 103 108 106 107 105 107 105 106 106 108 104 107 104 107 104 104 102 108 104 107 105 108 105 106 106 106 103 103 102 104 101 103 102 105 100 103 101 102 98 100 98 99 98 100 99 98 97 98 96 98 94 97 94 97 96 97 95 98 96 98 96 96 99 103 102 
CCD1=0 0 0 0 0 0 0 0 0 0 0 0 0 0 0 0 0 0 0 0 0 0 0 0 0 0 0 0 0 0 0 0 0 0 0 0 0 0 0 0 0 0 0 0 0 0 0 0 0 0 0 0 0 0 0 0 0 0 0 0 0 0 0 0 0 0 0 0 0 0 0 0 0 0 0 0 0 0 0 0 0 0 0 0 0 0 0 0 0 0 0 0 0 0 0 0 0 0 0 0 0 0 0 0 0 0 0 0 0 0 0 0 0 0 0 0 0 0 0 0 0 0 0 0 0 0 0 0 
[CCD拟图]
CCDLRC0=6 122 10 
CCDLRC1=6 122 10 
CCDLRC2=0 0 0 
[反馈数据]
0=50
1=100
2=75
3=4928
4=2100
5=1750
6=25
7=0
8=0
9=0
10=184
11=2423
12=2477
[控制固参]
0=0
