[CCD原图]
CCD0=54 61 67 69 84 89 97 93 97 92 95 91 93 90 92 92 93 93 97 95 97 95 92 95 99 98 99 97 101 98 99 98 99 99 100 99 102 98 102 101 102 99 102 101 104 101 103 103 105 103 105 103 103 101 105 101 103 101 103 101 103 94 104 101 104 102 103 102 104 101 104 102 105 100 104 101 103 98 103 103 105 102 105 102 105 100 102 102 100 100 101 99 101 98 100 98 100 96 99 96 97 94 96 94 96 95 96 95 95 94 95 93 94 91 94 92 95 93 95 92 95 93 95 93 94 95 99 98 
CCD1=0 0 0 0 0 0 0 0 0 0 0 0 0 0 0 0 0 0 0 0 0 0 0 0 0 0 0 0 0 0 0 0 0 0 0 0 0 0 0 0 0 0 0 0 0 0 0 0 0 0 0 0 0 0 0 0 0 0 0 0 0 0 0 0 0 0 0 0 0 0 0 0 0 0 0 0 0 0 0 0 0 0 0 0 0 0 0 0 0 0 0 0 0 0 0 0 0 0 0 0 0 0 0 0 0 0 0 0 0 0 0 0 0 0 0 0 0 0 0 0 0 0 0 0 0 0 0 0 
[CCD拟图]
CCDLRC0=6 122 10 
CCDLRC1=6 122 10 
CCDLRC2=0 0 0 
[反馈数据]
0=50
1=100
2=75
3=4928
4=2100
5=1750
6=25
7=0
8=0
9=0
10=233
11=2472
12=2526
[控制固参]
0=0
