[CCD原图]
CCD0=53 60 65 65 70 73 91 92 95 91 93 90 92 88 91 90 92 91 95 93 96 93 90 92 97 95 97 95 98 95 98 96 98 97 99 97 100 96 100 99 100 98 100 98 103 99 102 100 103 101 102 101 101 99 102 99 103 100 101 99 101 95 99 96 101 99 99 98 100 96 99 98 101 96 100 98 99 96 97 96 101 97 100 98 100 97 100 98 97 96 97 95 98 95 97 95 97 92 96 94 94 91 95 91 93 93 93 92 93 90 93 90 93 88 92 89 91 90 92 90 92 90 93 90 91 93 96 96 
CCD1=0 0 0 0 0 0 0 0 0 0 0 0 0 0 0 0 0 0 0 0 0 0 0 0 0 0 0 0 0 0 0 0 0 0 0 0 0 0 0 0 0 0 0 0 0 0 0 0 0 0 0 0 0 0 0 0 0 0 0 0 0 0 0 0 0 0 0 0 0 0 0 0 0 0 0 0 0 0 0 0 0 0 0 0 0 0 0 0 0 0 0 0 0 0 0 0 0 0 0 0 0 0 0 0 0 0 0 0 0 0 0 0 0 0 0 0 0 0 0 0 0 0 0 0 0 0 0 0 
[CCD拟图]
CCDLRC0=6 122 10 
CCDLRC1=6 122 10 
CCDLRC2=0 0 0 
[反馈数据]
0=50
1=100
2=75
3=4928
4=2100
5=1750
6=25
7=0
8=0
9=0
10=252
11=2491
12=2545
[控制固参]
0=0
