[CCD原图]
CCD0=53 60 66 65 74 86 94 90 94 89 92 89 91 88 90 89 91 91 95 92 96 92 89 91 96 95 96 95 98 95 97 96 97 96 98 97 100 96 100 99 99 97 100 98 101 99 101 100 102 100 103 101 100 98 102 98 101 99 99 98 100 93 99 96 99 97 98 97 98 95 99 98 100 96 100 96 98 94 96 97 100 96 100 97 98 96 98 97 96 94 96 94 96 93 94 94 96 91 93 91 93 90 92 90 91 90 91 90 90 88 90 88 89 86 88 86 89 88 89 86 88 87 89 87 88 89 92 91 
CCD1=0 0 0 0 0 0 0 0 0 0 0 0 0 0 0 0 0 0 0 0 0 0 0 0 0 0 0 0 0 0 0 0 0 0 0 0 0 0 0 0 0 0 0 0 0 0 0 0 0 0 0 0 0 0 0 0 0 0 0 0 0 0 0 0 0 0 0 0 0 0 0 0 0 0 0 0 0 0 0 0 0 0 0 0 0 0 0 0 0 0 0 0 0 0 0 0 0 0 0 0 0 0 0 0 0 0 0 0 0 0 0 0 0 0 0 0 0 0 0 0 0 0 0 0 0 0 0 0 
[CCD拟图]
CCDLRC0=6 122 10 
CCDLRC1=6 122 10 
CCDLRC2=0 0 0 
[反馈数据]
0=50
1=100
2=75
3=4928
4=2100
5=1750
6=25
7=0
8=0
9=0
10=10
11=2505
12=2559
[控制固参]
0=0
