[CCD原图]
CCD0=51 58 62 60 64 62 65 63 66 64 69 71 77 74 75 73 74 70 73 73 76 74 74 74 78 76 78 76 79 76 78 76 78 77 79 78 80 78 81 79 80 78 80 79 81 79 81 80 82 80 82 81 81 80 82 79 82 82 84 82 85 81 85 81 84 81 83 82 83 81 84 82 85 81 84 78 76 74 77 93 125 126 132 131 134 131 134 136 134 134 133 131 133 131 133 133 133 129 131 129 128 124 125 122 121 122 123 123 121 121 122 120 122 116 121 117 120 119 120 117 119 118 120 117 116 121 126 124 
CCD1=0 0 0 0 0 0 0 0 0 0 0 0 0 0 0 0 0 0 0 0 0 0 0 0 0 0 0 0 0 0 0 0 0 0 0 0 0 0 0 0 0 0 0 0 0 0 0 0 0 0 0 0 0 0 0 0 0 0 0 0 0 0 0 0 0 0 0 0 0 0 0 0 0 0 0 0 0 0 0 0 0 0 0 0 0 0 0 0 0 0 0 0 0 0 0 0 0 0 0 0 0 0 0 0 0 0 0 0 0 0 0 0 0 0 0 0 0 0 0 0 0 0 0 0 0 0 0 0 
[CCD拟图]
CCDLRC0=78 122 114 
CCDLRC1=78 122 114 
CCDLRC2=0 0 0 
[反馈数据]
0=50
1=100
2=75
3=4928
4=2100
5=1750
6=25
7=0
8=0
9=0
10=64
11=2559
12=2613
[控制固参]
0=0
