[CCD原图]
CCD0=56 64 71 77 97 116 132 130 134 128 130 127 128 123 125 124 124 123 126 123 128 124 116 123 131 129 131 129 132 130 131 130 133 133 136 135 139 134 140 140 140 138 141 137 141 136 137 138 140 138 138 139 137 136 141 136 142 140 143 143 143 131 133 112 98 83 82 81 85 85 90 88 90 87 89 87 89 88 89 87 90 86 89 86 88 85 87 87 86 85 86 84 87 83 86 84 86 83 86 83 85 82 84 82 83 82 83 82 83 81 82 81 83 80 82 79 81 80 82 79 81 79 81 79 80 81 83 81 
CCD1=0 0 0 0 0 0 0 0 0 0 0 0 0 0 0 0 0 0 0 0 0 0 0 0 0 0 0 0 0 0 0 0 0 0 0 0 0 0 0 0 0 0 0 0 0 0 0 0 0 0 0 0 0 0 0 0 0 0 0 0 0 0 0 0 0 0 0 0 0 0 0 0 0 0 0 0 0 0 0 0 0 0 0 0 0 0 0 0 0 0 0 0 0 0 0 0 0 0 0 0 0 0 0 0 0 0 0 0 0 0 0 0 0 0 0 0 0 0 0 0 0 0 0 0 0 0 0 0 
[CCD拟图]
CCDLRC0=6 61 18 
CCDLRC1=6 61 18 
CCDLRC2=0 0 0 
[反馈数据]
0=50
1=100
2=75
3=4928
4=2100
5=1750
6=25
7=0
8=0
9=0
10=6
11=2757
12=2811
[控制固参]
0=0
