[CCD原图]
CCD0=53 61 66 66 72 74 78 76 78 75 77 75 76 74 76 74 76 74 77 75 78 75 75 75 78 76 79 76 79 78 79 78 79 78 80 78 81 78 80 79 81 78 80 78 82 80 82 80 83 81 83 81 82 80 83 80 83 82 84 82 85 81 86 83 85 83 85 83 85 83 85 84 86 83 85 83 85 83 85 83 85 82 85 83 84 82 84 83 84 82 83 81 83 80 79 75 76 74 77 81 102 120 128 127 128 131 134 137 135 135 135 134 136 130 134 128 131 128 129 125 126 125 127 124 123 128 134 133 
CCD1=0 0 0 0 0 0 0 0 0 0 0 0 0 0 0 0 0 0 0 0 0 0 0 0 0 0 0 0 0 0 0 0 0 0 0 0 0 0 0 0 0 0 0 0 0 0 0 0 0 0 0 0 0 0 0 0 0 0 0 0 0 0 0 0 0 0 0 0 0 0 0 0 0 0 0 0 0 0 0 0 0 0 0 0 0 0 0 0 0 0 0 0 0 0 0 0 0 0 0 0 0 0 0 0 0 0 0 0 0 0 0 0 0 0 0 0 0 0 0 0 0 0 0 0 0 0 0 0 
[CCD拟图]
CCDLRC0=98 122 122 
CCDLRC1=98 122 122 
CCDLRC2=0 0 0 
[反馈数据]
0=50
1=100
2=75
3=4928
4=2100
5=1750
6=25
7=0
8=0
9=0
10=35
11=2786
12=2840
[控制固参]
0=0
