[CCD原图]
CCD0=53 60 65 65 72 73 78 75 78 74 76 74 76 74 76 74 76 74 77 75 78 75 75 75 79 77 79 77 79 77 79 77 79 78 81 79 81 78 81 80 81 79 80 79 82 80 82 80 83 81 83 81 82 80 83 81 84 82 83 83 84 81 85 82 84 83 84 83 85 82 85 83 85 82 85 83 85 82 85 83 85 82 84 82 84 82 84 83 84 82 83 81 83 77 76 73 76 73 79 97 121 124 128 127 129 131 134 136 135 134 135 134 135 129 133 128 130 128 128 124 125 124 127 124 122 128 133 132 
CCD1=0 0 0 0 0 0 0 0 0 0 0 0 0 0 0 0 0 0 0 0 0 0 0 0 0 0 0 0 0 0 0 0 0 0 0 0 0 0 0 0 0 0 0 0 0 0 0 0 0 0 0 0 0 0 0 0 0 0 0 0 0 0 0 0 0 0 0 0 0 0 0 0 0 0 0 0 0 0 0 0 0 0 0 0 0 0 0 0 0 0 0 0 0 0 0 0 0 0 0 0 0 0 0 0 0 0 0 0 0 0 0 0 0 0 0 0 0 0 0 0 0 0 0 0 0 0 0 0 
[CCD拟图]
CCDLRC0=98 122 122 
CCDLRC1=98 122 122 
CCDLRC2=0 0 0 
[反馈数据]
0=50
1=100
2=75
3=4928
4=2100
5=1750
6=25
7=0
8=0
9=0
10=74
11=2825
12=2879
[控制固参]
0=0
