[CCD原图]
CCD0=54 60 65 65 72 73 78 75 77 74 77 74 76 73 76 74 76 75 77 75 78 75 75 75 78 76 79 76 79 77 79 77 79 78 81 79 81 78 81 79 81 79 81 79 82 79 82 81 83 82 84 81 83 81 84 81 84 82 84 83 85 81 86 83 85 83 85 83 85 83 85 83 85 82 85 82 85 82 84 83 85 82 84 82 84 81 83 83 84 83 84 81 83 80 78 75 76 75 78 87 112 123 129 129 129 133 136 139 137 136 136 135 136 130 135 129 132 129 130 126 128 126 129 126 124 130 134 134 
CCD1=0 0 0 0 0 0 0 0 0 0 0 0 0 0 0 0 0 0 0 0 0 0 0 0 0 0 0 0 0 0 0 0 0 0 0 0 0 0 0 0 0 0 0 0 0 0 0 0 0 0 0 0 0 0 0 0 0 0 0 0 0 0 0 0 0 0 0 0 0 0 0 0 0 0 0 0 0 0 0 0 0 0 0 0 0 0 0 0 0 0 0 0 0 0 0 0 0 0 0 0 0 0 0 0 0 0 0 0 0 0 0 0 0 0 0 0 0 0 0 0 0 0 0 0 0 0 0 0 
[CCD拟图]
CCDLRC0=98 122 122 
CCDLRC1=98 122 122 
CCDLRC2=0 0 0 
[反馈数据]
0=50
1=100
2=75
3=4928
4=2100
5=1750
6=25
7=0
8=0
9=0
10=135
11=2886
12=2940
[控制固参]
0=0
