[CCD原图]
CCD0=54 61 66 65 72 73 79 76 79 76 79 77 79 76 78 77 79 77 80 78 81 79 77 78 82 80 83 81 84 82 84 82 84 83 85 83 86 83 86 84 85 83 84 86 104 120 133 136 140 138 140 140 138 138 141 137 142 141 143 143 145 136 149 142 147 147 148 150 153 151 155 153 155 148 152 147 149 146 147 144 146 140 144 141 143 140 140 143 140 140 140 138 141 137 140 140 141 135 138 138 136 132 135 131 131 132 130 125 106 85 78 74 77 74 79 78 82 81 83 80 82 80 82 81 82 82 84 83 
CCD1=0 0 0 0 0 0 0 0 0 0 0 0 0 0 0 0 0 0 0 0 0 0 0 0 0 0 0 0 0 0 0 0 0 0 0 0 0 0 0 0 0 0 0 0 0 0 0 0 0 0 0 0 0 0 0 0 0 0 0 0 0 0 0 0 0 0 0 0 0 0 0 0 0 0 0 0 0 0 0 0 0 0 0 0 0 0 0 0 0 0 0 0 0 0 0 0 0 0 0 0 0 0 0 0 0 0 0 0 0 0 0 0 0 0 0 0 0 0 0 0 0 0 0 0 0 0 0 0 
[CCD拟图]
CCDLRC0=45 112 78 
CCDLRC1=45 112 78 
CCDLRC2=0 0 0 
[反馈数据]
0=50
1=100
2=75
3=4928
4=2100
5=1750
6=25
7=0
8=0
9=0
10=183
11=2934
12=2988
[控制固参]
0=0
