[CCD原图]
CCD0=54 60 65 65 70 71 75 73 77 74 77 75 78 75 77 76 78 76 79 77 80 78 77 77 82 79 82 80 83 81 83 81 83 82 84 82 85 81 85 83 84 82 85 83 86 84 86 85 87 85 87 84 84 80 82 80 93 109 124 133 141 134 148 141 147 145 145 147 150 147 151 150 154 148 153 148 151 150 150 148 150 143 147 144 145 142 143 146 144 143 141 138 141 137 140 140 141 137 140 140 141 137 141 138 138 140 140 140 136 134 134 132 133 127 131 127 130 127 130 126 127 126 129 126 120 125 129 131 
CCD1=0 0 0 0 0 0 0 0 0 0 0 0 0 0 0 0 0 0 0 0 0 0 0 0 0 0 0 0 0 0 0 0 0 0 0 0 0 0 0 0 0 0 0 0 0 0 0 0 0 0 0 0 0 0 0 0 0 0 0 0 0 0 0 0 0 0 0 0 0 0 0 0 0 0 0 0 0 0 0 0 0 0 0 0 0 0 0 0 0 0 0 0 0 0 0 0 0 0 0 0 0 0 0 0 0 0 0 0 0 0 0 0 0 0 0 0 0 0 0 0 0 0 0 0 0 0 0 0 
[CCD拟图]
CCDLRC0=53 122 92 
CCDLRC1=53 122 92 
CCDLRC2=0 0 0 
[反馈数据]
0=50
1=100
2=75
3=4928
4=2100
5=1750
6=25
7=0
8=0
9=0
10=222
11=2973
12=3027
[控制固参]
0=0
