[CCD原图]
CCD0=52 59 63 63 68 67 71 69 71 68 70 68 70 68 70 68 70 68 71 69 72 69 70 69 72 69 72 69 71 70 71 69 71 70 73 70 74 71 74 73 74 72 74 73 76 73 75 74 77 75 78 75 77 75 77 75 79 76 79 77 79 76 80 77 80 78 80 78 80 78 80 79 80 78 81 78 80 79 80 78 80 78 79 77 79 77 79 78 79 77 78 74 74 72 74 73 75 73 75 72 75 73 75 74 77 76 81 84 88 92 98 102 108 108 115 113 118 118 120 117 119 117 121 118 117 122 127 128 
CCD1=0 0 0 0 0 0 0 0 0 0 0 0 0 0 0 0 0 0 0 0 0 0 0 0 0 0 0 0 0 0 0 0 0 0 0 0 0 0 0 0 0 0 0 0 0 0 0 0 0 0 0 0 0 0 0 0 0 0 0 0 0 0 0 0 0 0 0 0 0 0 0 0 0 0 0 0 0 0 0 0 0 0 0 0 0 0 0 0 0 0 0 0 0 0 0 0 0 0 0 0 0 0 0 0 0 0 0 0 0 0 0 0 0 0 0 0 0 0 0 0 0 0 0 0 0 0 0 0 
[CCD拟图]
CCDLRC0=97 122 122 
CCDLRC1=97 122 122 
CCDLRC2=0 0 0 
[反馈数据]
0=50
1=100
2=75
3=4928
4=2100
5=1750
6=25
7=0
8=0
9=0
10=102
11=293
12=347
[控制固参]
0=0
