[CCD原图]
CCD0=54 60 66 66 73 73 78 76 78 75 77 75 77 74 77 74 77 75 78 76 79 76 76 77 80 78 81 79 81 79 81 80 82 81 84 81 84 81 84 82 84 82 85 83 86 84 86 85 87 86 88 87 88 86 89 87 90 88 90 87 88 82 89 94 111 127 138 144 146 144 147 147 150 144 149 146 148 146 147 145 148 142 146 143 144 141 143 146 143 142 141 140 142 139 142 143 144 140 142 140 140 135 136 133 133 134 134 135 133 130 131 130 130 126 130 125 129 127 130 127 128 127 131 128 126 133 138 138 
CCD1=0 0 0 0 0 0 0 0 0 0 0 0 0 0 0 0 0 0 0 0 0 0 0 0 0 0 0 0 0 0 0 0 0 0 0 0 0 0 0 0 0 0 0 0 0 0 0 0 0 0 0 0 0 0 0 0 0 0 0 0 0 0 0 0 0 0 0 0 0 0 0 0 0 0 0 0 0 0 0 0 0 0 0 0 0 0 0 0 0 0 0 0 0 0 0 0 0 0 0 0 0 0 0 0 0 0 0 0 0 0 0 0 0 0 0 0 0 0 0 0 0 0 0 0 0 0 0 0 
[CCD拟图]
CCDLRC0=65 122 103 
CCDLRC1=65 122 103 
CCDLRC2=0 0 0 
[反馈数据]
0=50
1=100
2=75
3=4928
4=2100
5=1750
6=25
7=0
8=0
9=0
10=140
11=331
12=385
[控制固参]
0=0
