[CCD原图]
CCD0=54 61 67 67 74 75 80 78 81 76 79 77 79 76 79 76 78 76 80 78 81 79 78 79 82 81 83 81 83 82 82 76 77 76 90 117 129 124 130 130 130 128 131 129 135 130 133 132 135 134 136 136 134 134 138 133 139 139 142 142 145 136 149 142 147 145 144 145 147 144 147 146 149 142 147 143 145 142 143 141 142 137 141 137 138 136 136 138 136 134 133 131 133 130 131 131 131 127 129 125 115 85 80 77 80 80 81 81 81 79 82 80 83 79 82 79 81 80 81 79 81 79 81 79 80 81 83 81 
CCD1=0 0 0 0 0 0 0 0 0 0 0 0 0 0 0 0 0 0 0 0 0 0 0 0 0 0 0 0 0 0 0 0 0 0 0 0 0 0 0 0 0 0 0 0 0 0 0 0 0 0 0 0 0 0 0 0 0 0 0 0 0 0 0 0 0 0 0 0 0 0 0 0 0 0 0 0 0 0 0 0 0 0 0 0 0 0 0 0 0 0 0 0 0 0 0 0 0 0 0 0 0 0 0 0 0 0 0 0 0 0 0 0 0 0 0 0 0 0 0 0 0 0 0 0 0 0 0 0 
[CCD拟图]
CCDLRC0=33 102 67 
CCDLRC1=33 102 67 
CCDLRC2=0 0 0 
[反馈数据]
0=50
1=100
2=75
3=4928
4=2100
5=1750
6=25
7=0
8=0
9=0
10=237
11=428
12=482
[控制固参]
0=0
