[CCD原图]
CCD0=54 62 67 68 76 78 83 80 83 80 82 79 82 79 81 80 82 81 83 81 84 82 80 82 86 83 85 79 81 80 91 121 135 135 136 134 137 130 135 135 134 133 136 132 136 132 134 133 136 134 135 135 133 133 136 133 138 136 139 140 142 133 146 139 144 142 143 145 147 146 151 152 156 150 154 150 152 149 150 151 151 143 146 140 140 136 137 140 137 137 136 133 136 132 135 135 136 132 133 113 86 79 81 81 84 84 85 83 84 82 84 82 84 80 83 80 83 82 82 80 82 81 82 80 81 81 84 83 
CCD1=0 0 0 0 0 0 0 0 0 0 0 0 0 0 0 0 0 0 0 0 0 0 0 0 0 0 0 0 0 0 0 0 0 0 0 0 0 0 0 0 0 0 0 0 0 0 0 0 0 0 0 0 0 0 0 0 0 0 0 0 0 0 0 0 0 0 0 0 0 0 0 0 0 0 0 0 0 0 0 0 0 0 0 0 0 0 0 0 0 0 0 0 0 0 0 0 0 0 0 0 0 0 0 0 0 0 0 0 0 0 0 0 0 0 0 0 0 0 0 0 0 0 0 0 0 0 0 0 
[CCD拟图]
CCDLRC0=29 100 64 
CCDLRC1=29 100 64 
CCDLRC2=0 0 0 
[反馈数据]
0=50
1=100
2=75
3=4928
4=2100
5=1750
6=25
7=0
8=0
9=0
10=117
11=52
12=106
[控制固参]
0=0
