[CCD原图]
CCD0=55 61 67 67 73 74 79 77 79 77 80 74 73 70 77 104 116 117 121 119 123 119 112 118 126 123 126 124 125 123 124 124 126 125 128 128 131 128 133 133 133 131 135 133 137 133 136 136 140 138 139 139 138 137 141 137 142 140 142 143 144 135 148 140 145 143 142 143 144 141 144 143 145 140 144 142 143 141 142 140 140 125 111 85 78 75 79 81 84 83 84 81 83 80 82 82 83 79 82 80 82 78 81 79 80 78 80 78 79 78 80 77 80 77 79 76 79 77 79 76 79 77 79 76 78 77 80 79 
CCD1=0 0 0 0 0 0 0 0 0 0 0 0 0 0 0 0 0 0 0 0 0 0 0 0 0 0 0 0 0 0 0 0 0 0 0 0 0 0 0 0 0 0 0 0 0 0 0 0 0 0 0 0 0 0 0 0 0 0 0 0 0 0 0 0 0 0 0 0 0 0 0 0 0 0 0 0 0 0 0 0 0 0 0 0 0 0 0 0 0 0 0 0 0 0 0 0 0 0 0 0 0 0 0 0 0 0 0 0 0 0 0 0 0 0 0 0 0 0 0 0 0 0 0 0 0 0 0 0 
[CCD拟图]
CCDLRC0=15 84 49 
CCDLRC1=15 84 49 
CCDLRC2=0 0 0 
[反馈数据]
0=50
1=100
2=75
3=4928
4=2100
5=1750
6=25
7=0
8=0
9=0
10=28
11=475
12=529
[控制固参]
0=0
