[CCD原图]
CCD0=55 61 67 67 74 75 81 77 80 76 77 70 73 77 105 116 117 118 122 120 124 120 113 120 126 124 126 124 127 124 125 124 125 125 128 128 132 127 133 132 132 131 134 132 137 134 136 136 139 137 138 138 136 135 138 134 139 135 137 139 142 133 145 139 143 142 141 143 144 140 142 141 143 138 143 140 142 139 139 132 120 88 81 79 81 77 82 83 83 81 83 80 83 81 83 81 83 80 81 80 81 79 80 78 80 78 80 78 80 77 79 78 80 76 79 76 79 78 79 77 78 77 79 77 78 78 81 79 
CCD1=0 0 0 0 0 0 0 0 0 0 0 0 0 0 0 0 0 0 0 0 0 0 0 0 0 0 0 0 0 0 0 0 0 0 0 0 0 0 0 0 0 0 0 0 0 0 0 0 0 0 0 0 0 0 0 0 0 0 0 0 0 0 0 0 0 0 0 0 0 0 0 0 0 0 0 0 0 0 0 0 0 0 0 0 0 0 0 0 0 0 0 0 0 0 0 0 0 0 0 0 0 0 0 0 0 0 0 0 0 0 0 0 0 0 0 0 0 0 0 0 0 0 0 0 0 0 0 0 
[CCD拟图]
CCDLRC0=13 82 47 
CCDLRC1=13 82 47 
CCDLRC2=0 0 0 
[反馈数据]
0=50
1=100
2=75
3=4928
4=2100
5=1750
6=25
7=0
8=0
9=0
10=32
11=479
12=533
[控制固参]
0=0
