[CCD原图]
CCD0=53 60 66 65 72 73 77 73 73 69 71 68 76 90 102 105 107 107 110 108 112 108 103 107 114 111 115 113 117 115 115 115 117 117 120 119 123 118 124 124 124 123 125 124 128 125 128 128 131 131 132 131 130 128 133 129 133 131 132 131 134 126 137 131 134 132 132 131 133 131 133 131 134 129 133 130 132 128 129 122 101 78 77 75 79 80 83 82 82 80 82 79 82 79 81 79 81 78 81 79 80 78 80 77 79 77 79 77 78 76 78 75 77 74 77 75 77 76 78 76 78 76 78 76 77 78 80 79 
CCD1=0 0 0 0 0 0 0 0 0 0 0 0 0 0 0 0 0 0 0 0 0 0 0 0 0 0 0 0 0 0 0 0 0 0 0 0 0 0 0 0 0 0 0 0 0 0 0 0 0 0 0 0 0 0 0 0 0 0 0 0 0 0 0 0 0 0 0 0 0 0 0 0 0 0 0 0 0 0 0 0 0 0 0 0 0 0 0 0 0 0 0 0 0 0 0 0 0 0 0 0 0 0 0 0 0 0 0 0 0 0 0 0 0 0 0 0 0 0 0 0 0 0 0 0 0 0 0 0 
[CCD拟图]
CCDLRC0=11 80 45 
CCDLRC1=11 80 45 
CCDLRC2=0 0 0 
[反馈数据]
0=50
1=100
2=75
3=4928
4=2100
5=1750
6=25
7=0
8=0
9=0
10=54
11=501
12=555
[控制固参]
0=0
