[CCD原图]
CCD0=53 60 65 63 69 70 74 71 73 71 73 71 73 70 72 70 72 70 73 72 74 71 72 71 75 73 75 73 76 73 75 74 76 74 77 75 78 74 78 77 78 76 79 77 80 78 80 79 81 78 81 79 81 80 82 80 83 81 83 83 84 80 85 81 83 80 80 78 81 84 92 99 111 114 123 124 126 124 127 126 129 124 128 125 127 125 125 127 125 125 124 123 125 122 124 124 126 122 124 123 123 118 121 119 118 120 119 120 117 117 118 116 118 114 118 113 116 115 116 113 114 112 116 113 112 116 120 119 
CCD1=0 0 0 0 0 0 0 0 0 0 0 0 0 0 0 0 0 0 0 0 0 0 0 0 0 0 0 0 0 0 0 0 0 0 0 0 0 0 0 0 0 0 0 0 0 0 0 0 0 0 0 0 0 0 0 0 0 0 0 0 0 0 0 0 0 0 0 0 0 0 0 0 0 0 0 0 0 0 0 0 0 0 0 0 0 0 0 0 0 0 0 0 0 0 0 0 0 0 0 0 0 0 0 0 0 0 0 0 0 0 0 0 0 0 0 0 0 0 0 0 0 0 0 0 0 0 0 0 
[CCD拟图]
CCDLRC0=6 122 99 
CCDLRC1=6 122 99 
CCDLRC2=0 0 0 
[反馈数据]
0=50
1=100
2=75
3=4928
4=2100
5=1750
6=25
7=0
8=0
9=0
10=77
11=524
12=578
[控制固参]
0=0
