[CCD原图]
CCD0=52 59 63 62 66 66 69 66 69 66 68 66 68 66 68 66 67 66 68 67 69 67 68 68 71 69 71 69 72 71 72 71 73 72 75 73 75 73 76 74 76 74 76 74 77 74 76 76 78 76 78 75 77 75 77 75 78 76 79 77 80 76 79 76 79 76 78 78 78 76 79 76 79 76 79 78 79 78 80 78 80 77 79 78 79 76 79 77 79 76 78 76 78 75 77 76 79 75 78 76 78 75 78 76 77 76 78 76 78 75 77 75 77 74 76 75 78 76 78 75 76 75 76 74 75 74 74 71 
CCD1=0 0 0 0 0 0 0 0 0 0 0 0 0 0 0 0 0 0 0 0 0 0 0 0 0 0 0 0 0 0 0 0 0 0 0 0 0 0 0 0 0 0 0 0 0 0 0 0 0 0 0 0 0 0 0 0 0 0 0 0 0 0 0 0 0 0 0 0 0 0 0 0 0 0 0 0 0 0 0 0 0 0 0 0 0 0 0 0 0 0 0 0 0 0 0 0 0 0 0 0 0 0 0 0 0 0 0 0 0 0 0 0 0 0 0 0 0 0 0 0 0 0 0 0 0 0 0 0 
[CCD拟图]
CCDLRC0=6 122 118 
CCDLRC1=6 122 118 
CCDLRC2=0 0 0 
[反馈数据]
0=50
1=100
2=75
3=4928
4=2100
5=1750
6=25
7=0
8=0
9=0
10=90
11=537
12=591
[控制固参]
0=0
