[CCD原图]
CCD0=52 59 64 63 68 67 71 68 71 68 70 67 69 66 68 67 70 69 73 72 75 72 72 72 76 73 76 74 77 75 76 75 78 76 79 77 80 77 80 78 81 79 82 80 83 80 82 79 84 90 103 111 118 124 129 126 133 132 134 134 137 130 144 138 144 142 140 140 139 134 135 133 135 129 134 131 134 132 134 133 135 131 134 132 133 130 133 134 132 132 131 129 132 130 133 134 138 136 141 143 143 138 140 135 133 132 131 130 126 124 124 122 123 118 122 115 114 104 99 91 86 80 82 81 83 83 86 85 
CCD1=0 0 0 0 0 0 0 0 0 0 0 0 0 0 0 0 0 0 0 0 0 0 0 0 0 0 0 0 0 0 0 0 0 0 0 0 0 0 0 0 0 0 0 0 0 0 0 0 0 0 0 0 0 0 0 0 0 0 0 0 0 0 0 0 0 0 0 0 0 0 0 0 0 0 0 0 0 0 0 0 0 0 0 0 0 0 0 0 0 0 0 0 0 0 0 0 0 0 0 0 0 0 0 0 0 0 0 0 0 0 0 0 0 0 0 0 0 0 0 0 0 0 0 0 0 0 0 0 
[CCD拟图]
CCDLRC0=53 122 95 
CCDLRC1=53 122 95 
CCDLRC2=0 0 0 
[反馈数据]
0=50
1=100
2=75
3=4928
4=2100
5=1750
6=25
7=0
8=0
9=0
10=116
11=563
12=617
[控制固参]
0=0
