[CCD原图]
CCD0=54 61 67 67 73 75 79 77 80 76 77 71 74 78 97 108 112 112 116 113 117 116 109 116 125 124 131 132 139 139 140 138 137 134 133 130 132 126 130 129 129 127 130 128 132 129 131 131 134 132 134 134 132 131 135 131 136 135 136 137 139 131 145 140 148 148 149 152 153 147 145 140 139 132 136 133 133 128 126 115 107 91 84 78 84 84 87 87 87 86 87 85 87 84 87 85 87 85 88 86 87 84 87 84 85 84 85 83 84 82 84 81 83 81 83 80 84 82 83 82 83 82 84 82 84 83 87 85 
CCD1=0 0 0 0 0 0 0 0 0 0 0 0 0 0 0 0 0 0 0 0 0 0 0 0 0 0 0 0 0 0 0 0 0 0 0 0 0 0 0 0 0 0 0 0 0 0 0 0 0 0 0 0 0 0 0 0 0 0 0 0 0 0 0 0 0 0 0 0 0 0 0 0 0 0 0 0 0 0 0 0 0 0 0 0 0 0 0 0 0 0 0 0 0 0 0 0 0 0 0 0 0 0 0 0 0 0 0 0 0 0 0 0 0 0 0 0 0 0 0 0 0 0 0 0 0 0 0 0 
[CCD拟图]
CCDLRC0=16 86 51 
CCDLRC1=16 86 51 
CCDLRC2=0 0 0 
[反馈数据]
0=50
1=100
2=75
3=4928
4=2100
5=1750
6=25
7=0
8=0
9=0
10=125
11=572
12=626
[控制固参]
0=0
