[CCD原图]
CCD0=55 63 68 75 102 114 123 121 124 119 121 118 120 116 119 120 120 120 124 122 126 123 114 120 126 125 127 126 129 127 127 127 128 128 130 129 132 127 132 131 131 128 131 129 132 130 131 132 135 134 136 137 135 135 139 135 141 140 143 143 145 134 147 140 144 140 137 130 99 85 85 83 86 86 90 87 90 87 89 87 89 86 88 86 87 84 87 86 87 86 87 85 87 85 88 86 88 85 87 85 86 84 85 83 84 83 84 83 84 82 84 82 84 81 84 81 84 82 84 82 84 83 85 83 84 83 83 82 
CCD1=0 0 0 0 0 0 0 0 0 0 0 0 0 0 0 0 0 0 0 0 0 0 0 0 0 0 0 0 0 0 0 0 0 0 0 0 0 0 0 0 0 0 0 0 0 0 0 0 0 0 0 0 0 0 0 0 0 0 0 0 0 0 0 0 0 0 0 0 0 0 0 0 0 0 0 0 0 0 0 0 0 0 0 0 0 0 0 0 0 0 0 0 0 0 0 0 0 0 0 0 0 0 0 0 0 0 0 0 0 0 0 0 0 0 0 0 0 0 0 0 0 0 0 0 0 0 0 0 
[CCD拟图]
CCDLRC0=6 70 36 
CCDLRC1=6 70 36 
CCDLRC2=0 0 0 
[反馈数据]
0=50
1=100
2=75
3=4928
4=2100
5=1750
6=25
7=0
8=0
9=0
10=137
11=584
12=638
[控制固参]
0=0
