[CCD原图]
CCD0=72 83 102 134 199 239 255 255 255 254 255 252 255 249 251 255 253 255 255 255 255 255 230 255 255 255 255 255 255 255 255 255 255 255 255 255 255 255 255 255 255 255 255 255 255 255 255 255 255 255 255 255 255 255 255 255 255 255 255 255 255 255 255 255 255 255 255 255 255 189 144 136 137 138 147 145 147 145 146 144 147 142 148 146 146 143 143 147 144 143 143 141 144 141 144 145 146 143 146 146 146 141 143 139 137 138 138 138 136 134 134 132 133 128 133 129 132 132 133 130 133 132 134 130 122 118 109 99 
CCD1=0 0 0 0 0 0 0 0 0 0 0 0 0 0 0 0 0 0 0 0 0 0 0 0 0 0 0 0 0 0 0 0 0 0 0 0 0 0 0 0 0 0 0 0 0 0 0 0 0 0 0 0 0 0 0 0 0 0 0 0 0 0 0 0 0 0 0 0 0 0 0 0 0 0 0 0 0 0 0 0 0 0 0 0 0 0 0 0 0 0 0 0 0 0 0 0 0 0 0 0 0 0 0 0 0 0 0 0 0 0 0 0 0 0 0 0 0 0 0 0 0 0 0 0 0 0 0 0 
[CCD拟图]
CCDLRC0=6 69 35 
CCDLRC1=6 69 35 
CCDLRC2=0 0 0 
[反馈数据]
0=50
1=100
2=75
3=4928
4=2100
5=1750
6=25
7=0
8=0
9=0
10=141
11=588
12=642
[控制固参]
0=0
