[CCD原图]
CCD0=54 60 65 65 70 69 74 69 74 89 105 105 108 104 108 107 108 108 112 109 114 110 104 110 117 114 116 115 117 116 118 116 119 119 122 122 125 121 126 125 127 125 128 126 130 127 130 131 134 133 137 138 138 140 146 142 145 142 141 138 138 128 139 130 135 133 132 133 134 131 134 132 134 127 129 117 96 78 79 76 80 82 87 87 89 86 88 88 88 85 87 85 87 84 86 84 86 82 85 83 85 81 84 81 83 82 82 81 82 80 82 79 82 79 82 79 82 79 81 80 81 80 82 80 82 82 85 83 
CCD1=0 0 0 0 0 0 0 0 0 0 0 0 0 0 0 0 0 0 0 0 0 0 0 0 0 0 0 0 0 0 0 0 0 0 0 0 0 0 0 0 0 0 0 0 0 0 0 0 0 0 0 0 0 0 0 0 0 0 0 0 0 0 0 0 0 0 0 0 0 0 0 0 0 0 0 0 0 0 0 0 0 0 0 0 0 0 0 0 0 0 0 0 0 0 0 0 0 0 0 0 0 0 0 0 0 0 0 0 0 0 0 0 0 0 0 0 0 0 0 0 0 0 0 0 0 0 0 0 
[CCD拟图]
CCDLRC0=7 75 41 
CCDLRC1=7 75 41 
CCDLRC2=0 0 0 
[反馈数据]
0=50
1=100
2=75
3=4928
4=2100
5=1750
6=25
7=0
8=0
9=0
10=210
11=657
12=711
[控制固参]
0=0
