[CCD原图]
CCD0=53 58 64 63 68 67 71 68 70 67 68 66 68 67 70 68 71 69 72 70 74 71 72 72 76 74 76 74 77 75 76 75 76 73 75 72 77 76 83 86 94 100 110 111 118 116 119 121 124 123 125 125 123 123 129 127 134 134 140 145 153 150 167 159 161 152 145 141 138 134 135 133 135 130 134 131 133 131 132 131 132 128 132 129 131 128 129 131 129 128 127 127 130 129 135 138 143 139 143 142 139 131 131 127 124 123 123 123 119 118 117 114 110 86 78 76 79 78 82 80 82 80 82 80 81 81 84 83 
CCD1=0 0 0 0 0 0 0 0 0 0 0 0 0 0 0 0 0 0 0 0 0 0 0 0 0 0 0 0 0 0 0 0 0 0 0 0 0 0 0 0 0 0 0 0 0 0 0 0 0 0 0 0 0 0 0 0 0 0 0 0 0 0 0 0 0 0 0 0 0 0 0 0 0 0 0 0 0 0 0 0 0 0 0 0 0 0 0 0 0 0 0 0 0 0 0 0 0 0 0 0 0 0 0 0 0 0 0 0 0 0 0 0 0 0 0 0 0 0 0 0 0 0 0 0 0 0 0 0 
[CCD拟图]
CCDLRC0=32 112 72 
CCDLRC1=32 112 72 
CCDLRC2=0 0 0 
[反馈数据]
0=50
1=100
2=75
3=4928
4=2100
5=1750
6=25
7=0
8=0
9=0
10=223
11=670
12=724
[控制固参]
0=0
