[CCD原图]
CCD0=53 60 65 64 69 68 72 71 74 71 72 68 70 68 80 95 103 103 107 106 110 107 101 105 112 109 112 111 115 114 116 115 117 119 120 120 124 119 124 122 123 122 125 123 127 124 126 126 129 126 129 128 127 125 129 125 130 128 130 129 132 123 133 127 132 130 129 129 129 127 130 127 129 124 129 127 130 128 131 131 135 131 135 132 133 129 126 121 109 94 84 75 77 75 78 77 79 79 83 81 82 79 82 80 81 79 81 80 81 79 81 78 81 77 80 78 80 79 81 79 80 79 81 79 80 80 84 82 
CCD1=0 0 0 0 0 0 0 0 0 0 0 0 0 0 0 0 0 0 0 0 0 0 0 0 0 0 0 0 0 0 0 0 0 0 0 0 0 0 0 0 0 0 0 0 0 0 0 0 0 0 0 0 0 0 0 0 0 0 0 0 0 0 0 0 0 0 0 0 0 0 0 0 0 0 0 0 0 0 0 0 0 0 0 0 0 0 0 0 0 0 0 0 0 0 0 0 0 0 0 0 0 0 0 0 0 0 0 0 0 0 0 0 0 0 0 0 0 0 0 0 0 0 0 0 0 0 0 0 
[CCD拟图]
CCDLRC0=15 95 55 
CCDLRC1=15 95 55 
CCDLRC2=0 0 0 
[反馈数据]
0=50
1=100
2=75
3=4928
4=2100
5=1750
6=25
7=0
8=0
9=0
10=34
11=737
12=791
[控制固参]
0=0
