[CCD原图]
CCD0=54 60 66 65 70 70 72 69 71 69 73 78 90 96 102 102 105 104 108 106 110 107 101 106 113 111 115 113 117 115 116 116 118 118 121 119 123 117 123 122 123 120 124 121 125 122 124 123 126 124 125 125 122 121 124 120 124 121 124 123 125 117 129 122 126 124 124 125 127 125 127 126 129 124 129 127 129 127 127 120 112 93 83 78 79 76 82 83 84 82 83 81 83 81 81 80 82 79 82 80 81 78 80 78 79 78 80 78 80 77 79 78 80 77 79 77 79 77 79 77 79 78 80 78 80 80 83 81 
CCD1=0 0 0 0 0 0 0 0 0 0 0 0 0 0 0 0 0 0 0 0 0 0 0 0 0 0 0 0 0 0 0 0 0 0 0 0 0 0 0 0 0 0 0 0 0 0 0 0 0 0 0 0 0 0 0 0 0 0 0 0 0 0 0 0 0 0 0 0 0 0 0 0 0 0 0 0 0 0 0 0 0 0 0 0 0 0 0 0 0 0 0 0 0 0 0 0 0 0 0 0 0 0 0 0 0 0 0 0 0 0 0 0 0 0 0 0 0 0 0 0 0 0 0 0 0 0 0 0 
[CCD拟图]
CCDLRC0=9 122 65 
CCDLRC1=9 122 65 
CCDLRC2=0 0 0 
[反馈数据]
0=50
1=100
2=75
3=4928
4=2100
5=1750
6=25
7=0
8=0
9=0
10=47
11=750
12=804
[控制固参]
0=0
