[CCD原图]
CCD0=53 60 65 64 70 69 73 71 75 72 74 71 72 69 74 81 95 101 106 105 108 106 101 106 112 109 113 111 115 114 116 115 116 116 118 116 119 113 118 117 118 116 119 116 120 117 119 119 122 120 122 121 120 119 123 120 124 122 125 124 127 119 130 123 126 124 125 126 127 125 128 126 130 123 130 126 129 127 128 128 129 123 122 103 83 73 74 74 78 80 82 81 83 79 82 80 82 79 81 79 80 78 80 78 80 78 79 77 78 77 79 77 79 76 80 76 79 77 79 77 79 77 79 77 78 79 82 80 
CCD1=0 0 0 0 0 0 0 0 0 0 0 0 0 0 0 0 0 0 0 0 0 0 0 0 0 0 0 0 0 0 0 0 0 0 0 0 0 0 0 0 0 0 0 0 0 0 0 0 0 0 0 0 0 0 0 0 0 0 0 0 0 0 0 0 0 0 0 0 0 0 0 0 0 0 0 0 0 0 0 0 0 0 0 0 0 0 0 0 0 0 0 0 0 0 0 0 0 0 0 0 0 0 0 0 0 0 0 0 0 0 0 0 0 0 0 0 0 0 0 0 0 0 0 0 0 0 0 0 
[CCD拟图]
CCDLRC0=11 83 47 
CCDLRC1=11 83 47 
CCDLRC2=0 0 0 
[反馈数据]
0=50
1=100
2=75
3=4928
4=2100
5=1750
6=25
7=0
8=0
9=0
10=49
11=752
12=806
[控制固参]
0=0
