[CCD原图]
CCD0=52 59 64 64 68 68 72 70 72 70 72 70 72 69 73 70 72 72 75 73 76 73 74 73 73 70 73 78 106 111 114 113 116 116 118 117 119 115 119 117 117 116 118 115 119 115 117 116 118 117 119 118 117 116 120 116 121 119 122 122 124 116 126 120 125 123 124 123 123 120 124 121 123 118 124 121 124 123 126 125 128 122 127 124 126 122 124 126 125 122 122 119 119 115 108 84 80 76 79 78 81 78 80 78 79 79 80 78 79 78 79 77 79 76 78 76 79 76 79 76 78 76 78 76 77 78 80 78 
CCD1=0 0 0 0 0 0 0 0 0 0 0 0 0 0 0 0 0 0 0 0 0 0 0 0 0 0 0 0 0 0 0 0 0 0 0 0 0 0 0 0 0 0 0 0 0 0 0 0 0 0 0 0 0 0 0 0 0 0 0 0 0 0 0 0 0 0 0 0 0 0 0 0 0 0 0 0 0 0 0 0 0 0 0 0 0 0 0 0 0 0 0 0 0 0 0 0 0 0 0 0 0 0 0 0 0 0 0 0 0 0 0 0 0 0 0 0 0 0 0 0 0 0 0 0 0 0 0 0 
[CCD拟图]
CCDLRC0=26 97 61 
CCDLRC1=26 97 61 
CCDLRC2=0 0 0 
[反馈数据]
0=50
1=100
2=75
3=4928
4=2100
5=1750
6=25
7=0
8=0
9=0
10=61
11=764
12=818
[控制固参]
0=0
