[CCD原图]
CCD0=53 60 65 64 70 71 75 72 74 70 72 69 71 67 70 68 75 93 109 107 111 109 102 109 114 113 116 114 117 115 116 115 116 116 118 117 120 115 119 117 118 115 119 116 120 118 121 122 125 123 125 125 124 123 127 123 127 126 128 127 130 121 132 125 129 127 126 126 128 126 128 128 130 125 129 127 129 128 130 127 131 126 129 127 127 125 125 126 116 95 81 75 78 77 81 80 82 79 82 80 81 78 80 78 79 78 80 78 79 77 79 76 78 75 79 76 78 76 78 76 78 76 78 76 77 78 80 79 
CCD1=0 0 0 0 0 0 0 0 0 0 0 0 0 0 0 0 0 0 0 0 0 0 0 0 0 0 0 0 0 0 0 0 0 0 0 0 0 0 0 0 0 0 0 0 0 0 0 0 0 0 0 0 0 0 0 0 0 0 0 0 0 0 0 0 0 0 0 0 0 0 0 0 0 0 0 0 0 0 0 0 0 0 0 0 0 0 0 0 0 0 0 0 0 0 0 0 0 0 0 0 0 0 0 0 0 0 0 0 0 0 0 0 0 0 0 0 0 0 0 0 0 0 0 0 0 0 0 0 
[CCD拟图]
CCDLRC0=18 93 55 
CCDLRC1=18 93 55 
CCDLRC2=0 0 0 
[反馈数据]
0=50
1=100
2=75
3=4928
4=2100
5=1750
6=25
7=0
8=0
9=0
10=77
11=780
12=834
[控制固参]
0=0
