[CCD原图]
CCD0=52 59 64 63 67 68 71 69 72 69 71 69 71 69 72 69 71 70 72 69 71 68 69 67 70 73 89 100 108 108 109 109 111 111 113 112 115 111 116 114 114 113 116 113 118 115 118 118 121 119 121 121 120 118 122 118 123 122 123 124 126 119 128 123 126 125 124 125 126 123 127 125 126 121 126 122 125 123 124 122 125 120 124 120 122 119 121 122 120 119 119 117 119 116 119 118 119 115 116 114 109 98 91 81 82 83 82 76 75 73 75 73 76 74 76 74 77 75 77 74 76 75 77 75 76 76 79 76 
CCD1=0 0 0 0 0 0 0 0 0 0 0 0 0 0 0 0 0 0 0 0 0 0 0 0 0 0 0 0 0 0 0 0 0 0 0 0 0 0 0 0 0 0 0 0 0 0 0 0 0 0 0 0 0 0 0 0 0 0 0 0 0 0 0 0 0 0 0 0 0 0 0 0 0 0 0 0 0 0 0 0 0 0 0 0 0 0 0 0 0 0 0 0 0 0 0 0 0 0 0 0 0 0 0 0 0 0 0 0 0 0 0 0 0 0 0 0 0 0 0 0 0 0 0 0 0 0 0 0 
[CCD拟图]
CCDLRC0=23 100 61 
CCDLRC1=23 100 61 
CCDLRC2=0 0 0 
[反馈数据]
0=50
1=100
2=75
3=4928
4=2100
5=1750
6=25
7=0
8=0
9=0
10=118
11=821
12=875
[控制固参]
0=0
