[CCD原图]
CCD0=55 62 68 68 76 79 84 81 84 80 83 80 82 79 81 80 82 81 84 82 85 83 81 83 86 82 79 74 76 74 79 99 122 130 136 136 140 136 140 140 139 137 139 136 140 135 140 141 142 140 141 140 137 136 141 136 142 142 144 146 148 139 152 144 149 149 149 149 145 141 145 146 154 152 157 152 153 149 150 147 148 142 145 141 142 140 139 142 139 138 137 134 137 133 136 136 138 134 133 108 88 82 82 81 85 83 86 84 84 82 84 82 84 80 83 81 83 82 83 80 82 81 82 80 82 82 84 83 
CCD1=0 0 0 0 0 0 0 0 0 0 0 0 0 0 0 0 0 0 0 0 0 0 0 0 0 0 0 0 0 0 0 0 0 0 0 0 0 0 0 0 0 0 0 0 0 0 0 0 0 0 0 0 0 0 0 0 0 0 0 0 0 0 0 0 0 0 0 0 0 0 0 0 0 0 0 0 0 0 0 0 0 0 0 0 0 0 0 0 0 0 0 0 0 0 0 0 0 0 0 0 0 0 0 0 0 0 0 0 0 0 0 0 0 0 0 0 0 0 0 0 0 0 0 0 0 0 0 0 
[CCD拟图]
CCDLRC0=30 101 65 
CCDLRC1=30 101 65 
CCDLRC2=0 0 0 
[反馈数据]
0=50
1=100
2=75
3=4928
4=2100
5=1750
6=25
7=0
8=0
9=0
10=155
11=90
12=144
[控制固参]
0=0
