[CCD原图]
CCD0=52 58 62 62 65 65 68 65 68 65 67 65 68 65 67 65 67 66 68 66 69 66 68 66 70 67 69 67 69 68 69 67 70 68 70 68 71 68 70 69 71 69 71 70 73 70 72 71 72 71 73 71 73 71 73 71 74 72 75 73 75 72 76 73 75 73 75 73 75 72 75 73 76 72 75 73 75 73 75 73 75 73 75 73 74 72 74 73 74 73 74 71 73 70 72 71 72 70 72 70 72 70 72 71 73 72 76 76 80 81 85 87 90 88 93 93 98 99 102 101 105 103 100 101 101 104 108 107 
CCD1=0 0 0 0 0 0 0 0 0 0 0 0 0 0 0 0 0 0 0 0 0 0 0 0 0 0 0 0 0 0 0 0 0 0 0 0 0 0 0 0 0 0 0 0 0 0 0 0 0 0 0 0 0 0 0 0 0 0 0 0 0 0 0 0 0 0 0 0 0 0 0 0 0 0 0 0 0 0 0 0 0 0 0 0 0 0 0 0 0 0 0 0 0 0 0 0 0 0 0 0 0 0 0 0 0 0 0 0 0 0 0 0 0 0 0 0 0 0 0 0 0 0 0 0 0 0 0 0 
[CCD拟图]
CCDLRC0=6 122 118 
CCDLRC1=6 122 118 
CCDLRC2=0 0 0 
[反馈数据]
0=50
1=100
2=75
3=4928
4=2100
5=1750
6=25
7=0
8=0
9=0
10=137
11=840
12=894
[控制固参]
0=0
