[CCD原图]
CCD0=54 62 68 68 76 78 83 81 83 80 82 79 81 79 82 80 82 81 84 83 86 83 80 82 86 82 79 75 76 74 81 111 130 133 138 139 144 138 143 142 141 137 139 136 140 135 137 138 140 138 140 139 137 136 140 137 141 140 142 143 146 137 150 144 150 148 148 148 145 141 147 147 158 152 157 153 155 151 151 148 149 142 146 142 143 140 140 142 139 139 137 135 136 134 138 138 141 134 121 93 79 74 76 75 81 82 84 84 84 82 84 81 84 80 83 81 83 81 83 80 83 80 83 81 81 82 85 83 
CCD1=0 0 0 0 0 0 0 0 0 0 0 0 0 0 0 0 0 0 0 0 0 0 0 0 0 0 0 0 0 0 0 0 0 0 0 0 0 0 0 0 0 0 0 0 0 0 0 0 0 0 0 0 0 0 0 0 0 0 0 0 0 0 0 0 0 0 0 0 0 0 0 0 0 0 0 0 0 0 0 0 0 0 0 0 0 0 0 0 0 0 0 0 0 0 0 0 0 0 0 0 0 0 0 0 0 0 0 0 0 0 0 0 0 0 0 0 0 0 0 0 0 0 0 0 0 0 0 0 
[CCD拟图]
CCDLRC0=30 100 65 
CCDLRC1=30 100 65 
CCDLRC2=0 0 0 
[反馈数据]
0=50
1=100
2=75
3=4928
4=2100
5=1750
6=25
7=0
8=0
9=0
10=159
11=94
12=148
[控制固参]
0=0
