[CCD原图]
CCD0=57 66 75 80 95 104 114 110 113 108 111 107 109 106 109 108 107 106 108 107 110 110 105 111 117 117 118 116 120 116 118 119 120 118 120 118 120 115 120 118 117 116 119 117 122 118 122 123 125 124 126 125 124 124 128 125 131 130 131 131 132 122 130 115 96 76 76 75 81 81 85 84 86 83 86 84 85 83 85 83 85 82 84 82 84 81 83 81 82 81 82 79 81 79 81 79 82 78 80 78 79 76 78 75 75 72 72 71 72 71 73 71 72 69 72 70 72 70 72 70 72 69 75 76 78 78 81 79 
CCD1=0 0 0 0 0 0 0 0 0 0 0 0 0 0 0 0 0 0 0 0 0 0 0 0 0 0 0 0 0 0 0 0 0 0 0 0 0 0 0 0 0 0 0 0 0 0 0 0 0 0 0 0 0 0 0 0 0 0 0 0 0 0 0 0 0 0 0 0 0 0 0 0 0 0 0 0 0 0 0 0 0 0 0 0 0 0 0 0 0 0 0 0 0 0 0 0 0 0 0 0 0 0 0 0 0 0 0 0 0 0 0 0 0 0 0 0 0 0 0 0 0 0 0 0 0 0 0 0 
[CCD拟图]
CCDLRC0=6 67 26 
CCDLRC1=6 67 26 
CCDLRC2=0 0 0 
[反馈数据]
0=50
1=100
2=75
3=4928
4=2100
5=1750
6=25
7=0
8=0
9=0
10=192
11=895
12=949
[控制固参]
0=0
