[CCD原图]
CCD0=54 62 68 69 76 78 84 81 83 80 82 80 82 79 81 80 82 81 84 82 85 83 81 83 86 84 84 78 80 78 81 100 130 136 141 140 146 140 146 145 143 138 140 137 140 136 138 138 141 139 140 139 138 137 142 137 142 141 143 144 147 137 151 145 150 148 148 151 154 153 157 156 159 153 158 153 153 150 150 148 149 142 146 142 143 139 139 142 140 138 137 134 137 134 137 137 140 135 136 106 81 76 79 77 80 81 85 84 84 83 84 82 84 81 83 80 83 81 83 81 82 81 82 81 82 82 85 83 
CCD1=0 0 0 0 0 0 0 0 0 0 0 0 0 0 0 0 0 0 0 0 0 0 0 0 0 0 0 0 0 0 0 0 0 0 0 0 0 0 0 0 0 0 0 0 0 0 0 0 0 0 0 0 0 0 0 0 0 0 0 0 0 0 0 0 0 0 0 0 0 0 0 0 0 0 0 0 0 0 0 0 0 0 0 0 0 0 0 0 0 0 0 0 0 0 0 0 0 0 0 0 0 0 0 0 0 0 0 0 0 0 0 0 0 0 0 0 0 0 0 0 0 0 0 0 0 0 0 0 
[CCD拟图]
CCDLRC0=30 100 65 
CCDLRC1=30 100 65 
CCDLRC2=0 0 0 
[反馈数据]
0=50
1=100
2=75
3=4928
4=2100
5=1750
6=25
7=0
8=0
9=0
10=165
11=100
12=154
[控制固参]
0=0
