[CCD原图]
CCD0=55 62 68 68 77 79 85 81 83 80 82 79 82 79 81 80 82 81 84 82 85 82 81 82 86 81 80 77 80 79 89 120 136 140 144 143 147 141 145 143 142 137 139 136 140 136 138 138 141 138 139 139 137 136 141 136 141 140 143 144 147 137 150 144 149 149 150 153 155 155 160 160 162 154 157 153 154 150 149 146 147 141 145 141 142 139 139 142 139 138 137 135 137 134 136 136 138 133 137 129 100 84 85 82 84 84 85 84 84 82 84 82 84 81 83 81 83 81 83 80 82 80 83 81 82 82 85 83 
CCD1=0 0 0 0 0 0 0 0 0 0 0 0 0 0 0 0 0 0 0 0 0 0 0 0 0 0 0 0 0 0 0 0 0 0 0 0 0 0 0 0 0 0 0 0 0 0 0 0 0 0 0 0 0 0 0 0 0 0 0 0 0 0 0 0 0 0 0 0 0 0 0 0 0 0 0 0 0 0 0 0 0 0 0 0 0 0 0 0 0 0 0 0 0 0 0 0 0 0 0 0 0 0 0 0 0 0 0 0 0 0 0 0 0 0 0 0 0 0 0 0 0 0 0 0 0 0 0 0 
[CCD拟图]
CCDLRC0=30 101 65 
CCDLRC1=30 101 65 
CCDLRC2=0 0 0 
[反馈数据]
0=50
1=100
2=75
3=4928
4=2100
5=1750
6=25
7=0
8=0
9=0
10=170
11=105
12=159
[控制固参]
0=0
