[CCD原图]
CCD0=53 60 64 64 70 69 74 71 73 71 74 70 73 68 71 68 73 73 75 72 73 71 71 71 83 102 112 112 116 115 117 116 118 118 120 120 124 120 124 123 124 122 125 123 127 124 127 126 129 126 128 127 126 125 130 125 130 128 130 131 133 124 135 129 134 131 130 131 133 130 133 131 134 129 136 134 139 138 140 138 140 135 140 135 136 132 131 133 130 128 125 121 112 90 83 79 82 80 84 83 84 81 83 80 82 81 82 81 81 79 80 79 81 78 81 79 81 79 81 79 80 79 81 78 79 79 83 81 
CCD1=0 0 0 0 0 0 0 0 0 0 0 0 0 0 0 0 0 0 0 0 0 0 0 0 0 0 0 0 0 0 0 0 0 0 0 0 0 0 0 0 0 0 0 0 0 0 0 0 0 0 0 0 0 0 0 0 0 0 0 0 0 0 0 0 0 0 0 0 0 0 0 0 0 0 0 0 0 0 0 0 0 0 0 0 0 0 0 0 0 0 0 0 0 0 0 0 0 0 0 0 0 0 0 0 0 0 0 0 0 0 0 0 0 0 0 0 0 0 0 0 0 0 0 0 0 0 0 0 
[CCD拟图]
CCDLRC0=24 95 59 
CCDLRC1=24 95 59 
CCDLRC2=0 0 0 
[反馈数据]
0=50
1=100
2=75
3=4928
4=2100
5=1750
6=25
7=0
8=0
9=0
10=37
11=996
12=1050
[控制固参]
0=0
