[CCD原图]
CCD0=53 60 65 63 68 68 73 70 73 71 73 70 72 69 71 70 82 98 107 106 112 109 104 109 115 113 117 115 117 115 117 117 118 118 121 119 124 119 123 124 124 122 125 123 128 124 126 127 130 127 130 129 127 127 131 126 131 130 132 132 133 125 136 130 134 132 132 133 135 133 136 136 140 135 142 138 142 140 142 140 142 134 136 131 120 91 84 80 82 83 86 83 84 82 85 82 84 81 84 82 83 80 82 80 81 80 82 80 82 79 81 79 81 78 80 78 81 78 80 78 80 78 80 78 79 80 82 81 
CCD1=0 0 0 0 0 0 0 0 0 0 0 0 0 0 0 0 0 0 0 0 0 0 0 0 0 0 0 0 0 0 0 0 0 0 0 0 0 0 0 0 0 0 0 0 0 0 0 0 0 0 0 0 0 0 0 0 0 0 0 0 0 0 0 0 0 0 0 0 0 0 0 0 0 0 0 0 0 0 0 0 0 0 0 0 0 0 0 0 0 0 0 0 0 0 0 0 0 0 0 0 0 0 0 0 0 0 0 0 0 0 0 0 0 0 0 0 0 0 0 0 0 0 0 0 0 0 0 0 
[CCD拟图]
CCDLRC0=17 87 52 
CCDLRC1=17 87 52 
CCDLRC2=0 0 0 
[反馈数据]
0=50
1=100
2=75
3=4928
4=2100
5=1750
6=25
7=0
8=0
9=0
10=49
11=1008
12=1062
[控制固参]
0=0
