[CCD原图]
CCD0=53 60 64 63 67 67 74 71 73 70 73 70 72 69 72 80 98 102 109 108 113 109 104 109 116 114 117 114 118 115 117 116 117 117 119 117 122 118 123 123 124 121 124 123 127 124 125 127 130 127 130 130 127 127 130 126 132 129 131 131 133 125 136 130 133 131 131 132 134 131 136 135 139 135 140 138 141 138 140 137 139 133 132 110 90 81 82 82 85 84 84 82 84 82 84 82 83 81 83 81 83 80 82 80 81 80 82 80 81 79 81 79 81 78 81 79 81 79 81 79 80 78 80 78 80 79 82 80 
CCD1=0 0 0 0 0 0 0 0 0 0 0 0 0 0 0 0 0 0 0 0 0 0 0 0 0 0 0 0 0 0 0 0 0 0 0 0 0 0 0 0 0 0 0 0 0 0 0 0 0 0 0 0 0 0 0 0 0 0 0 0 0 0 0 0 0 0 0 0 0 0 0 0 0 0 0 0 0 0 0 0 0 0 0 0 0 0 0 0 0 0 0 0 0 0 0 0 0 0 0 0 0 0 0 0 0 0 0 0 0 0 0 0 0 0 0 0 0 0 0 0 0 0 0 0 0 0 0 0 
[CCD拟图]
CCDLRC0=15 87 51 
CCDLRC1=15 87 51 
CCDLRC2=0 0 0 
[反馈数据]
0=50
1=100
2=75
3=4928
4=2100
5=1750
6=25
7=0
8=0
9=0
10=50
11=1009
12=1063
[控制固参]
0=0
