[CCD原图]
CCD0=53 59 64 63 69 69 73 70 73 70 72 70 72 69 73 71 72 72 74 71 75 72 72 72 74 72 73 71 75 80 90 98 107 112 118 117 121 117 122 122 122 120 124 121 126 122 125 126 128 127 128 129 126 127 130 126 131 131 132 132 135 126 138 132 137 135 136 137 137 135 139 138 143 138 143 139 142 141 143 141 142 134 137 133 134 131 131 133 131 130 129 127 128 125 129 127 128 124 127 126 125 122 125 122 122 123 124 125 123 123 124 123 125 121 126 123 130 131 130 121 120 121 127 126 123 126 129 129 
CCD1=0 0 0 0 0 0 0 0 0 0 0 0 0 0 0 0 0 0 0 0 0 0 0 0 0 0 0 0 0 0 0 0 0 0 0 0 0 0 0 0 0 0 0 0 0 0 0 0 0 0 0 0 0 0 0 0 0 0 0 0 0 0 0 0 0 0 0 0 0 0 0 0 0 0 0 0 0 0 0 0 0 0 0 0 0 0 0 0 0 0 0 0 0 0 0 0 0 0 0 0 0 0 0 0 0 0 0 0 0 0 0 0 0 0 0 0 0 0 0 0 0 0 0 0 0 0 0 0 
[CCD拟图]
CCDLRC0=23 122 72 
CCDLRC1=23 122 72 
CCDLRC2=0 0 0 
[反馈数据]
0=50
1=100
2=75
3=4928
4=2100
5=1750
6=25
7=0
8=0
9=0
10=68
11=1027
12=1081
[控制固参]
0=0
