[CCD原图]
CCD0=53 59 65 64 69 69 73 70 73 70 72 70 71 70 72 70 72 71 73 72 74 72 72 72 76 74 76 74 77 75 77 76 76 76 77 74 76 75 83 92 104 112 120 119 124 121 124 124 128 126 128 127 127 125 129 126 131 129 132 133 134 127 138 132 136 135 135 136 137 134 137 136 140 134 140 138 139 136 137 136 139 134 137 134 134 131 131 134 131 131 129 127 129 125 128 127 128 124 126 126 126 121 125 122 121 123 124 124 122 121 122 122 124 119 126 123 126 122 121 118 121 123 130 127 123 127 130 129 
CCD1=0 0 0 0 0 0 0 0 0 0 0 0 0 0 0 0 0 0 0 0 0 0 0 0 0 0 0 0 0 0 0 0 0 0 0 0 0 0 0 0 0 0 0 0 0 0 0 0 0 0 0 0 0 0 0 0 0 0 0 0 0 0 0 0 0 0 0 0 0 0 0 0 0 0 0 0 0 0 0 0 0 0 0 0 0 0 0 0 0 0 0 0 0 0 0 0 0 0 0 0 0 0 0 0 0 0 0 0 0 0 0 0 0 0 0 0 0 0 0 0 0 0 0 0 0 0 0 0 
[CCD拟图]
CCDLRC0=34 122 78 
CCDLRC1=34 122 78 
CCDLRC2=0 0 0 
[反馈数据]
0=50
1=100
2=75
3=4928
4=2100
5=1750
6=25
7=0
8=0
9=0
10=71
11=1030
12=1084
[控制固参]
0=0
