[CCD原图]
CCD0=52 59 64 63 68 68 72 70 72 69 71 70 71 69 71 70 72 70 72 71 73 71 71 71 74 72 74 73 75 74 75 74 76 75 77 75 78 74 78 76 77 75 77 75 77 73 75 73 74 73 74 72 74 72 75 72 74 72 75 75 80 78 85 85 91 93 100 104 111 115 123 125 131 128 134 131 132 129 129 126 129 124 128 126 127 126 127 129 127 127 125 123 125 122 125 124 126 122 125 123 124 119 122 120 120 121 122 122 120 118 119 117 118 112 118 115 120 121 124 122 124 124 126 122 120 125 130 129 
CCD1=0 0 0 0 0 0 0 0 0 0 0 0 0 0 0 0 0 0 0 0 0 0 0 0 0 0 0 0 0 0 0 0 0 0 0 0 0 0 0 0 0 0 0 0 0 0 0 0 0 0 0 0 0 0 0 0 0 0 0 0 0 0 0 0 0 0 0 0 0 0 0 0 0 0 0 0 0 0 0 0 0 0 0 0 0 0 0 0 0 0 0 0 0 0 0 0 0 0 0 0 0 0 0 0 0 0 0 0 0 0 0 0 0 0 0 0 0 0 0 0 0 0 0 0 0 0 0 0 
[CCD拟图]
CCDLRC0=53 122 93 
CCDLRC1=53 122 93 
CCDLRC2=0 0 0 
[反馈数据]
0=50
1=100
2=75
3=4928
4=2100
5=1750
6=25
7=0
8=0
9=0
10=76
11=1035
12=1089
[控制固参]
0=0
