[CCD原图]
CCD0=55 62 68 68 77 79 84 80 83 79 81 78 81 79 81 79 81 80 84 82 84 82 81 82 86 82 80 79 83 82 87 114 141 147 152 151 154 148 151 146 140 136 139 136 140 136 138 138 141 139 141 141 137 138 142 137 142 142 144 144 146 137 150 143 148 147 148 150 153 152 157 156 160 152 156 151 150 147 147 146 148 142 146 143 144 142 142 144 142 141 139 137 138 135 138 136 137 132 128 98 88 84 86 83 86 85 86 85 85 83 85 83 85 81 83 81 83 81 84 81 83 81 83 80 82 82 84 83 
CCD1=0 0 0 0 0 0 0 0 0 0 0 0 0 0 0 0 0 0 0 0 0 0 0 0 0 0 0 0 0 0 0 0 0 0 0 0 0 0 0 0 0 0 0 0 0 0 0 0 0 0 0 0 0 0 0 0 0 0 0 0 0 0 0 0 0 0 0 0 0 0 0 0 0 0 0 0 0 0 0 0 0 0 0 0 0 0 0 0 0 0 0 0 0 0 0 0 0 0 0 0 0 0 0 0 0 0 0 0 0 0 0 0 0 0 0 0 0 0 0 0 0 0 0 0 0 0 0 0 
[CCD拟图]
CCDLRC0=29 101 65 
CCDLRC1=29 101 65 
CCDLRC2=0 0 0 
[反馈数据]
0=50
1=100
2=75
3=4928
4=2100
5=1750
6=25
7=0
8=0
9=0
10=177
11=112
12=166
[控制固参]
0=0
