[CCD原图]
CCD0=52 60 65 64 70 69 73 70 72 69 71 68 70 68 70 69 71 69 72 70 72 70 71 71 73 72 74 73 75 73 75 75 77 76 79 78 80 78 81 79 80 77 78 76 79 76 79 79 82 80 81 79 80 78 81 78 81 80 82 80 82 78 83 79 81 79 81 79 80 78 81 79 81 77 80 79 81 80 83 83 86 83 86 84 86 83 86 85 85 84 85 82 85 81 82 79 81 78 81 79 81 77 79 78 79 77 80 78 80 78 80 78 80 77 80 78 81 80 82 81 83 83 86 84 86 85 88 85 
CCD1=0 0 0 0 0 0 0 0 0 0 0 0 0 0 0 0 0 0 0 0 0 0 0 0 0 0 0 0 0 0 0 0 0 0 0 0 0 0 0 0 0 0 0 0 0 0 0 0 0 0 0 0 0 0 0 0 0 0 0 0 0 0 0 0 0 0 0 0 0 0 0 0 0 0 0 0 0 0 0 0 0 0 0 0 0 0 0 0 0 0 0 0 0 0 0 0 0 0 0 0 0 0 0 0 0 0 0 0 0 0 0 0 0 0 0 0 0 0 0 0 0 0 0 0 0 0 0 0 
[CCD拟图]
CCDLRC0=6 122 118 
CCDLRC1=6 122 118 
CCDLRC2=0 0 0 
[反馈数据]
0=50
1=100
2=75
3=4928
4=2100
5=1750
6=25
7=0
8=0
9=0
10=92
11=1051
12=1105
[控制固参]
0=0
