[CCD原图]
CCD0=52 59 65 65 71 72 76 73 74 72 74 71 73 70 72 70 71 70 72 70 72 70 70 70 72 70 72 69 72 69 71 70 71 69 72 68 72 69 72 70 71 70 73 71 73 71 73 72 74 72 75 73 76 74 76 73 76 74 76 75 78 75 80 78 80 79 81 79 81 78 81 79 80 78 81 78 81 79 81 79 83 80 83 81 84 81 85 84 85 84 85 82 85 81 84 82 83 79 82 79 80 77 79 77 78 77 78 77 78 76 78 77 80 76 80 78 81 81 83 81 83 82 84 82 83 82 84 82 
CCD1=0 0 0 0 0 0 0 0 0 0 0 0 0 0 0 0 0 0 0 0 0 0 0 0 0 0 0 0 0 0 0 0 0 0 0 0 0 0 0 0 0 0 0 0 0 0 0 0 0 0 0 0 0 0 0 0 0 0 0 0 0 0 0 0 0 0 0 0 0 0 0 0 0 0 0 0 0 0 0 0 0 0 0 0 0 0 0 0 0 0 0 0 0 0 0 0 0 0 0 0 0 0 0 0 0 0 0 0 0 0 0 0 0 0 0 0 0 0 0 0 0 0 0 0 0 0 0 0 
[CCD拟图]
CCDLRC0=6 122 118 
CCDLRC1=6 122 118 
CCDLRC2=0 0 0 
[反馈数据]
0=50
1=100
2=75
3=4928
4=2100
5=1750
6=25
7=0
8=0
9=0
10=101
11=1060
12=1114
[控制固参]
0=0
