[CCD原图]
CCD0=52 59 63 62 68 67 70 67 70 67 69 67 69 66 68 67 68 67 69 67 70 67 68 67 70 68 70 68 70 69 70 69 71 69 72 70 73 70 73 71 73 70 73 71 75 73 75 74 77 76 80 78 79 78 81 78 81 79 80 80 81 76 81 79 81 79 81 80 82 81 83 82 84 82 85 83 86 84 86 84 86 82 85 82 83 80 82 80 82 80 80 78 80 77 80 78 80 78 81 79 81 79 82 81 83 83 85 83 84 83 84 81 84 80 82 78 80 78 80 77 79 76 78 77 78 77 80 78 
CCD1=0 0 0 0 0 0 0 0 0 0 0 0 0 0 0 0 0 0 0 0 0 0 0 0 0 0 0 0 0 0 0 0 0 0 0 0 0 0 0 0 0 0 0 0 0 0 0 0 0 0 0 0 0 0 0 0 0 0 0 0 0 0 0 0 0 0 0 0 0 0 0 0 0 0 0 0 0 0 0 0 0 0 0 0 0 0 0 0 0 0 0 0 0 0 0 0 0 0 0 0 0 0 0 0 0 0 0 0 0 0 0 0 0 0 0 0 0 0 0 0 0 0 0 0 0 0 0 0 
[CCD拟图]
CCDLRC0=6 122 118 
CCDLRC1=6 122 118 
CCDLRC2=0 0 0 
[反馈数据]
0=50
1=100
2=75
3=4928
4=2100
5=1750
6=25
7=0
8=0
9=0
10=103
11=1062
12=1116
[控制固参]
0=0
