[CCD原图]
CCD0=53 60 65 64 70 71 78 77 79 75 78 75 78 75 77 76 78 76 79 76 79 76 76 76 80 79 81 79 81 79 80 80 81 80 82 80 83 77 79 78 93 118 128 126 130 127 130 130 134 132 134 133 131 131 133 129 134 133 135 136 138 129 141 134 139 138 137 138 140 138 141 140 145 141 148 145 149 146 147 144 146 138 140 136 136 133 133 135 133 130 130 127 130 126 129 128 130 125 127 126 126 122 124 121 121 121 117 102 81 75 77 74 76 76 80 78 81 80 81 78 80 79 80 78 79 79 81 80 
CCD1=0 0 0 0 0 0 0 0 0 0 0 0 0 0 0 0 0 0 0 0 0 0 0 0 0 0 0 0 0 0 0 0 0 0 0 0 0 0 0 0 0 0 0 0 0 0 0 0 0 0 0 0 0 0 0 0 0 0 0 0 0 0 0 0 0 0 0 0 0 0 0 0 0 0 0 0 0 0 0 0 0 0 0 0 0 0 0 0 0 0 0 0 0 0 0 0 0 0 0 0 0 0 0 0 0 0 0 0 0 0 0 0 0 0 0 0 0 0 0 0 0 0 0 0 0 0 0 0 
[CCD拟图]
CCDLRC0=39 108 73 
CCDLRC1=39 108 73 
CCDLRC2=0 0 0 
[反馈数据]
0=50
1=100
2=75
3=4928
4=2100
5=1750
6=25
7=0
8=0
9=0
10=208
11=1167
12=1221
[控制固参]
0=0
