[CCD原图]
CCD0=53 60 66 66 72 73 78 75 78 74 77 74 77 74 76 74 76 75 77 76 78 76 75 75 75 71 73 71 79 98 113 117 120 121 124 123 126 122 127 126 126 124 128 124 129 125 127 127 129 128 130 129 129 129 133 130 135 134 135 136 138 129 141 134 138 136 135 136 137 133 135 133 135 129 134 130 132 131 133 132 135 130 133 130 131 128 130 131 131 129 128 125 127 124 125 120 105 81 77 76 78 76 79 77 80 78 80 79 79 78 79 78 79 77 79 77 80 78 80 77 79 78 79 77 78 78 81 79 
CCD1=0 0 0 0 0 0 0 0 0 0 0 0 0 0 0 0 0 0 0 0 0 0 0 0 0 0 0 0 0 0 0 0 0 0 0 0 0 0 0 0 0 0 0 0 0 0 0 0 0 0 0 0 0 0 0 0 0 0 0 0 0 0 0 0 0 0 0 0 0 0 0 0 0 0 0 0 0 0 0 0 0 0 0 0 0 0 0 0 0 0 0 0 0 0 0 0 0 0 0 0 0 0 0 0 0 0 0 0 0 0 0 0 0 0 0 0 0 0 0 0 0 0 0 0 0 0 0 0 
[CCD拟图]
CCDLRC0=28 98 63 
CCDLRC1=28 98 63 
CCDLRC2=0 0 0 
[反馈数据]
0=50
1=100
2=75
3=4928
4=2100
5=1750
6=25
7=0
8=0
9=0
10=255
11=1214
12=1268
[控制固参]
0=0
