[CCD原图]
CCD0=53 60 66 66 72 73 78 75 78 74 76 72 72 69 71 73 93 103 112 113 117 115 108 114 120 118 121 120 122 120 120 119 122 120 122 121 125 120 125 124 125 123 127 124 129 126 129 129 131 129 130 130 130 129 133 129 134 131 133 133 135 126 138 130 134 131 132 131 132 130 132 131 134 128 133 130 132 131 132 130 131 120 108 82 79 75 78 77 80 78 79 78 80 78 80 78 80 78 80 79 79 76 79 76 78 76 78 76 77 75 77 76 78 75 77 74 77 74 76 75 76 74 74 72 72 70 69 66 
CCD1=0 0 0 0 0 0 0 0 0 0 0 0 0 0 0 0 0 0 0 0 0 0 0 0 0 0 0 0 0 0 0 0 0 0 0 0 0 0 0 0 0 0 0 0 0 0 0 0 0 0 0 0 0 0 0 0 0 0 0 0 0 0 0 0 0 0 0 0 0 0 0 0 0 0 0 0 0 0 0 0 0 0 0 0 0 0 0 0 0 0 0 0 0 0 0 0 0 0 0 0 0 0 0 0 0 0 0 0 0 0 0 0 0 0 0 0 0 0 0 0 0 0 0 0 0 0 0 0 
[CCD拟图]
CCDLRC0=15 85 50 
CCDLRC1=15 85 50 
CCDLRC2=0 0 0 
[反馈数据]
0=50
1=100
2=75
3=4928
4=2100
5=1750
6=25
7=0
8=0
9=0
10=18
11=1233
12=1287
[控制固参]
0=0
