[CCD原图]
CCD0=54 61 68 72 91 108 120 116 119 114 116 113 115 112 114 114 115 113 117 115 119 116 108 114 120 118 121 119 120 119 121 120 122 120 124 123 127 122 127 126 126 124 128 125 129 126 128 128 131 130 132 131 130 128 133 128 133 131 133 133 135 126 138 131 135 133 133 133 134 131 134 133 135 129 133 129 117 86 78 75 78 77 82 79 81 79 81 79 81 78 80 77 79 77 79 77 79 76 79 77 78 75 78 75 76 75 77 75 76 74 76 75 76 74 76 74 77 75 77 75 76 75 77 75 76 76 79 76 
CCD1=0 0 0 0 0 0 0 0 0 0 0 0 0 0 0 0 0 0 0 0 0 0 0 0 0 0 0 0 0 0 0 0 0 0 0 0 0 0 0 0 0 0 0 0 0 0 0 0 0 0 0 0 0 0 0 0 0 0 0 0 0 0 0 0 0 0 0 0 0 0 0 0 0 0 0 0 0 0 0 0 0 0 0 0 0 0 0 0 0 0 0 0 0 0 0 0 0 0 0 0 0 0 0 0 0 0 0 0 0 0 0 0 0 0 0 0 0 0 0 0 0 0 0 0 0 0 0 0 
[CCD拟图]
CCDLRC0=6 79 42 
CCDLRC1=6 79 42 
CCDLRC2=0 0 0 
[反馈数据]
0=50
1=100
2=75
3=4928
4=2100
5=1750
6=25
7=0
8=0
9=0
10=33
11=1248
12=1302
[控制固参]
0=0
