[CCD原图]
CCD0=58 67 76 82 99 108 118 115 119 113 115 112 115 111 113 113 113 113 116 114 117 114 106 111 117 115 118 115 117 114 114 111 110 105 101 93 90 80 79 74 73 70 73 72 75 73 76 75 78 76 79 78 79 77 80 78 81 79 80 79 82 78 82 78 81 79 81 80 80 79 81 79 82 78 80 79 80 79 80 78 80 77 81 78 80 78 80 79 80 78 79 77 79 76 78 77 78 76 78 76 78 75 77 75 76 75 76 75 76 74 77 74 76 73 74 73 75 73 75 73 75 73 75 73 75 73 77 74 
CCD1=0 0 0 0 0 0 0 0 0 0 0 0 0 0 0 0 0 0 0 0 0 0 0 0 0 0 0 0 0 0 0 0 0 0 0 0 0 0 0 0 0 0 0 0 0 0 0 0 0 0 0 0 0 0 0 0 0 0 0 0 0 0 0 0 0 0 0 0 0 0 0 0 0 0 0 0 0 0 0 0 0 0 0 0 0 0 0 0 0 0 0 0 0 0 0 0 0 0 0 0 0 0 0 0 0 0 0 0 0 0 0 0 0 0 0 0 0 0 0 0 0 0 0 0 0 0 0 0 
[CCD拟图]
CCDLRC0=6 35 6 
CCDLRC1=6 35 6 
CCDLRC2=0 0 0 
[反馈数据]
0=50
1=100
2=75
3=4928
4=2100
5=1750
6=25
7=0
8=0
9=0
10=61
11=1276
12=1330
[控制固参]
0=0
