[CCD原图]
CCD0=59 70 81 89 108 121 134 131 134 129 130 126 127 122 123 122 121 122 125 122 126 122 114 121 127 125 128 126 129 126 126 126 128 128 131 130 134 129 134 134 133 132 135 133 137 133 134 135 138 136 138 137 136 135 140 135 141 139 141 141 143 134 146 139 141 138 136 132 121 102 89 78 78 74 79 80 85 84 86 84 86 83 85 82 84 81 83 82 83 81 83 80 83 80 82 80 83 79 82 80 81 79 81 79 80 78 80 79 80 78 79 77 80 76 79 77 78 77 79 76 79 76 77 75 76 75 78 76 
CCD1=0 0 0 0 0 0 0 0 0 0 0 0 0 0 0 0 0 0 0 0 0 0 0 0 0 0 0 0 0 0 0 0 0 0 0 0 0 0 0 0 0 0 0 0 0 0 0 0 0 0 0 0 0 0 0 0 0 0 0 0 0 0 0 0 0 0 0 0 0 0 0 0 0 0 0 0 0 0 0 0 0 0 0 0 0 0 0 0 0 0 0 0 0 0 0 0 0 0 0 0 0 0 0 0 0 0 0 0 0 0 0 0 0 0 0 0 0 0 0 0 0 0 0 0 0 0 0 0 
[CCD拟图]
CCDLRC0=6 70 35 
CCDLRC1=6 70 35 
CCDLRC2=0 0 0 
[反馈数据]
0=50
1=100
2=75
3=4928
4=2100
5=1750
6=25
7=0
8=0
9=0
10=91
11=1306
12=1360
[控制固参]
0=0
