[CCD原图]
CCD0=60 70 80 88 107 119 130 126 131 125 129 126 128 125 128 127 127 125 128 125 128 124 115 122 128 126 128 125 129 127 129 127 129 128 130 130 133 129 134 132 132 130 134 132 137 133 136 135 139 137 138 138 136 135 139 135 140 139 141 142 144 136 148 140 145 142 140 140 140 136 135 127 118 101 94 84 81 78 82 81 85 82 85 83 85 82 84 82 82 81 83 80 82 80 83 80 83 80 82 81 82 79 81 79 80 79 81 79 80 78 79 78 79 77 79 77 79 77 79 77 78 77 78 76 77 76 77 75 
CCD1=0 0 0 0 0 0 0 0 0 0 0 0 0 0 0 0 0 0 0 0 0 0 0 0 0 0 0 0 0 0 0 0 0 0 0 0 0 0 0 0 0 0 0 0 0 0 0 0 0 0 0 0 0 0 0 0 0 0 0 0 0 0 0 0 0 0 0 0 0 0 0 0 0 0 0 0 0 0 0 0 0 0 0 0 0 0 0 0 0 0 0 0 0 0 0 0 0 0 0 0 0 0 0 0 0 0 0 0 0 0 0 0 0 0 0 0 0 0 0 0 0 0 0 0 0 0 0 0 
[CCD拟图]
CCDLRC0=6 71 36 
CCDLRC1=6 71 36 
CCDLRC2=0 0 0 
[反馈数据]
0=50
1=100
2=75
3=4928
4=2100
5=1750
6=25
7=0
8=0
9=0
10=92
11=1307
12=1361
[控制固参]
0=0
