[CCD原图]
CCD0=54 61 67 67 74 76 81 78 81 78 80 78 80 76 78 77 79 78 80 78 81 78 77 77 81 79 81 79 82 80 82 80 82 81 83 82 85 81 85 83 85 83 85 84 87 84 86 85 88 86 88 87 87 86 89 87 90 89 91 89 91 86 91 86 87 81 80 78 82 92 112 127 139 137 142 139 142 140 141 139 142 136 141 137 138 135 135 137 134 133 132 130 132 128 130 129 131 126 128 127 127 123 126 123 123 124 125 125 122 122 122 121 122 116 121 117 120 119 120 118 120 119 121 119 117 119 118 109 
CCD1=0 0 0 0 0 0 0 0 0 0 0 0 0 0 0 0 0 0 0 0 0 0 0 0 0 0 0 0 0 0 0 0 0 0 0 0 0 0 0 0 0 0 0 0 0 0 0 0 0 0 0 0 0 0 0 0 0 0 0 0 0 0 0 0 0 0 0 0 0 0 0 0 0 0 0 0 0 0 0 0 0 0 0 0 0 0 0 0 0 0 0 0 0 0 0 0 0 0 0 0 0 0 0 0 0 0 0 0 0 0 0 0 0 0 0 0 0 0 0 0 0 0 0 0 0 0 0 0 
[CCD拟图]
CCDLRC0=71 122 110 
CCDLRC1=71 122 110 
CCDLRC2=0 0 0 
[反馈数据]
0=50
1=100
2=75
3=4928
4=2100
5=1750
6=25
7=0
8=0
9=0
10=22
11=1493
12=1547
[控制固参]
0=0
