[CCD原图]
CCD0=54 61 66 66 74 75 79 77 79 76 79 76 79 75 78 76 78 77 80 78 81 78 76 78 81 80 82 80 83 80 82 82 84 82 85 83 86 83 86 84 85 82 82 79 80 76 82 90 102 113 128 137 138 138 143 138 143 143 144 143 146 135 148 140 144 142 141 141 142 139 142 140 142 137 141 138 140 137 138 137 139 133 138 134 135 133 133 136 134 133 133 130 132 129 131 130 132 127 130 128 129 124 128 124 125 126 127 128 125 124 124 122 120 110 104 93 88 80 77 75 78 78 80 79 81 80 83 81 
CCD1=0 0 0 0 0 0 0 0 0 0 0 0 0 0 0 0 0 0 0 0 0 0 0 0 0 0 0 0 0 0 0 0 0 0 0 0 0 0 0 0 0 0 0 0 0 0 0 0 0 0 0 0 0 0 0 0 0 0 0 0 0 0 0 0 0 0 0 0 0 0 0 0 0 0 0 0 0 0 0 0 0 0 0 0 0 0 0 0 0 0 0 0 0 0 0 0 0 0 0 0 0 0 0 0 0 0 0 0 0 0 0 0 0 0 0 0 0 0 0 0 0 0 0 0 0 0 0 0 
[CCD拟图]
CCDLRC0=50 122 89 
CCDLRC1=50 122 89 
CCDLRC2=0 0 0 
[反馈数据]
0=50
1=100
2=75
3=4928
4=2100
5=1750
6=25
7=0
8=0
9=0
10=27
11=1498
12=1552
[控制固参]
0=0
