[CCD原图]
CCD0=56 64 72 76 93 106 120 123 129 122 124 121 123 118 121 121 121 120 124 121 125 122 114 120 126 124 126 123 126 124 125 125 127 127 129 128 131 126 131 129 130 128 132 130 135 131 134 133 136 134 135 134 131 130 133 129 134 133 135 136 138 130 141 135 139 137 137 137 138 135 137 136 137 129 127 112 102 90 86 79 79 78 82 81 83 82 83 83 83 82 82 80 82 80 81 80 81 78 81 79 80 77 79 78 79 77 78 77 78 76 78 76 78 75 77 75 77 75 77 75 77 75 77 74 76 75 79 76 
CCD1=0 0 0 0 0 0 0 0 0 0 0 0 0 0 0 0 0 0 0 0 0 0 0 0 0 0 0 0 0 0 0 0 0 0 0 0 0 0 0 0 0 0 0 0 0 0 0 0 0 0 0 0 0 0 0 0 0 0 0 0 0 0 0 0 0 0 0 0 0 0 0 0 0 0 0 0 0 0 0 0 0 0 0 0 0 0 0 0 0 0 0 0 0 0 0 0 0 0 0 0 0 0 0 0 0 0 0 0 0 0 0 0 0 0 0 0 0 0 0 0 0 0 0 0 0 0 0 0 
[CCD拟图]
CCDLRC0=8 87 47 
CCDLRC1=8 87 47 
CCDLRC2=0 0 0 
[反馈数据]
0=50
1=100
2=75
3=4928
4=2100
5=1750
6=25
7=0
8=0
9=0
10=33
11=1504
12=1558
[控制固参]
0=0
