[CCD原图]
CCD0=59 69 79 86 105 115 125 122 124 119 121 118 121 117 119 119 120 120 126 125 133 133 126 138 147 146 149 144 145 140 138 135 134 132 133 131 133 128 132 131 130 129 132 129 133 130 133 133 136 134 136 135 133 131 135 130 134 127 116 99 88 80 83 80 83 83 87 86 88 85 88 85 87 83 87 84 86 84 86 83 85 82 85 82 84 82 83 82 83 81 82 80 82 80 82 81 82 79 82 80 81 79 81 79 80 79 80 78 79 77 79 77 79 76 78 76 78 76 78 76 78 76 78 76 78 76 79 78 
CCD1=0 0 0 0 0 0 0 0 0 0 0 0 0 0 0 0 0 0 0 0 0 0 0 0 0 0 0 0 0 0 0 0 0 0 0 0 0 0 0 0 0 0 0 0 0 0 0 0 0 0 0 0 0 0 0 0 0 0 0 0 0 0 0 0 0 0 0 0 0 0 0 0 0 0 0 0 0 0 0 0 0 0 0 0 0 0 0 0 0 0 0 0 0 0 0 0 0 0 0 0 0 0 0 0 0 0 0 0 0 0 0 0 0 0 0 0 0 0 0 0 0 0 0 0 0 0 0 0 
[CCD拟图]
CCDLRC0=6 57 18 
CCDLRC1=6 57 18 
CCDLRC2=0 0 0 
[反馈数据]
0=50
1=100
2=75
3=4928
4=2100
5=1750
6=25
7=0
8=0
9=0
10=76
11=1547
12=1601
[控制固参]
0=0
