[CCD原图]
CCD0=54 62 67 67 75 76 81 78 82 78 81 78 82 79 81 79 80 79 82 76 76 74 76 92 111 113 118 117 121 119 119 120 123 124 128 128 133 130 136 137 137 137 141 139 144 140 143 143 145 140 139 137 133 131 134 129 132 131 133 132 134 126 136 130 133 131 131 131 133 129 132 130 132 126 131 129 131 129 131 130 134 130 133 132 134 131 131 131 125 116 93 79 81 77 81 82 85 82 84 81 82 80 81 79 80 79 80 78 80 76 78 76 78 75 77 75 76 74 76 74 76 74 75 73 74 72 76 73 
CCD1=0 0 0 0 0 0 0 0 0 0 0 0 0 0 0 0 0 0 0 0 0 0 0 0 0 0 0 0 0 0 0 0 0 0 0 0 0 0 0 0 0 0 0 0 0 0 0 0 0 0 0 0 0 0 0 0 0 0 0 0 0 0 0 0 0 0 0 0 0 0 0 0 0 0 0 0 0 0 0 0 0 0 0 0 0 0 0 0 0 0 0 0 0 0 0 0 0 0 0 0 0 0 0 0 0 0 0 0 0 0 0 0 0 0 0 0 0 0 0 0 0 0 0 0 0 0 0 0 
[CCD拟图]
CCDLRC0=23 90 56 
CCDLRC1=23 90 56 
CCDLRC2=0 0 0 
[反馈数据]
0=64
1=122
2=103
3=5290
4=1900
5=1850
6=39
7=1
8=0
9=0
10=253
11=683
12=165
[控制固参]
0=0
