[CCD原图]
CCD0=54 61 67 67 75 76 81 79 82 79 81 78 81 78 81 79 80 78 81 77 78 76 75 74 75 72 79 92 111 115 120 120 123 124 128 128 134 130 136 137 140 142 146 144 149 146 147 144 143 138 137 136 133 132 134 130 134 132 134 134 135 127 138 130 134 132 132 132 133 130 133 131 133 128 131 128 130 129 132 131 134 130 134 131 132 129 132 137 135 133 127 105 85 77 78 76 78 78 82 80 83 79 82 79 80 79 80 78 79 77 78 76 78 75 76 74 76 74 76 74 75 73 75 72 74 73 76 74 
CCD1=0 0 0 0 0 0 0 0 0 0 0 0 0 0 0 0 0 0 0 0 0 0 0 0 0 0 0 0 0 0 0 0 0 0 0 0 0 0 0 0 0 0 0 0 0 0 0 0 0 0 0 0 0 0 0 0 0 0 0 0 0 0 0 0 0 0 0 0 0 0 0 0 0 0 0 0 0 0 0 0 0 0 0 0 0 0 0 0 0 0 0 0 0 0 0 0 0 0 0 0 0 0 0 0 0 0 0 0 0 0 0 0 0 0 0 0 0 0 0 0 0 0 0 0 0 0 0 0 
[CCD拟图]
CCDLRC0=25 91 58 
CCDLRC1=25 91 58 
CCDLRC2=0 0 0 
[反馈数据]
0=64
1=122
2=103
3=5290
4=1900
5=1850
6=39
7=1
8=0
9=0
10=255
11=685
12=167
[控制固参]
0=0
