[CCD原图]
CCD0=54 61 67 67 74 76 81 78 81 78 81 78 80 77 80 78 80 78 81 79 82 79 78 79 82 77 76 73 75 73 76 83 100 114 125 128 134 131 139 141 143 140 142 140 145 139 140 140 140 137 136 134 132 131 135 130 135 133 134 134 136 127 139 132 134 132 132 132 132 128 131 128 131 125 130 128 131 129 132 132 136 131 137 136 143 147 154 160 153 145 137 130 130 126 128 126 125 121 122 120 109 87 80 77 77 76 79 77 78 76 78 77 78 76 78 75 78 76 77 75 76 74 76 74 74 73 75 74 
CCD1=0 0 0 0 0 0 0 0 0 0 0 0 0 0 0 0 0 0 0 0 0 0 0 0 0 0 0 0 0 0 0 0 0 0 0 0 0 0 0 0 0 0 0 0 0 0 0 0 0 0 0 0 0 0 0 0 0 0 0 0 0 0 0 0 0 0 0 0 0 0 0 0 0 0 0 0 0 0 0 0 0 0 0 0 0 0 0 0 0 0 0 0 0 0 0 0 0 0 0 0 0 0 0 0 0 0 0 0 0 0 0 0 0 0 0 0 0 0 0 0 0 0 0 0 0 0 0 0 
[CCD拟图]
CCDLRC0=29 99 64 
CCDLRC1=29 99 64 
CCDLRC2=0 0 0 
[反馈数据]
0=64
1=122
2=103
3=5290
4=1900
5=1850
6=39
7=1
8=0
9=0
10=5
11=691
12=173
[控制固参]
0=0
