[CCD原图]
CCD0=54 61 67 67 74 76 81 78 81 78 81 78 80 78 79 78 79 78 81 79 82 79 78 79 82 78 76 73 75 73 75 80 96 110 123 127 133 131 140 142 143 141 145 144 148 141 142 142 142 138 137 135 131 131 135 130 134 133 134 134 136 127 138 130 134 131 131 130 131 128 131 129 131 126 132 129 132 131 133 134 139 135 140 139 145 147 153 160 156 152 144 136 133 127 129 127 128 123 125 123 121 115 107 86 80 76 77 75 77 73 75 73 76 76 79 76 78 76 78 76 76 74 77 74 75 74 76 74 
CCD1=0 0 0 0 0 0 0 0 0 0 0 0 0 0 0 0 0 0 0 0 0 0 0 0 0 0 0 0 0 0 0 0 0 0 0 0 0 0 0 0 0 0 0 0 0 0 0 0 0 0 0 0 0 0 0 0 0 0 0 0 0 0 0 0 0 0 0 0 0 0 0 0 0 0 0 0 0 0 0 0 0 0 0 0 0 0 0 0 0 0 0 0 0 0 0 0 0 0 0 0 0 0 0 0 0 0 0 0 0 0 0 0 0 0 0 0 0 0 0 0 0 0 0 0 0 0 0 0 
[CCD拟图]
CCDLRC0=32 101 66 
CCDLRC1=32 101 66 
CCDLRC2=0 0 0 
[反馈数据]
0=64
1=122
2=103
3=5290
4=1900
5=1850
6=39
7=1
8=0
9=0
10=6
11=692
12=174
[控制固参]
0=0
