[CCD原图]
CCD0=54 61 66 67 75 76 81 79 81 79 82 79 80 77 79 77 79 77 80 78 81 78 77 78 82 80 84 81 84 81 83 83 85 85 87 86 89 87 91 89 87 78 79 77 80 103 133 136 138 136 136 134 131 130 134 129 134 132 134 134 137 128 139 132 137 134 135 135 136 133 135 135 136 132 136 133 135 133 136 134 136 132 136 135 139 144 156 169 175 180 175 169 163 150 142 135 133 127 128 126 126 121 124 120 120 120 122 122 117 115 108 90 79 73 76 74 76 75 78 76 78 76 78 75 77 75 78 75 
CCD1=0 0 0 0 0 0 0 0 0 0 0 0 0 0 0 0 0 0 0 0 0 0 0 0 0 0 0 0 0 0 0 0 0 0 0 0 0 0 0 0 0 0 0 0 0 0 0 0 0 0 0 0 0 0 0 0 0 0 0 0 0 0 0 0 0 0 0 0 0 0 0 0 0 0 0 0 0 0 0 0 0 0 0 0 0 0 0 0 0 0 0 0 0 0 0 0 0 0 0 0 0 0 0 0 0 0 0 0 0 0 0 0 0 0 0 0 0 0 0 0 0 0 0 0 0 0 0 0 
[CCD拟图]
CCDLRC0=45 111 78 
CCDLRC1=45 111 78 
CCDLRC2=0 0 0 
[反馈数据]
0=64
1=122
2=103
3=5290
4=1900
5=1850
6=39
7=1
8=0
9=0
10=20
11=706
12=188
[控制固参]
0=0
