[CCD原图]
CCD0=53 60 66 66 74 77 81 79 81 78 81 78 80 78 79 77 79 78 80 78 81 78 78 78 82 80 82 80 84 82 84 83 85 85 87 85 86 81 84 83 86 90 108 121 135 136 142 143 143 137 136 134 132 131 135 130 134 133 134 134 137 128 140 132 137 135 135 135 136 133 136 135 136 131 136 133 136 134 135 134 137 132 136 135 139 141 153 170 177 181 176 167 160 147 141 135 133 127 129 127 126 121 124 120 119 121 121 121 117 115 109 92 80 74 76 73 75 74 79 77 78 76 78 75 74 72 75 75 
CCD1=0 0 0 0 0 0 0 0 0 0 0 0 0 0 0 0 0 0 0 0 0 0 0 0 0 0 0 0 0 0 0 0 0 0 0 0 0 0 0 0 0 0 0 0 0 0 0 0 0 0 0 0 0 0 0 0 0 0 0 0 0 0 0 0 0 0 0 0 0 0 0 0 0 0 0 0 0 0 0 0 0 0 0 0 0 0 0 0 0 0 0 0 0 0 0 0 0 0 0 0 0 0 0 0 0 0 0 0 0 0 0 0 0 0 0 0 0 0 0 0 0 0 0 0 0 0 0 0 
[CCD拟图]
CCDLRC0=44 112 78 
CCDLRC1=44 112 78 
CCDLRC2=0 0 0 
[反馈数据]
0=64
1=122
2=103
3=5290
4=1900
5=1850
6=39
7=1
8=0
9=0
10=22
11=708
12=190
[控制固参]
0=0
