[CCD原图]
CCD0=54 62 67 68 76 77 82 78 82 78 81 78 81 75 75 72 74 73 81 94 112 116 111 118 127 126 130 129 132 130 131 131 132 132 134 133 135 130 135 134 134 133 137 134 139 136 137 136 140 137 138 138 136 135 140 135 140 138 139 141 143 133 145 138 143 141 139 139 140 136 139 138 140 135 140 138 141 140 141 140 142 137 140 136 132 103 83 78 80 78 81 78 81 77 80 78 82 81 84 82 83 80 82 80 81 80 81 79 80 78 80 77 79 76 78 75 78 76 77 75 77 75 75 72 72 69 72 71 
CCD1=0 0 0 0 0 0 0 0 0 0 0 0 0 0 0 0 0 0 0 0 0 0 0 0 0 0 0 0 0 0 0 0 0 0 0 0 0 0 0 0 0 0 0 0 0 0 0 0 0 0 0 0 0 0 0 0 0 0 0 0 0 0 0 0 0 0 0 0 0 0 0 0 0 0 0 0 0 0 0 0 0 0 0 0 0 0 0 0 0 0 0 0 0 0 0 0 0 0 0 0 0 0 0 0 0 0 0 0 0 0 0 0 0 0 0 0 0 0 0 0 0 0 0 0 0 0 0 0 
[CCD拟图]
CCDLRC0=18 85 51 
CCDLRC1=18 85 51 
CCDLRC2=0 0 0 
[反馈数据]
0=64
1=122
2=103
3=5290
4=1900
5=1850
6=39
7=1
8=0
9=0
10=43
11=729
12=211
[控制固参]
0=0
