[CCD原图]
CCD0=54 61 67 67 73 75 79 77 80 77 79 77 79 77 79 76 75 74 79 97 116 115 108 115 122 120 122 121 123 121 123 122 124 124 126 125 129 123 128 128 127 126 129 127 132 128 132 131 135 133 135 134 132 132 135 131 135 134 135 135 138 129 140 133 138 136 136 136 136 134 137 135 137 130 135 132 134 131 132 130 133 126 130 127 127 123 116 95 80 76 77 75 78 77 81 80 83 80 82 80 82 78 81 78 80 78 80 78 79 77 79 76 78 75 77 75 77 75 76 74 75 70 70 68 71 72 74 73 
CCD1=0 0 0 0 0 0 0 0 0 0 0 0 0 0 0 0 0 0 0 0 0 0 0 0 0 0 0 0 0 0 0 0 0 0 0 0 0 0 0 0 0 0 0 0 0 0 0 0 0 0 0 0 0 0 0 0 0 0 0 0 0 0 0 0 0 0 0 0 0 0 0 0 0 0 0 0 0 0 0 0 0 0 0 0 0 0 0 0 0 0 0 0 0 0 0 0 0 0 0 0 0 0 0 0 0 0 0 0 0 0 0 0 0 0 0 0 0 0 0 0 0 0 0 0 0 0 0 0 
[CCD拟图]
CCDLRC0=19 89 54 
CCDLRC1=19 89 54 
CCDLRC2=0 0 0 
[反馈数据]
0=64
1=122
2=103
3=5290
4=1900
5=1850
6=39
7=1
8=0
9=0
10=111
11=797
12=279
[控制固参]
0=0
