[CCD原图]
CCD0=54 62 67 67 74 74 80 77 80 77 80 77 80 77 79 75 75 74 80 99 117 116 109 115 122 119 123 120 123 122 122 122 124 124 126 125 129 124 129 128 128 127 129 127 132 129 131 131 134 133 134 134 132 131 135 131 136 134 135 135 137 128 141 134 138 136 135 135 137 133 136 134 137 130 135 131 133 132 132 131 132 127 130 127 126 119 94 78 78 76 79 80 83 80 82 81 82 79 81 79 80 78 80 78 79 77 79 77 78 77 78 75 78 75 76 75 77 74 76 74 76 73 71 68 70 71 74 73 
CCD1=0 0 0 0 0 0 0 0 0 0 0 0 0 0 0 0 0 0 0 0 0 0 0 0 0 0 0 0 0 0 0 0 0 0 0 0 0 0 0 0 0 0 0 0 0 0 0 0 0 0 0 0 0 0 0 0 0 0 0 0 0 0 0 0 0 0 0 0 0 0 0 0 0 0 0 0 0 0 0 0 0 0 0 0 0 0 0 0 0 0 0 0 0 0 0 0 0 0 0 0 0 0 0 0 0 0 0 0 0 0 0 0 0 0 0 0 0 0 0 0 0 0 0 0 0 0 0 0 
[CCD拟图]
CCDLRC0=18 86 52 
CCDLRC1=18 86 52 
CCDLRC2=0 0 0 
[反馈数据]
0=64
1=122
2=103
3=5290
4=1900
5=1850
6=39
7=1
8=0
9=0
10=115
11=801
12=283
[控制固参]
0=0
