[CCD原图]
CCD0=57 67 76 82 99 108 117 114 117 111 113 110 112 108 111 111 111 110 114 111 115 112 105 110 116 113 117 115 118 116 116 117 119 118 120 119 123 117 122 121 119 114 112 102 98 86 81 76 76 74 77 76 80 80 84 81 83 82 83 81 84 79 84 81 83 81 83 81 83 80 83 81 82 79 81 79 82 79 81 79 81 78 81 78 80 77 79 77 79 77 78 76 78 76 78 76 78 75 78 75 77 74 77 74 76 74 76 75 76 74 76 74 75 73 75 73 76 73 75 73 75 73 74 73 75 73 75 72 
CCD1=0 0 0 0 0 0 0 0 0 0 0 0 0 0 0 0 0 0 0 0 0 0 0 0 0 0 0 0 0 0 0 0 0 0 0 0 0 0 0 0 0 0 0 0 0 0 0 0 0 0 0 0 0 0 0 0 0 0 0 0 0 0 0 0 0 0 0 0 0 0 0 0 0 0 0 0 0 0 0 0 0 0 0 0 0 0 0 0 0 0 0 0 0 0 0 0 0 0 0 0 0 0 0 0 0 0 0 0 0 0 0 0 0 0 0 0 0 0 0 0 0 0 0 0 0 0 0 0 
[CCD拟图]
CCDLRC0=6 51 13 
CCDLRC1=6 51 13 
CCDLRC2=0 0 0 
[反馈数据]
0=64
1=122
2=103
3=5290
4=1900
5=1850
6=39
7=1
8=0
9=0
10=133
11=819
12=301
[控制固参]
0=0
