[CCD原图]
CCD0=52 59 65 65 72 73 77 74 77 73 76 73 76 73 75 73 74 74 77 74 77 74 74 74 78 75 78 75 78 76 77 76 78 76 78 76 79 75 79 76 79 76 78 76 79 76 79 77 79 77 80 78 79 77 80 77 80 78 80 79 80 76 80 76 78 76 78 76 78 75 78 75 77 75 77 75 77 75 77 75 78 75 77 74 77 74 76 75 76 74 75 74 75 73 75 73 75 73 75 73 75 73 74 72 73 72 74 73 74 72 74 72 74 72 74 71 74 72 74 72 74 72 73 72 73 72 73 71 
CCD1=0 0 0 0 0 0 0 0 0 0 0 0 0 0 0 0 0 0 0 0 0 0 0 0 0 0 0 0 0 0 0 0 0 0 0 0 0 0 0 0 0 0 0 0 0 0 0 0 0 0 0 0 0 0 0 0 0 0 0 0 0 0 0 0 0 0 0 0 0 0 0 0 0 0 0 0 0 0 0 0 0 0 0 0 0 0 0 0 0 0 0 0 0 0 0 0 0 0 0 0 0 0 0 0 0 0 0 0 0 0 0 0 0 0 0 0 0 0 0 0 0 0 0 0 0 0 0 0 
[CCD拟图]
CCDLRC0=6 122 10 
CCDLRC1=6 122 10 
CCDLRC2=0 0 0 
[反馈数据]
0=64
1=122
2=103
3=5290
4=1900
5=1850
6=39
7=1
8=0
9=0
10=152
11=838
12=320
[控制固参]
0=0
