[CCD原图]
CCD0=55 63 69 69 78 80 85 82 85 82 83 81 88 91 99 105 112 115 121 120 124 121 113 120 127 125 127 126 128 126 126 126 127 126 129 128 132 127 132 132 133 131 134 132 138 135 138 138 142 140 143 143 141 140 144 138 144 142 143 142 144 135 146 138 141 139 138 139 139 136 138 137 139 132 138 134 136 132 129 120 115 103 98 89 86 82 86 85 87 86 86 84 86 84 85 84 85 82 84 83 83 81 84 81 82 81 82 81 81 80 81 79 81 77 81 78 80 78 80 78 79 77 80 77 78 78 81 79 
CCD1=0 0 0 0 0 0 0 0 0 0 0 0 0 0 0 0 0 0 0 0 0 0 0 0 0 0 0 0 0 0 0 0 0 0 0 0 0 0 0 0 0 0 0 0 0 0 0 0 0 0 0 0 0 0 0 0 0 0 0 0 0 0 0 0 0 0 0 0 0 0 0 0 0 0 0 0 0 0 0 0 0 0 0 0 0 0 0 0 0 0 0 0 0 0 0 0 0 0 0 0 0 0 0 0 0 0 0 0 0 0 0 0 0 0 0 0 0 0 0 0 0 0 0 0 0 0 0 0 
[CCD拟图]
CCDLRC0=9 75 42 
CCDLRC1=9 75 42 
CCDLRC2=0 0 0 
[反馈数据]
0=64
1=122
2=103
3=5290
4=1900
5=1850
6=39
7=1
8=0
9=0
10=178
11=864
12=346
[控制固参]
0=0
