[CCD原图]
CCD0=54 62 68 67 75 77 83 81 84 81 84 81 82 80 82 81 82 81 84 82 85 82 81 82 86 84 86 84 86 83 82 79 80 79 80 77 79 76 80 82 87 91 101 104 116 120 128 135 142 143 145 145 142 142 145 140 145 143 146 146 148 138 152 144 149 148 147 148 149 147 151 150 153 148 153 151 154 152 153 152 154 147 152 148 148 145 145 146 142 140 137 134 136 132 134 133 134 129 132 132 131 127 129 126 127 128 129 129 126 125 125 125 126 120 124 119 118 110 104 91 83 77 78 77 80 81 85 84 
CCD1=0 0 0 0 0 0 0 0 0 0 0 0 0 0 0 0 0 0 0 0 0 0 0 0 0 0 0 0 0 0 0 0 0 0 0 0 0 0 0 0 0 0 0 0 0 0 0 0 0 0 0 0 0 0 0 0 0 0 0 0 0 0 0 0 0 0 0 0 0 0 0 0 0 0 0 0 0 0 0 0 0 0 0 0 0 0 0 0 0 0 0 0 0 0 0 0 0 0 0 0 0 0 0 0 0 0 0 0 0 0 0 0 0 0 0 0 0 0 0 0 0 0 0 0 0 0 0 0 
[CCD拟图]
CCDLRC0=51 122 86 
CCDLRC1=51 122 86 
CCDLRC2=0 0 0 
[反馈数据]
0=64
1=122
2=103
3=5290
4=1900
5=1850
6=39
7=1
8=0
9=0
10=206
11=892
12=374
[控制固参]
0=0
