[CCD原图]
CCD0=54 61 66 67 74 75 80 77 79 76 79 76 78 75 78 77 79 76 80 78 81 79 78 80 84 81 84 82 85 82 85 83 85 83 86 84 88 84 88 87 88 86 88 85 89 86 88 87 89 88 90 88 89 87 90 87 90 88 90 89 91 86 91 88 90 88 89 89 89 87 90 88 91 87 90 88 90 88 90 89 91 87 90 88 89 87 89 88 88 86 88 85 88 85 87 85 87 84 86 84 85 82 84 82 83 82 83 82 83 81 83 81 82 79 82 79 82 80 82 79 82 80 82 79 81 81 83 82 
CCD1=0 0 0 0 0 0 0 0 0 0 0 0 0 0 0 0 0 0 0 0 0 0 0 0 0 0 0 0 0 0 0 0 0 0 0 0 0 0 0 0 0 0 0 0 0 0 0 0 0 0 0 0 0 0 0 0 0 0 0 0 0 0 0 0 0 0 0 0 0 0 0 0 0 0 0 0 0 0 0 0 0 0 0 0 0 0 0 0 0 0 0 0 0 0 0 0 0 0 0 0 0 0 0 0 0 0 0 0 0 0 0 0 0 0 0 0 0 0 0 0 0 0 0 0 0 0 0 0 
[CCD拟图]
CCDLRC0=6 122 6 
CCDLRC1=6 122 6 
CCDLRC2=0 0 0 
[反馈数据]
0=64
1=122
2=103
3=5290
4=1900
5=1850
6=39
7=1
8=0
9=0
10=235
11=921
12=403
[控制固参]
0=0
