[CCD原图]
CCD0=53 61 66 67 73 74 79 76 79 75 78 75 78 74 77 75 77 76 79 77 80 77 76 76 80 78 80 78 81 78 80 79 81 80 82 80 83 79 82 80 82 80 82 80 84 80 83 82 84 82 84 83 83 81 84 81 84 83 85 83 86 82 87 82 86 83 85 84 85 83 86 84 86 83 86 84 85 83 86 83 86 83 86 83 85 82 83 80 81 78 78 75 76 74 76 75 78 76 80 83 90 98 111 117 123 127 129 131 130 130 131 131 133 127 132 129 132 131 132 129 129 129 131 130 128 137 145 146 
CCD1=0 0 0 0 0 0 0 0 0 0 0 0 0 0 0 0 0 0 0 0 0 0 0 0 0 0 0 0 0 0 0 0 0 0 0 0 0 0 0 0 0 0 0 0 0 0 0 0 0 0 0 0 0 0 0 0 0 0 0 0 0 0 0 0 0 0 0 0 0 0 0 0 0 0 0 0 0 0 0 0 0 0 0 0 0 0 0 0 0 0 0 0 0 0 0 0 0 0 0 0 0 0 0 0 0 0 0 0 0 0 0 0 0 0 0 0 0 0 0 0 0 0 0 0 0 0 0 0 
[CCD拟图]
CCDLRC0=6 122 10 
CCDLRC1=6 122 10 
CCDLRC2=0 0 0 
[反馈数据]
0=64
1=122
2=103
3=5290
4=1900
5=1850
6=39
7=1
8=0
9=0
10=250
11=936
12=418
[控制固参]
0=0
