[CCD原图]
CCD0=53 61 66 66 73 74 78 75 78 74 77 74 77 73 75 72 74 72 75 73 77 76 76 75 79 77 79 77 80 78 80 78 80 79 81 79 82 78 82 80 82 80 82 79 83 81 83 81 84 82 84 82 83 81 84 81 84 82 84 83 85 80 85 82 85 83 84 83 84 81 85 83 84 81 84 82 84 82 84 82 84 81 84 82 84 81 83 82 84 82 83 80 82 80 83 81 82 79 82 80 82 79 81 79 80 79 81 80 81 79 80 79 80 77 79 76 79 78 82 87 97 106 116 118 118 124 129 129 
CCD1=0 0 0 0 0 0 0 0 0 0 0 0 0 0 0 0 0 0 0 0 0 0 0 0 0 0 0 0 0 0 0 0 0 0 0 0 0 0 0 0 0 0 0 0 0 0 0 0 0 0 0 0 0 0 0 0 0 0 0 0 0 0 0 0 0 0 0 0 0 0 0 0 0 0 0 0 0 0 0 0 0 0 0 0 0 0 0 0 0 0 0 0 0 0 0 0 0 0 0 0 0 0 0 0 0 0 0 0 0 0 0 0 0 0 0 0 0 0 0 0 0 0 0 0 0 0 0 0 
[CCD拟图]
CCDLRC0=6 122 10 
CCDLRC1=6 122 10 
CCDLRC2=0 0 0 
[反馈数据]
0=64
1=122
2=103
3=5290
4=1900
5=1850
6=39
7=1
8=0
9=0
10=2
11=944
12=426
[控制固参]
0=0
