[CCD原图]
CCD0=53 60 66 66 74 74 78 76 79 75 78 75 77 74 77 75 77 75 78 75 78 76 75 75 79 76 78 75 76 74 76 75 77 76 79 78 81 78 81 79 81 78 81 79 82 79 82 81 83 81 83 81 82 81 84 80 83 82 84 82 85 80 85 82 84 82 84 82 84 81 83 82 84 81 84 81 84 82 84 82 84 81 84 81 83 80 83 82 83 81 82 80 82 80 83 81 83 80 82 80 82 79 81 79 80 79 81 79 80 79 80 78 80 77 80 78 80 77 80 78 79 77 78 75 75 73 75 73 
CCD1=0 0 0 0 0 0 0 0 0 0 0 0 0 0 0 0 0 0 0 0 0 0 0 0 0 0 0 0 0 0 0 0 0 0 0 0 0 0 0 0 0 0 0 0 0 0 0 0 0 0 0 0 0 0 0 0 0 0 0 0 0 0 0 0 0 0 0 0 0 0 0 0 0 0 0 0 0 0 0 0 0 0 0 0 0 0 0 0 0 0 0 0 0 0 0 0 0 0 0 0 0 0 0 0 0 0 0 0 0 0 0 0 0 0 0 0 0 0 0 0 0 0 0 0 0 0 0 0 
[CCD拟图]
CCDLRC0=6 122 10 
CCDLRC1=6 122 10 
CCDLRC2=0 0 0 
[反馈数据]
0=64
1=122
2=103
3=5290
4=1900
5=1850
6=39
7=1
8=0
9=0
10=5
11=947
12=429
[控制固参]
0=0
