[CCD原图]
CCD0=53 59 65 65 71 71 76 73 76 72 75 72 74 72 75 73 74 73 76 74 76 74 74 74 77 75 78 75 77 76 77 76 77 76 78 76 79 76 79 77 79 77 79 77 80 77 80 78 80 79 81 79 81 78 81 79 81 79 82 80 83 79 83 80 82 81 83 81 82 80 83 81 83 80 84 80 83 81 83 81 84 81 83 81 83 81 83 82 83 82 83 81 83 80 83 81 83 80 82 79 80 76 79 75 76 73 75 74 76 76 81 81 85 87 95 96 103 105 110 110 113 113 117 114 114 119 124 124 
CCD1=0 0 0 0 0 0 0 0 0 0 0 0 0 0 0 0 0 0 0 0 0 0 0 0 0 0 0 0 0 0 0 0 0 0 0 0 0 0 0 0 0 0 0 0 0 0 0 0 0 0 0 0 0 0 0 0 0 0 0 0 0 0 0 0 0 0 0 0 0 0 0 0 0 0 0 0 0 0 0 0 0 0 0 0 0 0 0 0 0 0 0 0 0 0 0 0 0 0 0 0 0 0 0 0 0 0 0 0 0 0 0 0 0 0 0 0 0 0 0 0 0 0 0 0 0 0 0 0 
[CCD拟图]
CCDLRC0=6 122 35 
CCDLRC1=6 122 35 
CCDLRC2=0 0 0 
[反馈数据]
0=64
1=122
2=103
3=5290
4=1900
5=1850
6=39
7=1
8=0
9=0
10=52
11=994
12=476
[控制固参]
0=0
