[CCD原图]
CCD0=52 60 65 65 71 71 75 72 74 72 74 71 73 71 73 71 72 70 71 68 70 68 69 68 72 72 75 74 76 75 76 75 76 76 78 76 78 75 78 77 78 76 78 76 79 76 78 78 79 78 80 78 79 77 80 77 80 79 80 79 81 77 82 79 81 79 80 79 81 79 81 79 81 77 80 78 80 78 80 77 80 77 80 78 79 77 80 77 79 78 79 77 79 77 79 77 79 76 79 77 79 77 79 76 78 77 79 78 79 77 78 77 78 75 78 75 78 75 77 76 77 75 78 75 77 76 79 78 
CCD1=0 0 0 0 0 0 0 0 0 0 0 0 0 0 0 0 0 0 0 0 0 0 0 0 0 0 0 0 0 0 0 0 0 0 0 0 0 0 0 0 0 0 0 0 0 0 0 0 0 0 0 0 0 0 0 0 0 0 0 0 0 0 0 0 0 0 0 0 0 0 0 0 0 0 0 0 0 0 0 0 0 0 0 0 0 0 0 0 0 0 0 0 0 0 0 0 0 0 0 0 0 0 0 0 0 0 0 0 0 0 0 0 0 0 0 0 0 0 0 0 0 0 0 0 0 0 0 0 
[CCD拟图]
CCDLRC0=6 122 10 
CCDLRC1=6 122 10 
CCDLRC2=0 0 0 
[反馈数据]
0=64
1=122
2=103
3=5290
4=1900
5=1850
6=39
7=1
8=0
9=0
10=62
11=1004
12=486
[控制固参]
0=0
