[CCD原图]
CCD0=58 67 77 82 99 108 118 115 117 112 114 110 113 109 111 111 111 110 114 112 116 112 105 111 117 116 119 116 120 117 118 118 120 120 122 121 125 120 125 124 124 123 126 123 128 123 126 127 130 128 130 130 128 127 130 127 131 129 131 130 132 123 133 125 128 124 123 120 118 113 114 109 109 102 104 99 99 95 95 92 93 89 92 89 90 87 87 86 86 84 84 81 83 79 82 79 80 77 79 77 79 76 79 77 77 76 78 76 78 75 77 75 76 73 75 72 75 74 76 75 77 76 78 76 78 77 80 79 
CCD1=0 0 0 0 0 0 0 0 0 0 0 0 0 0 0 0 0 0 0 0 0 0 0 0 0 0 0 0 0 0 0 0 0 0 0 0 0 0 0 0 0 0 0 0 0 0 0 0 0 0 0 0 0 0 0 0 0 0 0 0 0 0 0 0 0 0 0 0 0 0 0 0 0 0 0 0 0 0 0 0 0 0 0 0 0 0 0 0 0 0 0 0 0 0 0 0 0 0 0 0 0 0 0 0 0 0 0 0 0 0 0 0 0 0 0 0 0 0 0 0 0 0 0 0 0 0 0 0 
[CCD拟图]
CCDLRC0=6 122 6 
CCDLRC1=6 122 6 
CCDLRC2=0 0 0 
[反馈数据]
0=64
1=122
2=103
3=5290
4=1900
5=1850
6=39
7=1
8=0
9=0
10=115
11=1057
12=539
[控制固参]
0=0
