[CCD原图]
CCD0=58 68 77 82 99 109 118 115 117 112 114 111 114 110 112 112 112 112 115 113 117 113 106 111 118 116 118 116 120 117 119 118 120 120 123 121 125 120 125 125 125 123 125 123 128 125 126 127 130 128 130 128 126 126 129 124 130 127 129 127 128 118 128 119 121 116 113 109 105 99 97 91 88 81 83 78 80 77 78 76 78 75 77 75 77 74 77 76 77 76 79 78 81 80 83 81 82 80 83 81 82 79 82 79 80 79 80 79 81 79 80 78 79 77 79 76 79 77 78 75 76 75 77 76 78 77 80 78 
CCD1=0 0 0 0 0 0 0 0 0 0 0 0 0 0 0 0 0 0 0 0 0 0 0 0 0 0 0 0 0 0 0 0 0 0 0 0 0 0 0 0 0 0 0 0 0 0 0 0 0 0 0 0 0 0 0 0 0 0 0 0 0 0 0 0 0 0 0 0 0 0 0 0 0 0 0 0 0 0 0 0 0 0 0 0 0 0 0 0 0 0 0 0 0 0 0 0 0 0 0 0 0 0 0 0 0 0 0 0 0 0 0 0 0 0 0 0 0 0 0 0 0 0 0 0 0 0 0 0 
[CCD拟图]
CCDLRC0=6 122 6 
CCDLRC1=6 122 6 
CCDLRC2=0 0 0 
[反馈数据]
0=64
1=122
2=103
3=5290
4=1900
5=1850
6=39
7=1
8=0
9=0
10=116
11=1058
12=540
[控制固参]
0=0
