[CCD原图]
CCD0=60 70 80 87 106 117 127 125 128 122 125 121 124 121 123 124 124 123 127 125 130 126 116 124 131 128 131 128 132 129 129 128 130 129 130 129 131 126 132 132 133 132 135 132 136 133 135 135 137 135 137 136 134 133 136 131 136 134 136 135 137 129 140 134 137 135 134 134 135 132 134 133 133 125 126 120 120 115 113 106 100 86 83 78 81 79 82 82 83 82 83 81 83 81 82 80 81 79 81 80 81 78 80 78 79 78 80 78 79 77 79 76 79 75 77 75 78 76 78 75 78 76 77 75 76 76 78 77 
CCD1=0 0 0 0 0 0 0 0 0 0 0 0 0 0 0 0 0 0 0 0 0 0 0 0 0 0 0 0 0 0 0 0 0 0 0 0 0 0 0 0 0 0 0 0 0 0 0 0 0 0 0 0 0 0 0 0 0 0 0 0 0 0 0 0 0 0 0 0 0 0 0 0 0 0 0 0 0 0 0 0 0 0 0 0 0 0 0 0 0 0 0 0 0 0 0 0 0 0 0 0 0 0 0 0 0 0 0 0 0 0 0 0 0 0 0 0 0 0 0 0 0 0 0 0 0 0 0 0 
[CCD拟图]
CCDLRC0=6 68 29 
CCDLRC1=6 68 29 
CCDLRC2=0 0 0 
[反馈数据]
0=64
1=122
2=103
3=5290
4=1900
5=1850
6=39
7=1
8=0
9=0
10=138
11=1080
12=562
[控制固参]
0=0
