[CCD原图]
CCD0=59 70 81 88 108 119 129 125 128 122 124 121 124 119 121 123 123 123 128 125 130 127 117 125 133 130 133 129 132 130 129 126 124 119 115 107 104 95 94 86 83 78 78 75 77 75 77 75 78 77 81 78 81 80 84 84 88 87 89 88 90 85 90 87 89 87 89 88 89 87 90 87 89 85 88 85 88 86 87 85 87 84 87 83 86 83 85 84 84 83 83 81 83 81 83 81 83 81 83 81 82 79 81 79 79 79 80 79 80 78 80 77 79 76 78 76 79 76 78 76 77 76 78 75 77 76 79 77 
CCD1=0 0 0 0 0 0 0 0 0 0 0 0 0 0 0 0 0 0 0 0 0 0 0 0 0 0 0 0 0 0 0 0 0 0 0 0 0 0 0 0 0 0 0 0 0 0 0 0 0 0 0 0 0 0 0 0 0 0 0 0 0 0 0 0 0 0 0 0 0 0 0 0 0 0 0 0 0 0 0 0 0 0 0 0 0 0 0 0 0 0 0 0 0 0 0 0 0 0 0 0 0 0 0 0 0 0 0 0 0 0 0 0 0 0 0 0 0 0 0 0 0 0 0 0 0 0 0 0 
[CCD拟图]
CCDLRC0=6 42 6 
CCDLRC1=6 42 6 
CCDLRC2=0 0 0 
[反馈数据]
0=64
1=122
2=103
3=5290
4=1900
5=1850
6=39
7=1
8=0
9=0
10=170
11=1112
12=594
[控制固参]
0=0
