[CCD原图]
CCD0=54 61 67 68 75 76 81 78 81 77 80 77 80 77 80 78 79 78 80 79 81 78 77 78 83 80 82 80 83 81 82 81 83 81 84 83 85 82 85 83 85 83 85 84 88 86 89 89 92 90 93 91 92 91 94 91 94 93 95 93 95 90 96 92 94 92 94 93 94 92 95 93 95 90 94 91 93 91 93 91 93 89 92 89 91 88 91 90 91 89 90 88 90 88 90 89 91 87 90 89 89 86 89 86 87 86 87 86 86 85 86 84 85 82 84 82 84 83 84 82 83 82 83 81 82 82 85 83 
CCD1=0 0 0 0 0 0 0 0 0 0 0 0 0 0 0 0 0 0 0 0 0 0 0 0 0 0 0 0 0 0 0 0 0 0 0 0 0 0 0 0 0 0 0 0 0 0 0 0 0 0 0 0 0 0 0 0 0 0 0 0 0 0 0 0 0 0 0 0 0 0 0 0 0 0 0 0 0 0 0 0 0 0 0 0 0 0 0 0 0 0 0 0 0 0 0 0 0 0 0 0 0 0 0 0 0 0 0 0 0 0 0 0 0 0 0 0 0 0 0 0 0 0 0 0 0 0 0 0 
[CCD拟图]
CCDLRC0=6 122 10 
CCDLRC1=6 122 10 
CCDLRC2=0 0 0 
[反馈数据]
0=64
1=122
2=103
3=5290
4=1900
5=1850
6=39
7=1
8=0
9=0
10=189
11=1131
12=613
[控制固参]
0=0
