[CCD原图]
CCD0=53 61 67 68 75 77 82 79 82 77 80 78 80 77 79 79 80 78 80 73 73 71 72 76 99 112 120 121 125 123 124 124 127 127 129 129 132 127 131 130 130 129 131 128 133 130 133 131 135 134 135 134 132 132 136 132 136 133 135 134 137 127 139 130 134 131 132 132 132 129 133 132 134 129 133 131 135 133 135 134 137 132 136 132 133 129 131 130 124 108 88 75 76 74 81 81 83 80 82 80 81 78 80 78 79 77 79 77 78 76 78 75 77 74 76 74 76 74 76 73 75 73 74 72 73 73 75 72 
CCD1=0 0 0 0 0 0 0 0 0 0 0 0 0 0 0 0 0 0 0 0 0 0 0 0 0 0 0 0 0 0 0 0 0 0 0 0 0 0 0 0 0 0 0 0 0 0 0 0 0 0 0 0 0 0 0 0 0 0 0 0 0 0 0 0 0 0 0 0 0 0 0 0 0 0 0 0 0 0 0 0 0 0 0 0 0 0 0 0 0 0 0 0 0 0 0 0 0 0 0 0 0 0 0 0 0 0 0 0 0 0 0 0 0 0 0 0 0 0 0 0 0 0 0 0 0 0 0 0 
[CCD拟图]
CCDLRC0=23 91 57 
CCDLRC1=23 91 57 
CCDLRC2=0 0 0 
[反馈数据]
0=64
1=122
2=103
3=5290
4=1900
5=1850
6=39
7=1
8=0
9=0
10=164
11=594
12=76
[控制固参]
0=0
