[CCD原图]
CCD0=53 60 66 67 75 77 82 79 81 78 81 78 80 77 79 78 79 78 78 72 74 72 73 77 101 113 120 121 125 124 125 125 126 127 130 129 132 127 132 131 131 130 131 130 134 132 134 135 137 135 137 136 134 133 137 132 137 135 136 135 137 127 139 131 135 132 131 132 133 129 133 130 134 129 133 131 136 134 135 134 136 132 136 133 134 132 132 132 127 112 85 76 77 73 76 78 82 80 82 80 81 79 80 78 79 77 79 76 78 76 77 75 77 74 76 73 76 74 75 73 75 73 74 71 73 72 74 73 
CCD1=0 0 0 0 0 0 0 0 0 0 0 0 0 0 0 0 0 0 0 0 0 0 0 0 0 0 0 0 0 0 0 0 0 0 0 0 0 0 0 0 0 0 0 0 0 0 0 0 0 0 0 0 0 0 0 0 0 0 0 0 0 0 0 0 0 0 0 0 0 0 0 0 0 0 0 0 0 0 0 0 0 0 0 0 0 0 0 0 0 0 0 0 0 0 0 0 0 0 0 0 0 0 0 0 0 0 0 0 0 0 0 0 0 0 0 0 0 0 0 0 0 0 0 0 0 0 0 0 
[CCD拟图]
CCDLRC0=23 90 56 
CCDLRC1=23 90 56 
CCDLRC2=0 0 0 
[反馈数据]
0=64
1=122
2=103
3=5290
4=1900
5=1850
6=39
7=1
8=0
9=0
10=168
11=598
12=80
[控制固参]
0=0
