[CCD原图]
CCD0=54 61 66 67 74 76 81 78 81 77 80 76 79 76 78 76 78 76 75 70 74 72 74 89 112 117 122 121 125 124 125 125 127 126 129 129 132 127 132 132 132 130 133 131 137 135 138 138 141 138 139 136 134 133 137 132 136 134 136 134 138 129 139 132 135 133 133 133 133 131 134 134 136 129 133 131 136 133 135 133 136 132 135 133 135 132 132 132 129 123 102 78 78 75 76 76 82 80 82 80 81 78 80 78 79 77 79 77 78 75 77 74 76 73 75 73 76 74 76 73 74 74 75 72 73 73 75 73 
CCD1=0 0 0 0 0 0 0 0 0 0 0 0 0 0 0 0 0 0 0 0 0 0 0 0 0 0 0 0 0 0 0 0 0 0 0 0 0 0 0 0 0 0 0 0 0 0 0 0 0 0 0 0 0 0 0 0 0 0 0 0 0 0 0 0 0 0 0 0 0 0 0 0 0 0 0 0 0 0 0 0 0 0 0 0 0 0 0 0 0 0 0 0 0 0 0 0 0 0 0 0 0 0 0 0 0 0 0 0 0 0 0 0 0 0 0 0 0 0 0 0 0 0 0 0 0 0 0 0 
[CCD拟图]
CCDLRC0=23 91 57 
CCDLRC1=23 91 57 
CCDLRC2=0 0 0 
[反馈数据]
0=64
1=122
2=103
3=5290
4=1900
5=1850
6=39
7=1
8=0
9=0
10=175
11=605
12=87
[控制固参]
0=0
