[CCD原图]
CCD0=53 59 64 62 65 64 67 64 67 65 68 66 68 67 72 72 75 74 77 75 77 75 80 104 120 119 123 122 125 123 124 125 127 128 130 128 131 127 132 133 132 131 133 131 135 134 137 137 140 137 138 138 135 134 139 133 138 135 135 135 138 128 139 132 136 133 133 133 134 131 133 132 134 129 135 133 136 135 136 134 138 134 138 135 136 133 133 135 131 127 112 82 79 75 78 79 83 80 83 80 82 79 81 78 79 78 79 77 79 76 77 75 77 74 77 73 76 74 76 73 75 73 75 72 74 73 75 73 
CCD1=0 0 0 0 0 0 0 0 0 0 0 0 0 0 0 0 0 0 0 0 0 0 0 0 0 0 0 0 0 0 0 0 0 0 0 0 0 0 0 0 0 0 0 0 0 0 0 0 0 0 0 0 0 0 0 0 0 0 0 0 0 0 0 0 0 0 0 0 0 0 0 0 0 0 0 0 0 0 0 0 0 0 0 0 0 0 0 0 0 0 0 0 0 0 0 0 0 0 0 0 0 0 0 0 0 0 0 0 0 0 0 0 0 0 0 0 0 0 0 0 0 0 0 0 0 0 0 0 
[CCD拟图]
CCDLRC0=21 91 56 
CCDLRC1=21 91 56 
CCDLRC2=0 0 0 
[反馈数据]
0=64
1=122
2=103
3=5290
4=1900
5=1850
6=39
7=1
8=0
9=0
10=184
11=614
12=96
[控制固参]
0=0
