[CCD原图]
CCD0=53 59 64 62 66 66 73 68 68 66 69 67 69 69 74 73 76 76 79 76 78 78 90 111 121 119 123 121 125 124 125 124 128 127 129 127 131 127 132 131 131 129 131 130 136 134 136 137 139 136 138 137 135 135 138 132 138 135 137 136 138 128 139 133 135 132 131 132 133 131 134 133 135 130 135 133 135 135 136 136 139 133 137 134 135 132 131 132 129 126 113 85 82 78 81 82 84 80 83 81 82 79 81 78 80 78 79 77 78 76 78 76 77 74 76 74 76 74 76 74 75 74 75 73 74 73 75 74 
CCD1=0 0 0 0 0 0 0 0 0 0 0 0 0 0 0 0 0 0 0 0 0 0 0 0 0 0 0 0 0 0 0 0 0 0 0 0 0 0 0 0 0 0 0 0 0 0 0 0 0 0 0 0 0 0 0 0 0 0 0 0 0 0 0 0 0 0 0 0 0 0 0 0 0 0 0 0 0 0 0 0 0 0 0 0 0 0 0 0 0 0 0 0 0 0 0 0 0 0 0 0 0 0 0 0 0 0 0 0 0 0 0 0 0 0 0 0 0 0 0 0 0 0 0 0 0 0 0 0 
[CCD拟图]
CCDLRC0=22 91 56 
CCDLRC1=22 91 56 
CCDLRC2=0 0 0 
[反馈数据]
0=64
1=122
2=103
3=5290
4=1900
5=1850
6=39
7=1
8=0
9=0
10=191
11=621
12=103
[控制固参]
0=0
