[CCD原图]
CCD0=53 59 64 62 68 70 72 67 68 66 69 68 75 75 78 76 79 78 77 72 76 84 100 114 122 120 123 121 125 123 124 124 126 126 127 126 130 126 131 130 131 129 131 130 135 131 133 134 139 137 138 138 137 136 140 134 138 137 137 137 138 129 141 132 135 132 131 132 132 129 134 134 137 133 137 134 138 136 137 137 140 134 138 134 135 132 132 135 132 128 121 95 84 79 80 81 84 81 83 81 82 78 80 77 78 77 79 77 78 76 77 75 77 74 76 74 75 74 76 73 75 73 75 72 73 72 76 73 
CCD1=0 0 0 0 0 0 0 0 0 0 0 0 0 0 0 0 0 0 0 0 0 0 0 0 0 0 0 0 0 0 0 0 0 0 0 0 0 0 0 0 0 0 0 0 0 0 0 0 0 0 0 0 0 0 0 0 0 0 0 0 0 0 0 0 0 0 0 0 0 0 0 0 0 0 0 0 0 0 0 0 0 0 0 0 0 0 0 0 0 0 0 0 0 0 0 0 0 0 0 0 0 0 0 0 0 0 0 0 0 0 0 0 0 0 0 0 0 0 0 0 0 0 0 0 0 0 0 0 
[CCD拟图]
CCDLRC0=21 91 56 
CCDLRC1=21 91 56 
CCDLRC2=0 0 0 
[反馈数据]
0=64
1=122
2=103
3=5290
4=1900
5=1850
6=39
7=1
8=0
9=0
10=195
11=625
12=107
[控制固参]
0=0
