[CCD原图]
CCD0=54 62 67 67 75 77 82 79 81 78 80 78 80 77 79 78 79 76 75 73 75 72 76 94 111 114 119 117 120 118 120 120 123 123 125 124 128 123 129 128 129 127 132 131 139 138 144 148 153 150 150 149 143 142 141 133 135 133 134 133 135 125 136 129 132 129 130 129 130 129 131 130 134 128 132 130 132 130 132 131 135 130 137 135 138 136 136 139 133 117 85 76 78 80 84 81 83 80 82 80 81 78 80 78 79 78 80 78 79 76 78 76 78 75 77 74 76 75 76 73 75 74 76 73 75 74 76 74 
CCD1=0 0 0 0 0 0 0 0 0 0 0 0 0 0 0 0 0 0 0 0 0 0 0 0 0 0 0 0 0 0 0 0 0 0 0 0 0 0 0 0 0 0 0 0 0 0 0 0 0 0 0 0 0 0 0 0 0 0 0 0 0 0 0 0 0 0 0 0 0 0 0 0 0 0 0 0 0 0 0 0 0 0 0 0 0 0 0 0 0 0 0 0 0 0 0 0 0 0 0 0 0 0 0 0 0 0 0 0 0 0 0 0 0 0 0 0 0 0 0 0 0 0 0 0 0 0 0 0 
[CCD拟图]
CCDLRC0=23 90 56 
CCDLRC1=23 90 56 
CCDLRC2=0 0 0 
[反馈数据]
0=64
1=122
2=103
3=5290
4=1900
5=1850
6=39
7=1
8=0
9=0
10=209
11=639
12=121
[控制固参]
0=0
