[CCD原图]
CCD0=54 61 67 67 75 76 80 78 81 78 80 78 79 78 80 78 80 79 81 77 75 72 72 76 98 111 117 117 121 119 120 121 123 124 127 126 130 126 132 132 133 133 137 137 143 138 140 140 142 139 139 137 134 132 136 131 134 132 134 133 135 127 137 131 134 132 131 132 133 130 133 132 135 130 133 130 134 132 133 132 135 131 136 132 135 132 132 131 126 104 81 76 78 76 82 81 83 79 82 80 81 78 80 78 79 77 79 77 78 76 77 74 76 73 76 74 75 73 75 73 75 73 75 73 74 73 75 72 
CCD1=0 0 0 0 0 0 0 0 0 0 0 0 0 0 0 0 0 0 0 0 0 0 0 0 0 0 0 0 0 0 0 0 0 0 0 0 0 0 0 0 0 0 0 0 0 0 0 0 0 0 0 0 0 0 0 0 0 0 0 0 0 0 0 0 0 0 0 0 0 0 0 0 0 0 0 0 0 0 0 0 0 0 0 0 0 0 0 0 0 0 0 0 0 0 0 0 0 0 0 0 0 0 0 0 0 0 0 0 0 0 0 0 0 0 0 0 0 0 0 0 0 0 0 0 0 0 0 0 
[CCD拟图]
CCDLRC0=23 90 56 
CCDLRC1=23 90 56 
CCDLRC2=0 0 0 
[反馈数据]
0=64
1=122
2=103
3=5290
4=1900
5=1850
6=39
7=1
8=0
9=0
10=231
11=661
12=143
[控制固参]
0=0
