[CCD原图]
CCD0=55 61 67 66 70 70 79 111 129 123 125 122 124 120 121 121 122 122 125 122 126 123 114 121 129 127 131 128 132 130 130 131 133 133 135 135 138 133 138 138 137 135 139 136 141 138 140 140 144 141 143 144 141 140 145 140 145 143 145 145 147 136 150 141 145 144 143 144 144 141 144 142 145 138 143 139 137 108 85 80 82 84 90 86 87 85 86 85 86 84 85 83 86 82 85 83 86 82 84 83 85 82 84 82 84 83 84 83 83 82 83 82 83 80 82 79 81 80 82 79 81 79 80 79 80 80 82 81 
CCD1=0 0 0 0 0 0 0 0 0 0 0 0 0 0 0 0 0 0 0 0 0 0 0 0 0 0 0 0 0 0 0 0 0 0 0 0 0 0 0 0 0 0 0 0 0 0 0 0 0 0 0 0 0 0 0 0 0 0 0 0 0 0 0 0 0 0 0 0 0 0 0 0 0 0 0 0 0 0 0 0 0 0 0 0 0 0 0 0 0 0 0 0 0 0 0 0 0 0 0 0 0 0 0 0 0 0 0 0 0 0 0 0 0 0 0 0 0 0 0 0 0 0 0 0 0 0 0 0 
[CCD拟图]
CCDLRC0=6 79 42 
CCDLRC1=6 79 42 
CCDLRC2=0 0 0 
[反馈数据]
0=85
1=122
2=118
3=5667
4=2200
5=1750
6=40
7=1
8=0
9=0
10=73
11=1795
12=1611
[控制固参]
0=0
