[CCD原图]
CCD0=55 62 69 69 76 79 84 81 84 79 87 98 111 116 120 120 120 120 123 121 124 122 113 120 128 126 129 128 132 130 131 132 135 138 144 147 156 155 166 169 169 168 170 162 163 153 151 148 147 144 144 144 141 140 144 139 144 142 144 144 147 137 150 142 146 144 143 144 144 141 144 143 145 139 143 140 143 142 145 145 148 141 139 124 112 96 89 83 84 83 85 83 86 83 86 84 86 83 85 83 84 81 84 81 82 81 83 81 82 81 82 80 82 79 81 78 81 79 81 79 80 79 80 78 80 80 82 80 
CCD1=0 0 0 0 0 0 0 0 0 0 0 0 0 0 0 0 0 0 0 0 0 0 0 0 0 0 0 0 0 0 0 0 0 0 0 0 0 0 0 0 0 0 0 0 0 0 0 0 0 0 0 0 0 0 0 0 0 0 0 0 0 0 0 0 0 0 0 0 0 0 0 0 0 0 0 0 0 0 0 0 0 0 0 0 0 0 0 0 0 0 0 0 0 0 0 0 0 0 0 0 0 0 0 0 0 0 0 0 0 0 0 0 0 0 0 0 0 0 0 0 0 0 0 0 0 0 0 0 
[CCD拟图]
CCDLRC0=7 83 45 
CCDLRC1=7 83 45 
CCDLRC2=0 0 0 
[反馈数据]
0=85
1=122
2=118
3=5667
4=2200
5=1750
6=40
7=1
8=0
9=0
10=140
11=1862
12=1678
[控制固参]
0=0
