[CCD原图]
CCD0=55 62 68 68 76 78 83 81 84 81 83 81 83 81 91 103 115 120 124 121 126 123 115 120 127 125 128 126 130 128 129 130 132 132 136 135 139 135 142 144 146 150 158 161 171 172 177 178 178 172 167 162 153 148 149 143 147 145 147 147 148 138 152 143 148 145 145 146 145 143 145 143 145 139 144 141 144 142 144 143 145 139 143 139 140 138 139 136 128 119 111 100 95 84 84 82 84 82 85 83 85 82 84 81 84 81 83 82 83 81 82 80 82 80 82 79 82 80 82 79 81 79 80 78 80 79 82 81 
CCD1=0 0 0 0 0 0 0 0 0 0 0 0 0 0 0 0 0 0 0 0 0 0 0 0 0 0 0 0 0 0 0 0 0 0 0 0 0 0 0 0 0 0 0 0 0 0 0 0 0 0 0 0 0 0 0 0 0 0 0 0 0 0 0 0 0 0 0 0 0 0 0 0 0 0 0 0 0 0 0 0 0 0 0 0 0 0 0 0 0 0 0 0 0 0 0 0 0 0 0 0 0 0 0 0 0 0 0 0 0 0 0 0 0 0 0 0 0 0 0 0 0 0 0 0 0 0 0 0 
[CCD拟图]
CCDLRC0=10 86 48 
CCDLRC1=10 86 48 
CCDLRC2=0 0 0 
[反馈数据]
0=85
1=122
2=118
3=5667
4=2200
5=1750
6=40
7=1
8=0
9=0
10=141
11=1863
12=1679
[控制固参]
0=0
