[CCD原图]
CCD0=55 62 68 68 76 78 83 80 83 79 82 79 82 79 82 81 82 81 84 82 85 82 78 79 84 86 119 138 144 142 143 143 144 144 146 144 146 141 145 145 142 140 143 140 144 140 143 143 145 143 145 146 144 143 148 143 148 148 150 151 153 144 158 149 154 151 150 153 155 151 155 154 156 149 154 151 154 152 154 153 155 150 153 149 151 148 148 151 149 147 145 143 144 139 133 103 86 81 84 85 86 84 86 83 85 83 85 83 84 83 84 81 83 81 83 81 83 81 83 81 82 80 83 79 81 81 84 83 
CCD1=0 0 0 0 0 0 0 0 0 0 0 0 0 0 0 0 0 0 0 0 0 0 0 0 0 0 0 0 0 0 0 0 0 0 0 0 0 0 0 0 0 0 0 0 0 0 0 0 0 0 0 0 0 0 0 0 0 0 0 0 0 0 0 0 0 0 0 0 0 0 0 0 0 0 0 0 0 0 0 0 0 0 0 0 0 0 0 0 0 0 0 0 0 0 0 0 0 0 0 0 0 0 0 0 0 0 0 0 0 0 0 0 0 0 0 0 0 0 0 0 0 0 0 0 0 0 0 0 
[CCD拟图]
CCDLRC0=25 95 60 
CCDLRC1=25 95 60 
CCDLRC2=0 0 0 
[反馈数据]
0=85
1=122
2=118
3=5667
4=2200
5=1750
6=40
7=1
8=0
9=0
10=198
11=1920
12=1736
[控制固参]
0=0
