[CCD原图]
CCD0=56 63 69 69 77 80 85 83 85 82 85 82 83 80 81 77 78 78 84 97 119 129 124 134 146 147 152 153 159 159 159 155 152 146 144 139 140 133 138 137 137 136 139 136 141 137 139 139 142 140 142 141 139 139 143 138 144 142 145 145 147 138 153 146 153 154 158 164 169 173 181 182 182 168 165 153 151 147 146 143 144 139 143 138 141 137 138 138 132 120 99 80 81 79 81 80 82 82 85 84 85 82 85 82 84 83 84 83 84 83 84 82 84 80 83 80 83 81 82 80 82 81 83 80 81 81 84 83 
CCD1=0 0 0 0 0 0 0 0 0 0 0 0 0 0 0 0 0 0 0 0 0 0 0 0 0 0 0 0 0 0 0 0 0 0 0 0 0 0 0 0 0 0 0 0 0 0 0 0 0 0 0 0 0 0 0 0 0 0 0 0 0 0 0 0 0 0 0 0 0 0 0 0 0 0 0 0 0 0 0 0 0 0 0 0 0 0 0 0 0 0 0 0 0 0 0 0 0 0 0 0 0 0 0 0 0 0 0 0 0 0 0 0 0 0 0 0 0 0 0 0 0 0 0 0 0 0 0 0 
[CCD拟图]
CCDLRC0=23 95 59 
CCDLRC1=23 95 59 
CCDLRC2=0 0 0 
[反馈数据]
0=85
1=122
2=118
3=5667
4=2200
5=1750
6=40
7=1
8=0
9=0
10=206
11=1928
12=1744
[控制固参]
0=0
