[CCD原图]
CCD0=61 71 82 88 108 119 130 127 129 124 125 124 127 124 127 129 130 132 137 136 142 138 126 132 138 135 135 133 136 133 134 133 135 135 137 136 140 135 139 140 139 137 141 138 143 139 141 142 145 143 145 145 142 143 147 142 147 146 148 149 150 140 154 147 150 149 149 151 153 152 158 161 168 165 174 173 175 171 169 162 161 151 152 146 147 145 144 146 143 142 140 139 140 138 140 140 141 136 139 138 138 133 137 136 137 140 141 142 139 138 138 137 138 132 137 133 137 136 138 134 135 134 136 133 131 136 140 141 
CCD1=0 0 0 0 0 0 0 0 0 0 0 0 0 0 0 0 0 0 0 0 0 0 0 0 0 0 0 0 0 0 0 0 0 0 0 0 0 0 0 0 0 0 0 0 0 0 0 0 0 0 0 0 0 0 0 0 0 0 0 0 0 0 0 0 0 0 0 0 0 0 0 0 0 0 0 0 0 0 0 0 0 0 0 0 0 0 0 0 0 0 0 0 0 0 0 0 0 0 0 0 0 0 0 0 0 0 0 0 0 0 0 0 0 0 0 0 0 0 0 0 0 0 0 0 0 0 0 0 
[CCD拟图]
CCDLRC0=6 122 49 
CCDLRC1=6 122 49 
CCDLRC2=0 0 0 
[反馈数据]
0=85
1=122
2=118
3=5667
4=2200
5=1750
6=40
7=1
8=0
9=0
10=250
11=1972
12=1788
[控制固参]
0=0
