[CCD原图]
CCD0=54 62 67 68 76 79 85 82 84 81 84 81 83 79 82 80 82 80 83 81 83 80 80 79 83 82 83 81 84 82 83 82 83 82 85 83 85 82 85 84 86 84 86 85 88 86 88 87 89 87 90 89 90 87 90 87 90 89 91 89 91 86 92 88 91 88 88 83 83 80 94 120 141 138 144 141 144 143 144 144 146 140 145 141 143 140 140 143 140 139 138 136 138 136 138 138 139 135 138 138 137 134 138 136 137 142 146 149 148 148 148 146 147 138 142 134 137 133 133 128 129 128 130 127 124 129 134 133 
CCD1=0 0 0 0 0 0 0 0 0 0 0 0 0 0 0 0 0 0 0 0 0 0 0 0 0 0 0 0 0 0 0 0 0 0 0 0 0 0 0 0 0 0 0 0 0 0 0 0 0 0 0 0 0 0 0 0 0 0 0 0 0 0 0 0 0 0 0 0 0 0 0 0 0 0 0 0 0 0 0 0 0 0 0 0 0 0 0 0 0 0 0 0 0 0 0 0 0 0 0 0 0 0 0 0 0 0 0 0 0 0 0 0 0 0 0 0 0 0 0 0 0 0 0 0 0 0 0 0 
[CCD拟图]
CCDLRC0=6 122 49 
CCDLRC1=6 122 49 
CCDLRC2=0 0 0 
[反馈数据]
0=85
1=122
2=118
3=5667
4=2200
5=1750
6=40
7=1
8=0
9=0
10=27
11=2005
12=1821
[控制固参]
0=0
