[CCD原图]
CCD0=61 72 84 92 113 125 136 130 133 127 129 125 126 121 123 123 122 121 126 124 127 124 116 123 131 129 131 129 133 131 131 131 133 134 136 136 140 135 140 140 139 134 122 91 79 76 78 79 85 85 88 86 87 85 87 85 88 85 86 81 78 74 77 75 77 75 78 76 78 74 75 73 74 72 75 73 77 75 79 75 78 74 77 75 78 75 77 74 75 74 76 76 82 81 80 74 75 73 74 73 74 72 73 71 72 71 72 70 72 70 72 70 72 69 71 69 71 70 72 69 71 69 71 69 71 69 71 70 
CCD1=0 0 0 0 0 0 0 0 0 0 0 0 0 0 0 0 0 0 0 0 0 0 0 0 0 0 0 0 0 0 0 0 0 0 0 0 0 0 0 0 0 0 0 0 0 0 0 0 0 0 0 0 0 0 0 0 0 0 0 0 0 0 0 0 0 0 0 0 0 0 0 0 0 0 0 0 0 0 0 0 0 0 0 0 0 0 0 0 0 0 0 0 0 0 0 0 0 0 0 0 0 0 0 0 0 0 0 0 0 0 0 0 0 0 0 0 0 0 0 0 0 0 0 0 0 0 0 0 
[CCD拟图]
CCDLRC0=6 42 6 
CCDLRC1=6 42 6 
CCDLRC2=0 0 0 
[反馈数据]
0=85
1=122
2=118
3=5667
4=2200
5=1750
6=40
7=1
8=0
9=0
10=95
11=2073
12=1889
[控制固参]
0=0
