[CCD原图]
CCD0=60 70 82 89 112 124 138 134 138 133 135 132 134 129 130 128 128 126 129 126 130 126 117 123 130 128 131 128 132 131 131 131 132 132 134 133 136 132 137 136 136 134 138 136 141 138 141 142 146 144 139 126 111 99 96 86 85 84 86 85 89 84 88 85 88 86 87 85 86 83 85 82 84 79 80 76 78 77 77 73 76 74 77 75 76 74 78 78 81 82 83 79 80 78 82 79 78 75 76 76 77 72 73 71 72 71 73 71 72 70 73 70 71 69 70 68 70 68 71 68 69 68 70 68 70 69 71 69 
CCD1=0 0 0 0 0 0 0 0 0 0 0 0 0 0 0 0 0 0 0 0 0 0 0 0 0 0 0 0 0 0 0 0 0 0 0 0 0 0 0 0 0 0 0 0 0 0 0 0 0 0 0 0 0 0 0 0 0 0 0 0 0 0 0 0 0 0 0 0 0 0 0 0 0 0 0 0 0 0 0 0 0 0 0 0 0 0 0 0 0 0 0 0 0 0 0 0 0 0 0 0 0 0 0 0 0 0 0 0 0 0 0 0 0 0 0 0 0 0 0 0 0 0 0 0 0 0 0 0 
[CCD拟图]
CCDLRC0=6 49 9 
CCDLRC1=6 49 9 
CCDLRC2=0 0 0 
[反馈数据]
0=85
1=122
2=118
3=5667
4=2200
5=1750
6=40
7=1
8=0
9=0
10=102
11=2080
12=1896
[控制固参]
0=0
