[CCD原图]
CCD0=54 61 67 67 75 78 83 80 83 79 82 79 81 77 80 78 79 78 81 80 81 79 77 79 83 80 83 80 84 82 83 80 80 76 77 74 78 79 94 109 126 133 140 139 143 139 142 142 145 142 144 143 139 137 140 136 141 139 139 139 140 130 141 133 138 137 138 139 140 138 141 139 142 136 140 138 141 139 141 140 143 138 143 141 144 143 143 145 141 140 136 133 134 130 133 131 132 127 130 129 129 124 126 121 116 106 95 82 77 75 78 77 80 76 79 76 78 76 78 74 76 74 78 78 82 86 90 89 
CCD1=0 0 0 0 0 0 0 0 0 0 0 0 0 0 0 0 0 0 0 0 0 0 0 0 0 0 0 0 0 0 0 0 0 0 0 0 0 0 0 0 0 0 0 0 0 0 0 0 0 0 0 0 0 0 0 0 0 0 0 0 0 0 0 0 0 0 0 0 0 0 0 0 0 0 0 0 0 0 0 0 0 0 0 0 0 0 0 0 0 0 0 0 0 0 0 0 0 0 0 0 0 0 0 0 0 0 0 0 0 0 0 0 0 0 0 0 0 0 0 0 0 0 0 0 0 0 0 0 
[CCD拟图]
CCDLRC0=31 102 66 
CCDLRC1=31 102 66 
CCDLRC2=0 0 0 
[反馈数据]
0=85
1=122
2=118
3=5667
4=2200
5=1750
6=40
7=1
8=0
9=0
10=112
11=2090
12=1906
[控制固参]
0=0
