[CCD原图]
CCD0=58 69 80 87 106 118 128 125 128 123 125 122 125 121 125 126 127 125 129 127 131 127 117 124 131 129 132 130 133 130 131 130 131 131 133 132 135 130 134 130 125 114 106 89 83 74 74 73 76 75 78 75 77 77 81 80 83 82 84 84 86 82 88 84 87 86 89 87 90 88 91 89 91 87 91 87 90 87 87 85 87 82 84 81 83 80 82 81 81 80 81 78 81 78 80 79 79 76 79 78 78 76 78 76 78 76 78 76 78 76 77 75 78 75 78 75 77 75 77 75 77 75 77 75 75 75 77 76 
CCD1=0 0 0 0 0 0 0 0 0 0 0 0 0 0 0 0 0 0 0 0 0 0 0 0 0 0 0 0 0 0 0 0 0 0 0 0 0 0 0 0 0 0 0 0 0 0 0 0 0 0 0 0 0 0 0 0 0 0 0 0 0 0 0 0 0 0 0 0 0 0 0 0 0 0 0 0 0 0 0 0 0 0 0 0 0 0 0 0 0 0 0 0 0 0 0 0 0 0 0 0 0 0 0 0 0 0 0 0 0 0 0 0 0 0 0 0 0 0 0 0 0 0 0 0 0 0 0 0 
[CCD拟图]
CCDLRC0=6 47 9 
CCDLRC1=6 47 9 
CCDLRC2=0 0 0 
[反馈数据]
0=85
1=122
2=118
3=5667
4=2200
5=1750
6=40
7=1
8=0
9=0
10=179
11=2157
12=1973
[控制固参]
0=0
