[CCD原图]
CCD0=55 62 68 68 76 77 83 80 82 77 79 75 78 76 80 79 82 80 84 82 84 82 81 81 83 75 77 75 77 83 116 129 134 136 139 139 144 138 143 144 142 141 145 142 147 144 146 147 150 149 150 152 148 147 151 146 151 149 151 151 153 142 156 148 151 150 149 149 150 148 150 150 153 147 152 150 152 151 152 151 154 148 153 150 151 149 149 151 148 147 146 142 144 140 141 139 134 118 98 80 79 77 79 78 83 83 86 85 85 84 85 83 85 81 84 81 83 79 79 78 79 77 79 76 78 77 79 79 
CCD1=0 0 0 0 0 0 0 0 0 0 0 0 0 0 0 0 0 0 0 0 0 0 0 0 0 0 0 0 0 0 0 0 0 0 0 0 0 0 0 0 0 0 0 0 0 0 0 0 0 0 0 0 0 0 0 0 0 0 0 0 0 0 0 0 0 0 0 0 0 0 0 0 0 0 0 0 0 0 0 0 0 0 0 0 0 0 0 0 0 0 0 0 0 0 0 0 0 0 0 0 0 0 0 0 0 0 0 0 0 0 0 0 0 0 0 0 0 0 0 0 0 0 0 0 0 0 0 0 
[CCD拟图]
CCDLRC0=29 100 64 
CCDLRC1=29 100 64 
CCDLRC2=0 0 0 
[反馈数据]
0=85
1=122
2=118
3=5667
4=2200
5=1750
6=40
7=1
8=0
9=0
10=203
11=389
12=205
[控制固参]
0=0
