[CCD原图]
CCD0=53 60 66 67 75 78 83 80 82 79 82 80 82 79 80 78 80 79 81 78 81 79 78 78 82 79 81 79 81 80 83 80 83 81 84 82 85 82 85 84 86 84 86 85 89 87 89 89 90 87 84 80 81 85 104 128 153 155 154 150 149 137 148 139 144 141 139 139 141 137 140 137 141 134 139 137 139 137 138 138 140 137 142 138 140 137 138 141 139 139 139 140 145 146 153 154 155 146 146 141 138 131 132 128 128 129 130 130 127 126 127 125 126 120 125 121 124 122 121 114 96 81 80 80 83 83 86 84 
CCD1=0 0 0 0 0 0 0 0 0 0 0 0 0 0 0 0 0 0 0 0 0 0 0 0 0 0 0 0 0 0 0 0 0 0 0 0 0 0 0 0 0 0 0 0 0 0 0 0 0 0 0 0 0 0 0 0 0 0 0 0 0 0 0 0 0 0 0 0 0 0 0 0 0 0 0 0 0 0 0 0 0 0 0 0 0 0 0 0 0 0 0 0 0 0 0 0 0 0 0 0 0 0 0 0 0 0 0 0 0 0 0 0 0 0 0 0 0 0 0 0 0 0 0 0 0 0 0 0 
[CCD拟图]
CCDLRC0=49 122 86 
CCDLRC1=49 122 86 
CCDLRC2=0 0 0 
[反馈数据]
0=85
1=122
2=118
3=5667
4=2200
5=1750
6=40
7=1
8=0
9=0
10=224
11=2202
12=2018
[控制固参]
0=0
