[CCD原图]
CCD0=54 62 67 68 77 79 84 82 84 80 83 79 82 79 81 80 82 79 83 81 83 81 79 79 83 80 83 80 83 81 83 82 85 83 86 84 86 82 86 84 85 83 86 84 87 85 88 87 90 88 90 88 88 87 90 88 92 90 92 92 94 90 92 84 86 86 110 148 161 158 161 157 155 144 146 141 142 139 140 139 141 136 139 136 138 135 135 137 135 135 133 131 133 131 133 134 135 131 134 133 133 129 131 129 129 131 134 138 142 146 148 148 146 137 137 129 131 128 128 124 125 124 126 124 122 127 131 129 
CCD1=0 0 0 0 0 0 0 0 0 0 0 0 0 0 0 0 0 0 0 0 0 0 0 0 0 0 0 0 0 0 0 0 0 0 0 0 0 0 0 0 0 0 0 0 0 0 0 0 0 0 0 0 0 0 0 0 0 0 0 0 0 0 0 0 0 0 0 0 0 0 0 0 0 0 0 0 0 0 0 0 0 0 0 0 0 0 0 0 0 0 0 0 0 0 0 0 0 0 0 0 0 0 0 0 0 0 0 0 0 0 0 0 0 0 0 0 0 0 0 0 0 0 0 0 0 0 0 0 
[CCD拟图]
CCDLRC0=63 122 100 
CCDLRC1=63 122 100 
CCDLRC2=0 0 0 
[反馈数据]
0=85
1=122
2=118
3=5667
4=2200
5=1750
6=40
7=1
8=0
9=0
10=228
11=2206
12=2022
[控制固参]
0=0
