[CCD原图]
CCD0=55 61 66 65 70 71 77 75 78 76 80 79 80 76 79 77 79 77 80 78 81 78 78 79 82 79 81 79 81 79 81 81 83 83 86 84 87 85 87 87 88 86 89 87 90 88 87 82 82 82 87 104 130 142 152 153 159 158 160 160 159 144 155 143 146 143 141 141 142 139 141 141 143 137 141 138 141 139 141 139 141 137 140 138 140 138 138 141 139 138 138 135 137 134 138 139 142 141 148 151 153 151 154 150 147 148 144 140 135 131 130 128 130 123 127 123 125 126 127 124 123 115 106 93 84 80 83 82 
CCD1=0 0 0 0 0 0 0 0 0 0 0 0 0 0 0 0 0 0 0 0 0 0 0 0 0 0 0 0 0 0 0 0 0 0 0 0 0 0 0 0 0 0 0 0 0 0 0 0 0 0 0 0 0 0 0 0 0 0 0 0 0 0 0 0 0 0 0 0 0 0 0 0 0 0 0 0 0 0 0 0 0 0 0 0 0 0 0 0 0 0 0 0 0 0 0 0 0 0 0 0 0 0 0 0 0 0 0 0 0 0 0 0 0 0 0 0 0 0 0 0 0 0 0 0 0 0 0 0 
[CCD拟图]
CCDLRC0=51 121 86 
CCDLRC1=51 121 86 
CCDLRC2=0 0 0 
[反馈数据]
0=85
1=122
2=118
3=5667
4=2200
5=1750
6=40
7=1
8=0
9=0
10=254
11=2232
12=2048
[控制固参]
0=0
