[CCD原图]
CCD0=60 70 81 88 108 118 128 124 125 119 122 118 120 116 118 118 119 118 122 120 123 120 112 118 125 122 125 123 127 125 126 126 128 127 131 130 133 129 135 135 135 134 137 135 140 137 139 138 142 140 141 139 136 135 139 135 138 137 139 139 142 132 144 137 142 140 139 139 140 138 140 139 142 137 142 139 142 140 141 140 142 137 140 137 139 138 140 143 143 144 145 145 150 150 155 154 155 147 147 141 137 132 132 127 126 127 128 128 126 125 125 124 125 119 122 119 122 120 122 119 122 121 124 121 121 126 131 132 
CCD1=0 0 0 0 0 0 0 0 0 0 0 0 0 0 0 0 0 0 0 0 0 0 0 0 0 0 0 0 0 0 0 0 0 0 0 0 0 0 0 0 0 0 0 0 0 0 0 0 0 0 0 0 0 0 0 0 0 0 0 0 0 0 0 0 0 0 0 0 0 0 0 0 0 0 0 0 0 0 0 0 0 0 0 0 0 0 0 0 0 0 0 0 0 0 0 0 0 0 0 0 0 0 0 0 0 0 0 0 0 0 0 0 0 0 0 0 0 0 0 0 0 0 0 0 0 0 0 0 
[CCD拟图]
CCDLRC0=6 122 59 
CCDLRC1=6 122 59 
CCDLRC2=0 0 0 
[反馈数据]
0=85
1=122
2=118
3=5667
4=2200
5=1750
6=40
7=1
8=0
9=0
10=23
11=2257
12=2073
[控制固参]
0=0
