[CCD原图]
CCD0=60 71 81 88 108 119 129 123 126 119 121 120 120 116 119 118 119 118 122 119 123 120 112 119 125 123 126 125 128 126 127 127 128 128 130 129 134 129 135 135 135 133 138 135 140 138 140 140 143 141 141 140 137 136 139 135 139 137 139 139 142 133 144 137 141 140 139 140 141 138 140 139 142 137 141 139 142 139 140 139 142 138 141 139 140 139 140 146 147 150 153 155 161 159 163 163 160 152 150 143 138 132 133 128 126 127 127 128 126 126 125 123 124 119 123 118 122 120 121 119 121 121 123 121 120 125 131 132 
CCD1=0 0 0 0 0 0 0 0 0 0 0 0 0 0 0 0 0 0 0 0 0 0 0 0 0 0 0 0 0 0 0 0 0 0 0 0 0 0 0 0 0 0 0 0 0 0 0 0 0 0 0 0 0 0 0 0 0 0 0 0 0 0 0 0 0 0 0 0 0 0 0 0 0 0 0 0 0 0 0 0 0 0 0 0 0 0 0 0 0 0 0 0 0 0 0 0 0 0 0 0 0 0 0 0 0 0 0 0 0 0 0 0 0 0 0 0 0 0 0 0 0 0 0 0 0 0 0 0 
[CCD拟图]
CCDLRC0=6 122 59 
CCDLRC1=6 122 59 
CCDLRC2=0 0 0 
[反馈数据]
0=85
1=122
2=118
3=5667
4=2200
5=1750
6=40
7=1
8=0
9=0
10=24
11=2258
12=2074
[控制固参]
0=0
