[CCD原图]
CCD0=53 60 65 65 72 73 77 74 77 74 76 74 76 73 75 73 75 73 76 73 76 73 73 72 76 74 76 74 77 75 76 75 76 75 78 75 78 76 79 77 78 77 79 78 80 78 80 79 81 79 82 79 81 79 82 79 82 80 82 81 83 78 82 78 78 76 76 74 76 74 78 79 89 95 108 114 121 122 125 124 127 123 128 125 127 124 127 129 128 128 127 125 127 125 127 126 128 122 125 123 124 120 122 119 119 119 120 120 118 117 117 116 118 113 117 113 117 115 117 114 116 115 117 115 113 118 123 123 
CCD1=0 0 0 0 0 0 0 0 0 0 0 0 0 0 0 0 0 0 0 0 0 0 0 0 0 0 0 0 0 0 0 0 0 0 0 0 0 0 0 0 0 0 0 0 0 0 0 0 0 0 0 0 0 0 0 0 0 0 0 0 0 0 0 0 0 0 0 0 0 0 0 0 0 0 0 0 0 0 0 0 0 0 0 0 0 0 0 0 0 0 0 0 0 0 0 0 0 0 0 0 0 0 0 0 0 0 0 0 0 0 0 0 0 0 0 0 0 0 0 0 0 0 0 0 0 0 0 0 
[CCD拟图]
CCDLRC0=65 122 105 
CCDLRC1=65 122 105 
CCDLRC2=0 0 0 
[反馈数据]
0=85
1=122
2=118
3=5667
4=2200
5=1750
6=40
7=1
8=0
9=0
10=82
11=2316
12=2132
[控制固参]
0=0
