[CCD原图]
CCD0=54 61 66 66 73 74 78 76 79 75 78 76 78 75 78 76 77 76 79 76 80 77 76 77 79 74 75 74 77 80 106 123 131 133 136 135 140 135 140 140 139 138 141 139 144 142 146 148 151 148 148 150 147 148 150 145 150 148 149 149 152 141 155 145 146 146 148 149 149 146 147 146 149 143 148 145 148 146 149 147 150 144 148 145 147 143 144 146 143 141 140 138 139 135 137 135 135 115 90 80 81 82 88 83 84 83 85 83 83 81 83 81 83 80 82 79 82 80 82 80 82 80 82 79 81 81 83 82 
CCD1=0 0 0 0 0 0 0 0 0 0 0 0 0 0 0 0 0 0 0 0 0 0 0 0 0 0 0 0 0 0 0 0 0 0 0 0 0 0 0 0 0 0 0 0 0 0 0 0 0 0 0 0 0 0 0 0 0 0 0 0 0 0 0 0 0 0 0 0 0 0 0 0 0 0 0 0 0 0 0 0 0 0 0 0 0 0 0 0 0 0 0 0 0 0 0 0 0 0 0 0 0 0 0 0 0 0 0 0 0 0 0 0 0 0 0 0 0 0 0 0 0 0 0 0 0 0 0 0 
[CCD拟图]
CCDLRC0=28 99 63 
CCDLRC1=28 99 63 
CCDLRC2=0 0 0 
[反馈数据]
0=85
1=122
2=118
3=5667
4=2200
5=1750
6=40
7=1
8=0
9=0
10=216
11=402
12=218
[控制固参]
0=0
