[CCD原图]
CCD0=53 60 66 65 72 72 77 75 77 74 76 74 76 74 76 74 76 74 77 74 78 75 75 74 79 76 79 78 79 78 79 78 80 79 81 79 82 79 82 81 82 80 82 81 83 81 83 81 84 83 84 83 83 82 84 82 85 82 86 84 86 82 87 84 86 84 86 84 86 84 86 83 84 80 82 78 81 80 88 93 105 111 124 127 131 130 132 135 132 132 131 129 132 128 131 130 132 127 130 128 128 124 127 124 124 125 126 127 124 123 123 122 124 119 124 119 123 121 123 120 122 121 124 120 119 125 129 128 
CCD1=0 0 0 0 0 0 0 0 0 0 0 0 0 0 0 0 0 0 0 0 0 0 0 0 0 0 0 0 0 0 0 0 0 0 0 0 0 0 0 0 0 0 0 0 0 0 0 0 0 0 0 0 0 0 0 0 0 0 0 0 0 0 0 0 0 0 0 0 0 0 0 0 0 0 0 0 0 0 0 0 0 0 0 0 0 0 0 0 0 0 0 0 0 0 0 0 0 0 0 0 0 0 0 0 0 0 0 0 0 0 0 0 0 0 0 0 0 0 0 0 0 0 0 0 0 0 0 0 
[CCD拟图]
CCDLRC0=6 122 119 
CCDLRC1=6 122 119 
CCDLRC2=0 0 0 
[反馈数据]
0=85
1=122
2=118
3=5667
4=2200
5=1750
6=40
7=1
8=0
9=0
10=115
11=2349
12=2165
[控制固参]
0=0
