[CCD原图]
CCD0=54 61 66 66 72 74 79 75 78 75 77 74 76 74 77 75 76 75 77 75 78 76 75 76 79 77 79 77 80 78 80 78 80 79 82 80 82 79 82 80 82 80 82 80 82 79 80 78 79 77 79 76 77 76 81 82 89 92 100 105 114 112 125 124 130 132 134 136 138 136 138 137 139 134 139 136 138 136 138 136 139 134 138 135 137 134 135 137 136 136 135 133 135 132 134 134 136 131 134 131 131 126 129 126 125 128 130 132 130 129 130 128 130 125 129 124 128 126 127 124 125 125 127 125 122 128 132 131 
CCD1=0 0 0 0 0 0 0 0 0 0 0 0 0 0 0 0 0 0 0 0 0 0 0 0 0 0 0 0 0 0 0 0 0 0 0 0 0 0 0 0 0 0 0 0 0 0 0 0 0 0 0 0 0 0 0 0 0 0 0 0 0 0 0 0 0 0 0 0 0 0 0 0 0 0 0 0 0 0 0 0 0 0 0 0 0 0 0 0 0 0 0 0 0 0 0 0 0 0 0 0 0 0 0 0 0 0 0 0 0 0 0 0 0 0 0 0 0 0 0 0 0 0 0 0 0 0 0 0 
[CCD拟图]
CCDLRC0=51 122 91 
CCDLRC1=51 122 91 
CCDLRC2=0 0 0 
[反馈数据]
0=85
1=122
2=118
3=5667
4=2200
5=1750
6=40
7=1
8=0
9=0
10=131
11=2365
12=2181
[控制固参]
0=0
