[CCD原图]
CCD0=54 61 66 66 72 73 77 75 78 75 77 75 77 74 77 75 77 76 78 75 78 76 76 75 79 77 80 77 80 78 80 79 80 79 82 80 83 80 83 82 83 81 83 82 85 82 85 84 86 84 86 83 83 80 82 78 82 82 90 94 106 110 126 125 134 135 138 139 141 138 142 140 142 137 141 138 141 138 140 140 142 136 141 137 138 134 133 135 134 135 136 135 137 135 139 138 140 135 138 137 137 132 134 132 131 132 132 133 130 128 128 127 128 122 128 123 126 125 127 124 125 124 127 124 122 128 133 133 
CCD1=0 0 0 0 0 0 0 0 0 0 0 0 0 0 0 0 0 0 0 0 0 0 0 0 0 0 0 0 0 0 0 0 0 0 0 0 0 0 0 0 0 0 0 0 0 0 0 0 0 0 0 0 0 0 0 0 0 0 0 0 0 0 0 0 0 0 0 0 0 0 0 0 0 0 0 0 0 0 0 0 0 0 0 0 0 0 0 0 0 0 0 0 0 0 0 0 0 0 0 0 0 0 0 0 0 0 0 0 0 0 0 0 0 0 0 0 0 0 0 0 0 0 0 0 0 0 0 0 
[CCD拟图]
CCDLRC0=6 122 94 
CCDLRC1=6 122 94 
CCDLRC2=0 0 0 
[反馈数据]
0=85
1=122
2=118
3=5667
4=2200
5=1750
6=40
7=1
8=0
9=0
10=137
11=2371
12=2187
[控制固参]
0=0
