[CCD原图]
CCD0=58 68 78 84 101 112 122 119 121 116 119 115 118 113 115 116 117 116 120 118 121 118 110 117 123 120 122 120 118 103 88 77 76 74 75 70 72 71 77 77 79 78 80 78 81 78 80 78 80 79 81 80 81 81 84 81 85 83 85 83 86 81 86 83 85 83 85 84 85 83 85 84 85 82 85 82 84 83 85 83 85 82 84 82 84 81 83 83 83 82 84 82 84 82 83 82 84 80 84 81 83 80 82 80 81 80 82 81 81 79 81 80 81 79 81 79 81 79 81 78 80 79 81 78 80 79 82 80 
CCD1=0 0 0 0 0 0 0 0 0 0 0 0 0 0 0 0 0 0 0 0 0 0 0 0 0 0 0 0 0 0 0 0 0 0 0 0 0 0 0 0 0 0 0 0 0 0 0 0 0 0 0 0 0 0 0 0 0 0 0 0 0 0 0 0 0 0 0 0 0 0 0 0 0 0 0 0 0 0 0 0 0 0 0 0 0 0 0 0 0 0 0 0 0 0 0 0 0 0 0 0 0 0 0 0 0 0 0 0 0 0 0 0 0 0 0 0 0 0 0 0 0 0 0 0 0 0 0 0 
[CCD拟图]
CCDLRC0=6 122 79 
CCDLRC1=6 122 79 
CCDLRC2=0 0 0 
[反馈数据]
0=85
1=122
2=118
3=5667
4=2200
5=1750
6=40
7=1
8=0
9=0
10=209
11=2443
12=2259
[控制固参]
0=0
