[CCD原图]
CCD0=55 63 72 77 95 107 119 116 119 113 114 110 112 108 111 110 112 110 115 113 118 115 108 114 120 118 122 119 123 121 121 121 124 123 126 124 128 121 126 125 125 123 127 125 130 127 130 131 135 133 134 133 131 129 131 113 98 86 81 78 79 75 78 79 84 82 84 83 85 82 85 82 84 81 84 82 84 83 84 82 84 81 84 82 84 82 84 83 83 83 83 80 82 80 82 80 82 80 82 80 82 80 82 79 81 79 81 80 81 79 80 79 81 77 80 77 80 78 80 78 79 78 79 77 79 78 81 80 
CCD1=0 0 0 0 0 0 0 0 0 0 0 0 0 0 0 0 0 0 0 0 0 0 0 0 0 0 0 0 0 0 0 0 0 0 0 0 0 0 0 0 0 0 0 0 0 0 0 0 0 0 0 0 0 0 0 0 0 0 0 0 0 0 0 0 0 0 0 0 0 0 0 0 0 0 0 0 0 0 0 0 0 0 0 0 0 0 0 0 0 0 0 0 0 0 0 0 0 0 0 0 0 0 0 0 0 0 0 0 0 0 0 0 0 0 0 0 0 0 0 0 0 0 0 0 0 0 0 0 
[CCD拟图]
CCDLRC0=63 122 103 
CCDLRC1=63 122 103 
CCDLRC2=0 0 0 
[反馈数据]
0=85
1=122
2=118
3=5667
4=2200
5=1750
6=40
7=1
8=0
9=0
10=238
11=2472
12=2288
[控制固参]
0=0
