[CCD原图]
CCD0=53 60 64 63 69 69 72 70 73 70 72 70 72 70 72 71 73 72 75 73 76 73 73 74 77 75 75 73 76 81 107 122 126 126 128 128 132 126 132 132 131 130 133 131 136 133 135 138 145 148 157 164 157 149 156 158 155 146 144 143 145 135 148 140 144 142 141 142 143 140 142 141 143 137 142 140 143 142 143 143 146 139 144 140 142 140 141 144 141 141 140 137 139 136 138 137 137 130 103 82 81 78 81 82 84 82 84 83 83 81 83 81 83 80 82 79 82 80 82 80 81 80 81 79 80 80 82 80 
CCD1=0 0 0 0 0 0 0 0 0 0 0 0 0 0 0 0 0 0 0 0 0 0 0 0 0 0 0 0 0 0 0 0 0 0 0 0 0 0 0 0 0 0 0 0 0 0 0 0 0 0 0 0 0 0 0 0 0 0 0 0 0 0 0 0 0 0 0 0 0 0 0 0 0 0 0 0 0 0 0 0 0 0 0 0 0 0 0 0 0 0 0 0 0 0 0 0 0 0 0 0 0 0 0 0 0 0 0 0 0 0 0 0 0 0 0 0 0 0 0 0 0 0 0 0 0 0 0 0 
[CCD拟图]
CCDLRC0=28 99 63 
CCDLRC1=28 99 63 
CCDLRC2=0 0 0 
[反馈数据]
0=85
1=122
2=118
3=5667
4=2200
5=1750
6=40
7=1
8=0
9=0
10=231
11=417
12=233
[控制固参]
0=0
