[CCD原图]
CCD0=58 67 77 83 100 110 120 116 119 114 116 113 115 111 113 114 114 114 118 115 119 116 109 114 121 120 122 120 123 121 122 122 123 123 126 124 127 122 127 126 125 124 127 124 129 124 128 129 132 131 134 134 132 132 135 131 136 136 140 142 143 129 132 108 89 80 81 78 79 76 79 81 85 81 85 82 84 82 84 82 84 81 83 81 83 80 82 81 82 80 82 80 82 79 82 80 82 79 82 79 81 79 80 78 80 79 81 79 80 79 80 78 80 77 80 77 80 78 80 77 79 77 79 77 78 78 81 80 
CCD1=0 0 0 0 0 0 0 0 0 0 0 0 0 0 0 0 0 0 0 0 0 0 0 0 0 0 0 0 0 0 0 0 0 0 0 0 0 0 0 0 0 0 0 0 0 0 0 0 0 0 0 0 0 0 0 0 0 0 0 0 0 0 0 0 0 0 0 0 0 0 0 0 0 0 0 0 0 0 0 0 0 0 0 0 0 0 0 0 0 0 0 0 0 0 0 0 0 0 0 0 0 0 0 0 0 0 0 0 0 0 0 0 0 0 0 0 0 0 0 0 0 0 0 0 0 0 0 0 
[CCD拟图]
CCDLRC0=6 122 104 
CCDLRC1=6 122 104 
CCDLRC2=0 0 0 
[反馈数据]
0=85
1=122
2=118
3=5667
4=2200
5=1750
6=40
7=1
8=0
9=0
10=20
11=2510
12=2326
[控制固参]
0=0
