[CCD原图]
CCD0=58 67 77 83 101 110 121 116 120 114 116 113 115 111 113 113 114 114 118 115 119 116 109 115 121 118 122 120 123 120 122 122 124 123 126 124 128 123 128 126 125 123 127 124 128 125 128 128 131 131 134 134 133 133 136 132 137 137 140 142 144 131 136 114 94 81 81 78 79 76 79 80 84 82 84 82 85 82 84 82 84 80 83 81 83 80 82 81 82 81 82 80 82 79 82 80 82 79 82 80 82 78 82 79 80 79 81 80 80 79 80 78 80 78 80 78 80 79 80 78 79 78 80 78 79 78 81 79 
CCD1=0 0 0 0 0 0 0 0 0 0 0 0 0 0 0 0 0 0 0 0 0 0 0 0 0 0 0 0 0 0 0 0 0 0 0 0 0 0 0 0 0 0 0 0 0 0 0 0 0 0 0 0 0 0 0 0 0 0 0 0 0 0 0 0 0 0 0 0 0 0 0 0 0 0 0 0 0 0 0 0 0 0 0 0 0 0 0 0 0 0 0 0 0 0 0 0 0 0 0 0 0 0 0 0 0 0 0 0 0 0 0 0 0 0 0 0 0 0 0 0 0 0 0 0 0 0 0 0 
[CCD拟图]
CCDLRC0=6 122 104 
CCDLRC1=6 122 104 
CCDLRC2=0 0 0 
[反馈数据]
0=85
1=122
2=118
3=5667
4=2200
5=1750
6=40
7=1
8=0
9=0
10=24
11=2514
12=2330
[控制固参]
0=0
