[CCD原图]
CCD0=58 68 77 83 101 111 121 117 120 114 116 113 115 111 113 113 114 114 118 116 119 116 108 115 121 119 122 120 123 121 122 121 123 123 126 124 128 123 127 126 125 124 127 124 129 126 128 130 132 131 134 135 133 133 136 131 137 136 139 141 143 128 130 107 90 80 80 79 79 76 80 81 84 81 84 82 84 83 85 82 83 80 83 82 83 80 82 81 83 81 82 79 82 79 82 80 82 80 81 80 81 79 81 79 80 79 81 80 80 79 80 78 80 77 81 79 80 78 80 78 79 78 79 78 78 78 81 79 
CCD1=0 0 0 0 0 0 0 0 0 0 0 0 0 0 0 0 0 0 0 0 0 0 0 0 0 0 0 0 0 0 0 0 0 0 0 0 0 0 0 0 0 0 0 0 0 0 0 0 0 0 0 0 0 0 0 0 0 0 0 0 0 0 0 0 0 0 0 0 0 0 0 0 0 0 0 0 0 0 0 0 0 0 0 0 0 0 0 0 0 0 0 0 0 0 0 0 0 0 0 0 0 0 0 0 0 0 0 0 0 0 0 0 0 0 0 0 0 0 0 0 0 0 0 0 0 0 0 0 
[CCD拟图]
CCDLRC0=6 122 104 
CCDLRC1=6 122 104 
CCDLRC2=0 0 0 
[反馈数据]
0=85
1=122
2=118
3=5667
4=2200
5=1750
6=40
7=1
8=0
9=0
10=25
11=2515
12=2331
[控制固参]
0=0
