[CCD原图]
CCD0=58 67 77 82 101 110 120 117 119 114 116 113 115 111 113 114 114 113 118 116 119 116 109 114 120 119 122 119 123 121 121 121 123 123 125 124 127 123 127 126 125 123 127 124 128 125 127 128 132 132 134 135 132 132 136 131 136 137 139 141 143 130 134 111 92 81 81 79 79 76 79 80 84 81 84 82 84 82 84 81 83 81 83 81 82 80 83 82 82 81 81 79 82 79 82 80 82 79 81 80 82 78 81 79 80 79 81 79 80 78 80 78 80 77 80 78 80 78 80 78 79 77 79 77 78 79 81 80 
CCD1=0 0 0 0 0 0 0 0 0 0 0 0 0 0 0 0 0 0 0 0 0 0 0 0 0 0 0 0 0 0 0 0 0 0 0 0 0 0 0 0 0 0 0 0 0 0 0 0 0 0 0 0 0 0 0 0 0 0 0 0 0 0 0 0 0 0 0 0 0 0 0 0 0 0 0 0 0 0 0 0 0 0 0 0 0 0 0 0 0 0 0 0 0 0 0 0 0 0 0 0 0 0 0 0 0 0 0 0 0 0 0 0 0 0 0 0 0 0 0 0 0 0 0 0 0 0 0 0 
[CCD拟图]
CCDLRC0=6 122 104 
CCDLRC1=6 122 104 
CCDLRC2=0 0 0 
[反馈数据]
0=85
1=122
2=118
3=5667
4=2200
5=1750
6=40
7=1
8=0
9=0
10=31
11=2521
12=2337
[控制固参]
0=0
