[CCD原图]
CCD0=57 67 76 83 100 110 120 116 119 114 116 112 115 111 113 114 114 113 117 115 118 116 109 115 121 118 121 119 123 120 121 122 123 123 126 124 127 122 126 125 124 123 127 124 128 123 128 128 131 130 133 134 131 131 135 131 136 136 140 141 142 130 134 111 91 80 80 78 79 76 79 81 84 81 83 81 84 83 84 82 83 80 83 81 82 79 82 81 82 80 81 79 81 79 81 79 82 79 82 79 81 79 81 78 80 79 80 79 80 78 79 78 80 77 80 77 80 78 80 77 79 78 79 78 79 78 81 79 
CCD1=0 0 0 0 0 0 0 0 0 0 0 0 0 0 0 0 0 0 0 0 0 0 0 0 0 0 0 0 0 0 0 0 0 0 0 0 0 0 0 0 0 0 0 0 0 0 0 0 0 0 0 0 0 0 0 0 0 0 0 0 0 0 0 0 0 0 0 0 0 0 0 0 0 0 0 0 0 0 0 0 0 0 0 0 0 0 0 0 0 0 0 0 0 0 0 0 0 0 0 0 0 0 0 0 0 0 0 0 0 0 0 0 0 0 0 0 0 0 0 0 0 0 0 0 0 0 0 0 
[CCD拟图]
CCDLRC0=6 122 104 
CCDLRC1=6 122 104 
CCDLRC2=0 0 0 
[反馈数据]
0=85
1=122
2=118
3=5667
4=2200
5=1750
6=40
7=1
8=0
9=0
10=47
11=2537
12=2353
[控制固参]
0=0
