[CCD原图]
CCD0=57 67 76 83 100 110 120 116 119 114 115 112 114 110 113 113 113 113 117 115 118 116 108 114 121 119 121 119 122 120 121 121 123 122 124 123 127 123 127 125 124 123 126 124 128 125 127 128 131 130 133 134 132 131 135 130 136 135 138 140 142 127 129 106 88 79 81 78 79 75 79 80 84 81 84 82 84 82 84 81 83 80 83 81 82 80 82 81 82 81 81 79 82 79 81 80 83 79 81 80 81 78 81 78 80 79 81 79 80 78 80 78 80 77 79 78 80 78 80 78 79 78 79 77 79 79 81 80 
CCD1=0 0 0 0 0 0 0 0 0 0 0 0 0 0 0 0 0 0 0 0 0 0 0 0 0 0 0 0 0 0 0 0 0 0 0 0 0 0 0 0 0 0 0 0 0 0 0 0 0 0 0 0 0 0 0 0 0 0 0 0 0 0 0 0 0 0 0 0 0 0 0 0 0 0 0 0 0 0 0 0 0 0 0 0 0 0 0 0 0 0 0 0 0 0 0 0 0 0 0 0 0 0 0 0 0 0 0 0 0 0 0 0 0 0 0 0 0 0 0 0 0 0 0 0 0 0 0 0 
[CCD拟图]
CCDLRC0=6 122 104 
CCDLRC1=6 122 104 
CCDLRC2=0 0 0 
[反馈数据]
0=85
1=122
2=118
3=5667
4=2200
5=1750
6=40
7=1
8=0
9=0
10=74
11=2564
12=2380
[控制固参]
0=0
