[CCD原图]
CCD0=55 62 70 73 76 71 72 68 69 65 67 64 67 65 68 72 82 84 87 87 91 89 87 91 95 89 83 71 72 72 75 72 75 77 80 78 80 77 80 80 82 80 86 86 88 85 82 77 78 77 80 79 79 77 80 78 77 73 75 74 78 76 77 74 77 75 73 70 73 71 75 75 81 79 80 76 80 78 79 76 80 79 85 93 107 115 123 128 127 127 127 125 127 124 127 127 129 125 129 127 128 128 133 131 130 131 131 131 128 126 126 125 126 120 124 120 123 123 124 121 123 123 125 123 121 128 132 132 
CCD1=0 0 0 0 0 0 0 0 0 0 0 0 0 0 0 0 0 0 0 0 0 0 0 0 0 0 0 0 0 0 0 0 0 0 0 0 0 0 0 0 0 0 0 0 0 0 0 0 0 0 0 0 0 0 0 0 0 0 0 0 0 0 0 0 0 0 0 0 0 0 0 0 0 0 0 0 0 0 0 0 0 0 0 0 0 0 0 0 0 0 0 0 0 0 0 0 0 0 0 0 0 0 0 0 0 0 0 0 0 0 0 0 0 0 0 0 0 0 0 0 0 0 0 0 0 0 0 0 
[CCD拟图]
CCDLRC0=15 47 31 
CCDLRC1=15 47 31 
CCDLRC2=0 0 0 
[反馈数据]
0=85
1=122
2=118
3=5667
4=2200
5=1750
6=40
7=1
8=0
9=0
10=107
11=2597
12=2413
[控制固参]
0=0
