[CCD原图]
CCD0=54 63 69 68 75 68 71 67 69 64 67 64 66 64 73 80 84 84 88 87 91 91 88 89 92 83 74 70 74 69 70 72 78 79 79 78 80 78 81 81 82 83 88 86 88 82 79 77 80 78 80 77 79 78 81 74 75 74 77 78 76 72 77 74 73 71 73 72 75 74 80 80 80 75 80 78 78 76 79 79 87 95 110 116 125 124 127 129 128 127 127 125 128 125 128 128 130 125 129 130 133 130 133 129 129 129 130 129 127 125 125 123 125 120 125 120 123 122 125 122 123 123 126 123 122 127 133 133 
CCD1=0 0 0 0 0 0 0 0 0 0 0 0 0 0 0 0 0 0 0 0 0 0 0 0 0 0 0 0 0 0 0 0 0 0 0 0 0 0 0 0 0 0 0 0 0 0 0 0 0 0 0 0 0 0 0 0 0 0 0 0 0 0 0 0 0 0 0 0 0 0 0 0 0 0 0 0 0 0 0 0 0 0 0 0 0 0 0 0 0 0 0 0 0 0 0 0 0 0 0 0 0 0 0 0 0 0 0 0 0 0 0 0 0 0 0 0 0 0 0 0 0 0 0 0 0 0 0 0 
[CCD拟图]
CCDLRC0=30 47 38 
CCDLRC1=30 47 38 
CCDLRC2=0 0 0 
[反馈数据]
0=85
1=122
2=118
3=5667
4=2200
5=1750
6=40
7=1
8=0
9=0
10=118
11=2608
12=2424
[控制固参]
0=0
