[CCD原图]
CCD0=54 63 68 67 72 68 70 67 68 64 66 64 67 65 75 80 84 85 88 86 91 91 87 89 91 80 73 70 74 68 70 73 78 78 79 77 80 77 80 80 81 84 88 85 87 81 78 77 79 78 80 77 78 77 80 73 74 73 76 79 76 72 76 74 73 70 72 71 74 73 79 80 81 75 80 78 78 76 78 78 85 91 107 113 123 123 125 128 128 127 127 125 127 124 127 127 129 125 128 129 132 130 132 129 128 129 129 130 126 125 124 123 125 120 124 120 123 122 124 120 123 122 126 123 122 127 132 133 
CCD1=0 0 0 0 0 0 0 0 0 0 0 0 0 0 0 0 0 0 0 0 0 0 0 0 0 0 0 0 0 0 0 0 0 0 0 0 0 0 0 0 0 0 0 0 0 0 0 0 0 0 0 0 0 0 0 0 0 0 0 0 0 0 0 0 0 0 0 0 0 0 0 0 0 0 0 0 0 0 0 0 0 0 0 0 0 0 0 0 0 0 0 0 0 0 0 0 0 0 0 0 0 0 0 0 0 0 0 0 0 0 0 0 0 0 0 0 0 0 0 0 0 0 0 0 0 0 0 0 
[CCD拟图]
CCDLRC0=13 26 19 
CCDLRC1=13 26 19 
CCDLRC2=0 0 0 
[反馈数据]
0=85
1=122
2=118
3=5667
4=2200
5=1750
6=40
7=1
8=0
9=0
10=140
11=2630
12=2446
[控制固参]
0=0
