[CCD原图]
CCD0=54 62 67 67 72 68 69 66 68 64 66 63 66 64 75 80 84 84 88 87 91 91 88 89 90 79 72 70 74 69 70 73 78 77 79 77 79 76 80 79 81 83 87 84 85 80 78 76 79 77 80 77 78 78 80 73 75 74 77 78 76 72 76 74 74 69 73 71 73 73 80 79 81 75 80 78 78 76 78 79 85 91 107 113 123 124 126 129 128 127 127 125 128 125 127 128 129 125 129 130 133 130 133 129 129 130 130 130 126 125 125 124 125 120 124 120 123 122 124 121 124 123 126 123 121 128 132 133 
CCD1=0 0 0 0 0 0 0 0 0 0 0 0 0 0 0 0 0 0 0 0 0 0 0 0 0 0 0 0 0 0 0 0 0 0 0 0 0 0 0 0 0 0 0 0 0 0 0 0 0 0 0 0 0 0 0 0 0 0 0 0 0 0 0 0 0 0 0 0 0 0 0 0 0 0 0 0 0 0 0 0 0 0 0 0 0 0 0 0 0 0 0 0 0 0 0 0 0 0 0 0 0 0 0 0 0 0 0 0 0 0 0 0 0 0 0 0 0 0 0 0 0 0 0 0 0 0 0 0 
[CCD拟图]
CCDLRC0=13 26 19 
CCDLRC1=13 26 19 
CCDLRC2=0 0 0 
[反馈数据]
0=85
1=122
2=118
3=5667
4=2200
5=1750
6=40
7=1
8=0
9=0
10=152
11=2642
12=2458
[控制固参]
0=0
