[CCD原图]
CCD0=54 62 68 67 73 68 70 67 69 64 66 64 66 64 75 80 83 84 88 86 91 90 87 88 90 79 73 70 74 69 71 72 78 77 78 76 78 76 80 79 81 82 87 83 85 79 78 77 78 78 80 77 79 77 80 73 74 74 77 78 76 73 76 74 74 70 72 71 74 73 80 80 81 75 79 78 78 76 79 79 86 91 106 114 122 123 127 129 128 127 127 126 127 124 128 128 129 124 129 130 132 130 132 129 128 129 129 129 127 125 125 123 125 119 124 120 123 122 124 121 123 122 125 123 122 127 132 132 
CCD1=0 0 0 0 0 0 0 0 0 0 0 0 0 0 0 0 0 0 0 0 0 0 0 0 0 0 0 0 0 0 0 0 0 0 0 0 0 0 0 0 0 0 0 0 0 0 0 0 0 0 0 0 0 0 0 0 0 0 0 0 0 0 0 0 0 0 0 0 0 0 0 0 0 0 0 0 0 0 0 0 0 0 0 0 0 0 0 0 0 0 0 0 0 0 0 0 0 0 0 0 0 0 0 0 0 0 0 0 0 0 0 0 0 0 0 0 0 0 0 0 0 0 0 0 0 0 0 0 
[CCD拟图]
CCDLRC0=13 26 19 
CCDLRC1=13 26 19 
CCDLRC2=0 0 0 
[反馈数据]
0=85
1=122
2=118
3=5667
4=2200
5=1750
6=40
7=1
8=0
9=0
10=156
11=2646
12=2462
[控制固参]
0=0
