[CCD原图]
CCD0=54 62 68 67 71 67 69 66 68 63 66 63 66 65 74 79 82 83 86 85 90 88 85 86 89 78 72 69 74 68 70 72 77 76 78 75 77 75 79 79 80 82 87 83 85 79 77 76 78 77 79 76 78 77 79 73 74 73 77 78 75 72 76 73 73 70 72 71 74 73 80 79 80 75 79 78 78 76 78 78 85 91 107 114 123 123 127 128 127 127 127 125 127 124 127 127 129 124 129 129 133 131 133 129 128 130 130 130 127 125 125 124 125 119 124 119 124 122 124 121 123 122 125 123 122 128 134 133 
CCD1=0 0 0 0 0 0 0 0 0 0 0 0 0 0 0 0 0 0 0 0 0 0 0 0 0 0 0 0 0 0 0 0 0 0 0 0 0 0 0 0 0 0 0 0 0 0 0 0 0 0 0 0 0 0 0 0 0 0 0 0 0 0 0 0 0 0 0 0 0 0 0 0 0 0 0 0 0 0 0 0 0 0 0 0 0 0 0 0 0 0 0 0 0 0 0 0 0 0 0 0 0 0 0 0 0 0 0 0 0 0 0 0 0 0 0 0 0 0 0 0 0 0 0 0 0 0 0 0 
[CCD拟图]
CCDLRC0=13 26 19 
CCDLRC1=13 26 19 
CCDLRC2=0 0 0 
[反馈数据]
0=85
1=122
2=118
3=5667
4=2200
5=1750
6=40
7=1
8=0
9=0
10=164
11=2654
12=2470
[控制固参]
0=0
