[CCD原图]
CCD0=54 62 68 67 71 68 69 67 68 64 66 64 66 65 74 79 83 82 86 84 89 88 85 86 88 78 72 70 74 69 70 72 77 76 78 76 78 75 79 78 81 82 86 83 85 78 77 76 77 77 79 76 78 77 79 73 74 73 76 78 75 71 76 74 74 70 72 71 74 73 79 79 80 76 79 77 79 76 78 78 86 90 106 113 121 122 125 127 127 126 126 124 126 124 126 127 129 124 128 129 133 130 133 129 128 130 129 129 126 125 125 124 125 118 123 119 123 122 124 120 123 122 125 124 122 127 133 132 
CCD1=0 0 0 0 0 0 0 0 0 0 0 0 0 0 0 0 0 0 0 0 0 0 0 0 0 0 0 0 0 0 0 0 0 0 0 0 0 0 0 0 0 0 0 0 0 0 0 0 0 0 0 0 0 0 0 0 0 0 0 0 0 0 0 0 0 0 0 0 0 0 0 0 0 0 0 0 0 0 0 0 0 0 0 0 0 0 0 0 0 0 0 0 0 0 0 0 0 0 0 0 0 0 0 0 0 0 0 0 0 0 0 0 0 0 0 0 0 0 0 0 0 0 0 0 0 0 0 0 
[CCD拟图]
CCDLRC0=13 26 19 
CCDLRC1=13 26 19 
CCDLRC2=0 0 0 
[反馈数据]
0=85
1=122
2=118
3=5667
4=2200
5=1750
6=40
7=1
8=0
9=0
10=189
11=2679
12=2495
[控制固参]
0=0
