[CCD原图]
CCD0=54 62 67 67 71 67 69 66 68 63 66 64 66 64 74 79 82 82 86 85 89 89 86 87 90 79 73 70 75 69 71 72 78 76 79 76 79 76 79 79 82 83 88 84 86 79 77 76 78 77 80 77 79 78 80 73 75 73 77 79 76 72 77 74 74 70 72 71 73 73 80 79 80 75 80 78 79 76 78 78 85 91 106 113 123 124 126 130 128 128 127 125 128 126 128 128 130 126 130 130 133 131 133 130 129 130 131 130 127 126 126 124 125 120 125 121 124 123 125 123 124 123 126 124 123 129 134 134 
CCD1=0 0 0 0 0 0 0 0 0 0 0 0 0 0 0 0 0 0 0 0 0 0 0 0 0 0 0 0 0 0 0 0 0 0 0 0 0 0 0 0 0 0 0 0 0 0 0 0 0 0 0 0 0 0 0 0 0 0 0 0 0 0 0 0 0 0 0 0 0 0 0 0 0 0 0 0 0 0 0 0 0 0 0 0 0 0 0 0 0 0 0 0 0 0 0 0 0 0 0 0 0 0 0 0 0 0 0 0 0 0 0 0 0 0 0 0 0 0 0 0 0 0 0 0 0 0 0 0 
[CCD拟图]
CCDLRC0=13 26 19 
CCDLRC1=13 26 19 
CCDLRC2=0 0 0 
[反馈数据]
0=85
1=122
2=118
3=5667
4=2200
5=1750
6=40
7=1
8=0
9=0
10=231
11=2721
12=2537
[控制固参]
0=0
