[CCD原图]
CCD0=54 62 68 67 73 67 70 66 68 64 66 64 66 64 74 78 82 82 86 85 89 88 86 87 90 80 73 70 74 69 70 72 78 77 79 77 79 77 79 79 82 83 87 84 86 79 78 76 78 78 80 77 79 77 80 73 74 74 77 78 77 72 76 74 74 69 72 71 73 72 79 80 81 75 79 78 78 76 78 78 85 90 106 113 122 124 127 129 128 128 127 125 128 125 128 128 129 125 128 130 133 130 133 130 129 130 130 129 127 126 125 124 126 120 125 120 124 122 124 121 124 123 126 124 122 128 133 134 
CCD1=0 0 0 0 0 0 0 0 0 0 0 0 0 0 0 0 0 0 0 0 0 0 0 0 0 0 0 0 0 0 0 0 0 0 0 0 0 0 0 0 0 0 0 0 0 0 0 0 0 0 0 0 0 0 0 0 0 0 0 0 0 0 0 0 0 0 0 0 0 0 0 0 0 0 0 0 0 0 0 0 0 0 0 0 0 0 0 0 0 0 0 0 0 0 0 0 0 0 0 0 0 0 0 0 0 0 0 0 0 0 0 0 0 0 0 0 0 0 0 0 0 0 0 0 0 0 0 0 
[CCD拟图]
CCDLRC0=13 26 19 
CCDLRC1=13 26 19 
CCDLRC2=0 0 0 
[反馈数据]
0=85
1=122
2=118
3=5667
4=2200
5=1750
6=40
7=1
8=0
9=0
10=235
11=2725
12=2541
[控制固参]
0=0
