[CCD原图]
CCD0=58 65 64 70 70 73 70 73 70 72 69 71 69 71 69 70 69 72 70 72 69 70 68 72 70 72 69 71 70 71 71 73 72 75 73 76 73 76 74 76 74 77 75 79 77 79 78 81 79 82 79 80 80 82 79 82 80 82 81 83 79 82 78 80 79 81 80 81 79 82 79 81 78 80 78 80 79 80 78 80 77 80 77 79 77 79 78 78 77 78 76 79 76 78 77 78 76 79 77 79 76 78 76 78 76 77 76 77 75 78 74 77 74 76 73 76 74 76 74 75 74 75 74 75 74 77 75 69 
CCD1=0 0 0 0 0 0 0 0 0 0 0 0 0 0 0 0 0 0 0 0 0 0 0 0 0 0 0 0 0 0 0 0 0 0 0 0 0 0 0 0 0 0 0 0 0 0 0 0 0 0 0 0 0 0 0 0 0 0 0 0 0 0 0 0 0 0 0 0 0 0 0 0 0 0 0 0 0 0 0 0 0 0 0 0 0 0 0 0 0 0 0 0 0 0 0 0 0 0 0 0 0 0 0 0 0 0 0 0 0 0 0 0 0 0 0 0 0 0 0 0 0 0 0 0 0 0 0 0 
[CCD拟图]
CCDLRC0=64 64 64 
CCDLRC1=64 64 64 
CCDLRC2=0 0 0 
[反馈数据]
0=85
1=122
2=118
3=5667
4=2200
5=1750
6=40
7=1
8=0
9=0
10=5
11=2751
12=2567
[控制固参]
0=0
