[CCD原图]
CCD0=57 64 63 67 67 71 68 69 66 69 66 69 67 69 68 70 68 69 67 69 67 69 69 72 70 72 70 73 71 73 71 73 71 74 72 75 72 74 73 75 74 76 74 78 75 78 76 79 77 80 78 79 78 80 78 81 78 81 78 81 77 82 78 81 78 80 79 80 77 80 78 80 77 79 77 79 77 79 78 79 76 78 76 78 76 78 76 77 75 76 74 77 74 76 74 77 74 76 75 76 74 76 74 76 74 76 75 76 74 76 74 76 73 75 73 76 73 76 74 75 73 76 73 75 74 76 74 68 
CCD1=0 0 0 0 0 0 0 0 0 0 0 0 0 0 0 0 0 0 0 0 0 0 0 0 0 0 0 0 0 0 0 0 0 0 0 0 0 0 0 0 0 0 0 0 0 0 0 0 0 0 0 0 0 0 0 0 0 0 0 0 0 0 0 0 0 0 0 0 0 0 0 0 0 0 0 0 0 0 0 0 0 0 0 0 0 0 0 0 0 0 0 0 0 0 0 0 0 0 0 0 0 0 0 0 0 0 0 0 0 0 0 0 0 0 0 0 0 0 0 0 0 0 0 0 0 0 0 0 
[CCD拟图]
CCDLRC0=64 64 64 
CCDLRC1=64 64 64 
CCDLRC2=0 0 0 
[反馈数据]
0=85
1=122
2=118
3=5667
4=2200
5=1750
6=40
7=1
8=0
9=0
10=17
11=2763
12=2579
[控制固参]
0=0
