[CCD原图]
CCD0=56 63 62 68 67 71 67 68 65 67 65 66 65 67 66 68 66 68 66 69 68 69 68 73 70 72 70 72 71 72 71 72 72 74 72 74 72 74 73 75 73 75 73 77 75 78 76 79 78 80 78 79 77 80 77 80 78 80 79 81 77 81 78 80 78 80 78 79 77 80 77 79 77 79 76 79 77 79 76 79 76 79 76 78 76 78 76 77 76 76 74 76 74 76 74 76 74 76 75 76 74 76 74 76 74 76 74 75 74 75 74 75 74 76 72 75 73 75 73 75 73 74 73 74 73 76 74 68 
CCD1=0 0 0 0 0 0 0 0 0 0 0 0 0 0 0 0 0 0 0 0 0 0 0 0 0 0 0 0 0 0 0 0 0 0 0 0 0 0 0 0 0 0 0 0 0 0 0 0 0 0 0 0 0 0 0 0 0 0 0 0 0 0 0 0 0 0 0 0 0 0 0 0 0 0 0 0 0 0 0 0 0 0 0 0 0 0 0 0 0 0 0 0 0 0 0 0 0 0 0 0 0 0 0 0 0 0 0 0 0 0 0 0 0 0 0 0 0 0 0 0 0 0 0 0 0 0 0 0 
[CCD拟图]
CCDLRC0=64 64 64 
CCDLRC1=64 64 64 
CCDLRC2=0 0 0 
[反馈数据]
0=85
1=122
2=118
3=5667
4=2200
5=1750
6=40
7=1
8=0
9=0
10=19
11=2765
12=2581
[控制固参]
0=0
