[CCD原图]
CCD0=56 63 63 67 65 68 65 69 67 69 67 69 67 70 67 69 67 69 67 69 66 67 66 68 66 68 67 69 68 69 68 70 69 72 70 72 69 72 70 74 70 72 72 75 74 76 75 78 76 79 77 78 76 79 76 80 78 79 78 80 76 80 77 79 77 79 77 79 77 79 77 78 76 79 76 78 76 79 76 78 75 78 76 78 75 77 75 76 74 76 73 76 74 75 74 76 73 76 74 76 73 75 73 75 74 75 74 75 73 75 74 76 73 75 73 75 73 75 73 75 73 75 72 74 73 75 73 67 
CCD1=0 0 0 0 0 0 0 0 0 0 0 0 0 0 0 0 0 0 0 0 0 0 0 0 0 0 0 0 0 0 0 0 0 0 0 0 0 0 0 0 0 0 0 0 0 0 0 0 0 0 0 0 0 0 0 0 0 0 0 0 0 0 0 0 0 0 0 0 0 0 0 0 0 0 0 0 0 0 0 0 0 0 0 0 0 0 0 0 0 0 0 0 0 0 0 0 0 0 0 0 0 0 0 0 0 0 0 0 0 0 0 0 0 0 0 0 0 0 0 0 0 0 0 0 0 0 0 0 
[CCD拟图]
CCDLRC0=64 64 64 
CCDLRC1=64 64 64 
CCDLRC2=0 0 0 
[反馈数据]
0=85
1=122
2=118
3=5667
4=2200
5=1750
6=40
7=1
8=0
9=0
10=25
11=2771
12=2587
[控制固参]
0=0
