[CCD原图]
CCD0=57 63 62 68 67 70 68 69 67 70 68 70 67 69 68 69 68 70 68 70 68 69 68 71 69 72 69 72 70 72 70 72 71 72 70 73 70 73 72 73 71 73 72 75 73 76 74 76 75 77 75 77 75 78 76 79 77 79 77 79 75 80 76 79 77 79 76 78 75 79 76 78 75 78 75 78 75 78 75 77 74 77 75 77 75 76 75 76 75 76 73 76 73 75 73 75 72 75 73 76 73 75 72 74 73 75 74 76 73 75 72 75 73 75 73 75 73 75 73 75 73 75 72 74 73 75 74 68 
CCD1=0 0 0 0 0 0 0 0 0 0 0 0 0 0 0 0 0 0 0 0 0 0 0 0 0 0 0 0 0 0 0 0 0 0 0 0 0 0 0 0 0 0 0 0 0 0 0 0 0 0 0 0 0 0 0 0 0 0 0 0 0 0 0 0 0 0 0 0 0 0 0 0 0 0 0 0 0 0 0 0 0 0 0 0 0 0 0 0 0 0 0 0 0 0 0 0 0 0 0 0 0 0 0 0 0 0 0 0 0 0 0 0 0 0 0 0 0 0 0 0 0 0 0 0 0 0 0 0 
[CCD拟图]
CCDLRC0=64 64 64 
CCDLRC1=64 64 64 
CCDLRC2=0 0 0 
[反馈数据]
0=85
1=122
2=118
3=5667
4=2200
5=1750
6=40
7=1
8=0
9=0
10=32
11=2778
12=2594
[控制固参]
0=0
