[CCD原图]
CCD0=54 61 67 68 76 79 84 81 84 81 83 81 83 79 76 75 78 99 121 120 124 121 113 121 128 128 132 132 136 135 135 133 133 132 134 132 135 130 132 132 132 131 135 133 137 135 137 137 140 139 141 140 138 137 142 137 143 142 144 146 150 144 160 156 164 163 161 159 157 149 148 143 143 136 140 137 138 136 138 136 138 133 137 130 104 81 82 81 84 85 86 84 86 84 85 83 85 82 84 82 83 80 83 80 82 80 82 82 82 80 82 79 82 78 81 79 81 80 81 78 80 78 80 79 79 80 82 80 
CCD1=0 0 0 0 0 0 0 0 0 0 0 0 0 0 0 0 0 0 0 0 0 0 0 0 0 0 0 0 0 0 0 0 0 0 0 0 0 0 0 0 0 0 0 0 0 0 0 0 0 0 0 0 0 0 0 0 0 0 0 0 0 0 0 0 0 0 0 0 0 0 0 0 0 0 0 0 0 0 0 0 0 0 0 0 0 0 0 0 0 0 0 0 0 0 0 0 0 0 0 0 0 0 0 0 0 0 0 0 0 0 0 0 0 0 0 0 0 0 0 0 0 0 0 0 0 0 0 0 
[CCD拟图]
CCDLRC0=16 85 50 
CCDLRC1=16 85 50 
CCDLRC2=0 0 0 
[反馈数据]
0=85
1=122
2=118
3=5667
4=2200
5=1750
6=40
7=1
8=0
9=0
10=35
11=221
12=37
[控制固参]
0=0
