[CCD原图]
CCD0=54 61 66 66 73 75 79 77 79 77 79 76 79 76 78 77 79 78 80 78 81 78 77 79 82 80 83 81 83 81 83 82 83 83 85 84 86 83 85 83 83 82 88 94 108 118 131 138 143 143 145 146 143 143 147 143 148 146 148 149 151 142 155 148 152 149 149 150 150 146 149 147 149 143 148 145 148 146 149 148 150 146 150 147 148 145 145 147 145 144 142 139 141 137 140 139 141 136 138 137 137 133 136 134 134 135 136 138 134 133 134 132 134 128 134 129 133 131 131 124 114 101 92 82 80 80 85 85 
CCD1=0 0 0 0 0 0 0 0 0 0 0 0 0 0 0 0 0 0 0 0 0 0 0 0 0 0 0 0 0 0 0 0 0 0 0 0 0 0 0 0 0 0 0 0 0 0 0 0 0 0 0 0 0 0 0 0 0 0 0 0 0 0 0 0 0 0 0 0 0 0 0 0 0 0 0 0 0 0 0 0 0 0 0 0 0 0 0 0 0 0 0 0 0 0 0 0 0 0 0 0 0 0 0 0 0 0 0 0 0 0 0 0 0 0 0 0 0 0 0 0 0 0 0 0 0 0 0 0 
[CCD拟图]
CCDLRC0=45 122 86 
CCDLRC1=45 122 86 
CCDLRC2=0 0 0 
[反馈数据]
0=85
1=122
2=118
3=5667
4=2200
5=1750
6=40
7=1
8=0
9=0
10=48
11=490
12=306
[控制固参]
0=0
