[CCD原图]
CCD0=53 60 66 66 73 75 80 77 79 76 79 76 78 76 79 77 79 78 81 78 82 80 78 79 83 81 84 81 85 83 84 82 83 80 82 85 101 115 133 138 139 139 143 140 146 142 144 144 147 146 147 146 143 143 146 142 147 145 147 148 150 141 157 150 154 153 152 153 152 149 150 149 151 145 150 147 150 147 147 147 149 143 146 143 145 141 142 144 143 143 142 139 142 139 142 142 144 139 143 142 142 137 141 138 138 140 138 127 98 80 78 76 81 81 86 83 85 84 85 82 84 83 84 81 83 83 85 83 
CCD1=0 0 0 0 0 0 0 0 0 0 0 0 0 0 0 0 0 0 0 0 0 0 0 0 0 0 0 0 0 0 0 0 0 0 0 0 0 0 0 0 0 0 0 0 0 0 0 0 0 0 0 0 0 0 0 0 0 0 0 0 0 0 0 0 0 0 0 0 0 0 0 0 0 0 0 0 0 0 0 0 0 0 0 0 0 0 0 0 0 0 0 0 0 0 0 0 0 0 0 0 0 0 0 0 0 0 0 0 0 0 0 0 0 0 0 0 0 0 0 0 0 0 0 0 0 0 0 0 
[CCD拟图]
CCDLRC0=35 111 73 
CCDLRC1=35 111 73 
CCDLRC2=0 0 0 
[反馈数据]
0=85
1=122
2=118
3=5667
4=2200
5=1750
6=40
7=1
8=0
9=0
10=54
11=496
12=312
[控制固参]
0=0
