[CCD原图]
CCD0=54 61 67 67 74 75 80 78 81 77 80 77 80 76 80 78 80 78 81 79 82 80 79 80 84 82 84 82 85 83 84 84 86 86 87 86 88 85 88 83 80 75 77 76 84 101 123 135 143 142 144 144 142 143 148 144 150 149 152 153 154 144 158 150 153 151 148 149 149 145 148 145 147 140 145 142 144 143 144 143 145 140 143 141 141 139 140 143 141 141 141 138 141 138 141 141 143 139 143 143 143 139 141 138 137 136 127 103 87 83 86 84 86 83 85 82 84 82 84 82 83 81 83 81 82 82 85 84 
CCD1=0 0 0 0 0 0 0 0 0 0 0 0 0 0 0 0 0 0 0 0 0 0 0 0 0 0 0 0 0 0 0 0 0 0 0 0 0 0 0 0 0 0 0 0 0 0 0 0 0 0 0 0 0 0 0 0 0 0 0 0 0 0 0 0 0 0 0 0 0 0 0 0 0 0 0 0 0 0 0 0 0 0 0 0 0 0 0 0 0 0 0 0 0 0 0 0 0 0 0 0 0 0 0 0 0 0 0 0 0 0 0 0 0 0 0 0 0 0 0 0 0 0 0 0 0 0 0 0 
[CCD拟图]
CCDLRC0=46 107 76 
CCDLRC1=46 107 76 
CCDLRC2=0 0 0 
[反馈数据]
0=85
1=122
2=118
3=5667
4=2200
5=1750
6=40
7=1
8=0
9=0
10=63
11=505
12=321
[控制固参]
0=0
