[CCD原图]
CCD0=54 61 67 66 73 75 80 77 80 77 79 77 79 76 78 76 78 78 80 79 81 79 78 79 83 81 84 82 83 77 78 79 84 84 86 84 87 84 88 86 87 82 79 76 78 75 79 93 123 138 144 145 143 143 148 143 149 150 153 152 154 144 158 150 154 152 149 150 150 147 149 147 149 143 148 145 147 145 146 145 147 142 146 142 144 141 141 144 141 142 140 138 140 137 140 139 141 137 141 141 141 137 140 136 137 139 140 140 137 136 136 133 134 128 131 127 126 97 83 78 81 82 85 83 83 83 86 84 
CCD1=0 0 0 0 0 0 0 0 0 0 0 0 0 0 0 0 0 0 0 0 0 0 0 0 0 0 0 0 0 0 0 0 0 0 0 0 0 0 0 0 0 0 0 0 0 0 0 0 0 0 0 0 0 0 0 0 0 0 0 0 0 0 0 0 0 0 0 0 0 0 0 0 0 0 0 0 0 0 0 0 0 0 0 0 0 0 0 0 0 0 0 0 0 0 0 0 0 0 0 0 0 0 0 0 0 0 0 0 0 0 0 0 0 0 0 0 0 0 0 0 0 0 0 0 0 0 0 0 
[CCD拟图]
CCDLRC0=41 118 79 
CCDLRC1=41 118 79 
CCDLRC2=0 0 0 
[反馈数据]
0=85
1=122
2=118
3=5667
4=2200
5=1750
6=40
7=1
8=0
9=0
10=74
11=516
12=332
[控制固参]
0=0
