[CCD原图]
CCD0=55 63 69 69 75 77 83 80 82 79 82 78 81 78 81 79 81 80 82 81 83 80 80 80 85 83 85 83 85 83 84 84 85 84 86 85 87 84 88 86 88 86 88 85 86 80 81 79 82 95 123 133 132 132 137 133 139 138 141 142 144 134 147 139 144 141 141 142 144 141 143 142 145 139 145 143 145 143 144 143 145 139 143 140 141 138 139 141 139 137 137 134 136 132 135 134 136 131 133 133 132 128 131 128 129 131 132 132 129 127 128 127 129 122 122 99 82 76 77 76 80 81 84 82 83 83 85 85 
CCD1=0 0 0 0 0 0 0 0 0 0 0 0 0 0 0 0 0 0 0 0 0 0 0 0 0 0 0 0 0 0 0 0 0 0 0 0 0 0 0 0 0 0 0 0 0 0 0 0 0 0 0 0 0 0 0 0 0 0 0 0 0 0 0 0 0 0 0 0 0 0 0 0 0 0 0 0 0 0 0 0 0 0 0 0 0 0 0 0 0 0 0 0 0 0 0 0 0 0 0 0 0 0 0 0 0 0 0 0 0 0 0 0 0 0 0 0 0 0 0 0 0 0 0 0 0 0 0 0 
[CCD拟图]
CCDLRC0=48 117 82 
CCDLRC1=48 117 82 
CCDLRC2=0 0 0 
[反馈数据]
0=85
1=122
2=118
3=5667
4=2200
5=1750
6=40
7=1
8=0
9=0
10=139
11=581
12=397
[控制固参]
0=0
