[CCD原图]
CCD0=55 62 68 68 77 78 84 82 85 82 85 82 83 76 76 75 88 113 123 121 125 122 115 124 131 130 134 133 138 136 137 136 137 135 136 133 135 131 136 134 135 133 136 134 139 135 138 138 141 139 141 140 138 138 143 138 145 144 146 148 151 143 157 150 155 151 149 148 148 143 144 142 144 138 142 139 141 138 139 137 140 133 138 127 100 83 84 82 86 86 86 84 87 84 85 85 86 82 85 84 84 81 83 81 82 81 82 82 83 81 83 80 82 79 82 79 81 79 82 79 81 80 81 79 80 80 83 81 
CCD1=0 0 0 0 0 0 0 0 0 0 0 0 0 0 0 0 0 0 0 0 0 0 0 0 0 0 0 0 0 0 0 0 0 0 0 0 0 0 0 0 0 0 0 0 0 0 0 0 0 0 0 0 0 0 0 0 0 0 0 0 0 0 0 0 0 0 0 0 0 0 0 0 0 0 0 0 0 0 0 0 0 0 0 0 0 0 0 0 0 0 0 0 0 0 0 0 0 0 0 0 0 0 0 0 0 0 0 0 0 0 0 0 0 0 0 0 0 0 0 0 0 0 0 0 0 0 0 0 
[CCD拟图]
CCDLRC0=15 85 50 
CCDLRC1=15 85 50 
CCDLRC2=0 0 0 
[反馈数据]
0=85
1=122
2=118
3=5667
4=2200
5=1750
6=40
7=1
8=0
9=0
10=44
11=230
12=46
[控制固参]
0=0
