[CCD原图]
CCD0=55 61 67 68 75 77 82 79 81 79 81 79 81 78 80 79 81 79 82 79 82 79 78 78 82 80 83 80 83 82 83 82 84 83 85 83 86 83 85 78 78 78 90 120 132 129 132 133 136 135 136 136 135 134 138 134 139 138 139 140 143 133 146 139 145 144 144 146 147 145 148 146 149 143 149 146 147 144 144 143 145 139 143 139 139 136 137 138 136 135 134 131 134 131 132 131 133 129 131 130 130 126 129 125 125 125 127 128 122 104 84 79 80 78 82 80 83 81 82 81 83 81 82 80 81 81 83 82 
CCD1=0 0 0 0 0 0 0 0 0 0 0 0 0 0 0 0 0 0 0 0 0 0 0 0 0 0 0 0 0 0 0 0 0 0 0 0 0 0 0 0 0 0 0 0 0 0 0 0 0 0 0 0 0 0 0 0 0 0 0 0 0 0 0 0 0 0 0 0 0 0 0 0 0 0 0 0 0 0 0 0 0 0 0 0 0 0 0 0 0 0 0 0 0 0 0 0 0 0 0 0 0 0 0 0 0 0 0 0 0 0 0 0 0 0 0 0 0 0 0 0 0 0 0 0 0 0 0 0 
[CCD拟图]
CCDLRC0=41 111 76 
CCDLRC1=41 111 76 
CCDLRC2=0 0 0 
[反馈数据]
0=85
1=122
2=118
3=5667
4=2200
5=1750
6=40
7=1
8=0
9=0
10=161
11=603
12=419
[控制固参]
0=0
