[CCD原图]
CCD0=54 62 68 68 77 78 84 81 84 81 83 76 72 69 72 71 88 108 121 122 126 123 116 123 131 129 134 133 137 136 136 135 135 133 133 131 134 130 135 134 134 132 136 133 137 134 137 138 141 139 141 141 138 139 143 139 144 144 147 150 152 143 158 150 154 151 148 147 146 142 144 141 143 137 142 137 139 137 138 136 139 133 134 106 88 84 86 85 88 85 86 84 87 84 85 83 85 82 84 82 83 81 83 81 82 81 83 81 82 80 82 80 82 79 82 79 81 80 81 79 80 79 80 79 80 80 82 80 
CCD1=0 0 0 0 0 0 0 0 0 0 0 0 0 0 0 0 0 0 0 0 0 0 0 0 0 0 0 0 0 0 0 0 0 0 0 0 0 0 0 0 0 0 0 0 0 0 0 0 0 0 0 0 0 0 0 0 0 0 0 0 0 0 0 0 0 0 0 0 0 0 0 0 0 0 0 0 0 0 0 0 0 0 0 0 0 0 0 0 0 0 0 0 0 0 0 0 0 0 0 0 0 0 0 0 0 0 0 0 0 0 0 0 0 0 0 0 0 0 0 0 0 0 0 0 0 0 0 0 
[CCD拟图]
CCDLRC0=15 85 50 
CCDLRC1=15 85 50 
CCDLRC2=0 0 0 
[反馈数据]
0=85
1=122
2=118
3=5667
4=2200
5=1750
6=40
7=1
8=0
9=0
10=50
11=236
12=52
[控制固参]
0=0
