[CCD原图]
CCD0=54 61 66 66 74 75 80 77 80 77 79 76 79 76 79 77 79 78 80 78 81 79 78 76 76 73 82 109 127 126 127 127 129 130 133 131 135 130 136 135 135 133 136 134 138 134 136 137 140 138 139 139 138 137 143 139 143 142 143 143 145 136 148 140 145 143 142 143 143 141 144 142 143 137 142 139 142 140 142 141 143 138 142 139 141 139 139 141 139 138 136 131 119 88 81 77 81 81 84 82 82 80 82 80 81 79 82 81 80 79 81 78 81 77 81 78 80 78 80 78 80 78 79 78 79 79 82 80 
CCD1=0 0 0 0 0 0 0 0 0 0 0 0 0 0 0 0 0 0 0 0 0 0 0 0 0 0 0 0 0 0 0 0 0 0 0 0 0 0 0 0 0 0 0 0 0 0 0 0 0 0 0 0 0 0 0 0 0 0 0 0 0 0 0 0 0 0 0 0 0 0 0 0 0 0 0 0 0 0 0 0 0 0 0 0 0 0 0 0 0 0 0 0 0 0 0 0 0 0 0 0 0 0 0 0 0 0 0 0 0 0 0 0 0 0 0 0 0 0 0 0 0 0 0 0 0 0 0 0 
[CCD拟图]
CCDLRC0=26 94 60 
CCDLRC1=26 94 60 
CCDLRC2=0 0 0 
[反馈数据]
0=85
1=122
2=118
3=5667
4=2200
5=1750
6=40
7=1
8=0
9=0
10=198
11=640
12=456
[控制固参]
0=0
