[CCD原图]
CCD0=53 61 66 67 73 74 79 76 79 73 73 70 71 72 93 111 116 116 121 120 123 121 112 118 125 123 127 125 128 125 126 126 128 127 130 130 133 129 135 134 134 132 135 132 137 133 135 136 139 136 138 138 135 135 139 135 139 137 139 140 142 133 145 137 141 140 140 141 142 139 141 140 142 136 141 138 141 138 140 139 139 121 92 78 78 77 83 84 84 82 83 81 83 80 82 81 82 80 82 80 82 78 81 79 80 79 80 78 80 78 79 78 79 77 79 77 79 77 79 78 79 78 80 78 79 79 82 80 
CCD1=0 0 0 0 0 0 0 0 0 0 0 0 0 0 0 0 0 0 0 0 0 0 0 0 0 0 0 0 0 0 0 0 0 0 0 0 0 0 0 0 0 0 0 0 0 0 0 0 0 0 0 0 0 0 0 0 0 0 0 0 0 0 0 0 0 0 0 0 0 0 0 0 0 0 0 0 0 0 0 0 0 0 0 0 0 0 0 0 0 0 0 0 0 0 0 0 0 0 0 0 0 0 0 0 0 0 0 0 0 0 0 0 0 0 0 0 0 0 0 0 0 0 0 0 0 0 0 0 
[CCD拟图]
CCDLRC0=14 83 48 
CCDLRC1=14 83 48 
CCDLRC2=0 0 0 
[反馈数据]
0=85
1=122
2=118
3=5667
4=2200
5=1750
6=40
7=1
8=0
9=0
10=229
11=671
12=487
[控制固参]
0=0
