[CCD原图]
CCD0=54 61 67 67 73 74 80 76 79 74 73 69 77 98 110 112 112 111 116 114 118 115 108 113 120 118 121 120 123 121 122 123 125 125 128 127 131 127 131 130 130 129 132 130 135 131 134 134 136 134 136 135 133 132 136 131 136 135 136 136 137 129 140 133 137 134 134 135 136 132 135 133 135 129 134 131 134 131 131 120 90 77 77 76 82 82 84 83 84 82 83 80 83 80 82 81 82 80 82 80 81 78 80 78 79 78 80 78 80 77 79 77 79 76 78 76 79 77 79 77 79 77 79 77 78 78 81 81 
CCD1=0 0 0 0 0 0 0 0 0 0 0 0 0 0 0 0 0 0 0 0 0 0 0 0 0 0 0 0 0 0 0 0 0 0 0 0 0 0 0 0 0 0 0 0 0 0 0 0 0 0 0 0 0 0 0 0 0 0 0 0 0 0 0 0 0 0 0 0 0 0 0 0 0 0 0 0 0 0 0 0 0 0 0 0 0 0 0 0 0 0 0 0 0 0 0 0 0 0 0 0 0 0 0 0 0 0 0 0 0 0 0 0 0 0 0 0 0 0 0 0 0 0 0 0 0 0 0 0 
[CCD拟图]
CCDLRC0=12 81 46 
CCDLRC1=12 81 46 
CCDLRC2=0 0 0 
[反馈数据]
0=85
1=122
2=118
3=5667
4=2200
5=1750
6=40
7=1
8=0
9=0
10=238
11=680
12=496
[控制固参]
0=0
