[CCD原图]
CCD0=52 58 63 62 67 66 70 67 69 67 70 67 69 67 69 68 69 68 70 68 71 68 69 68 71 69 71 69 71 69 71 69 71 70 72 70 72 70 72 71 72 70 73 71 74 72 74 72 73 72 74 73 74 72 74 72 75 73 75 75 76 73 77 74 76 74 76 74 76 73 75 73 74 71 73 71 73 70 72 71 74 72 74 73 76 74 77 76 78 76 77 75 77 75 78 76 77 75 78 75 77 74 76 75 75 74 75 74 75 74 76 73 76 73 75 73 76 74 76 74 76 75 76 74 75 76 79 78 
CCD1=0 0 0 0 0 0 0 0 0 0 0 0 0 0 0 0 0 0 0 0 0 0 0 0 0 0 0 0 0 0 0 0 0 0 0 0 0 0 0 0 0 0 0 0 0 0 0 0 0 0 0 0 0 0 0 0 0 0 0 0 0 0 0 0 0 0 0 0 0 0 0 0 0 0 0 0 0 0 0 0 0 0 0 0 0 0 0 0 0 0 0 0 0 0 0 0 0 0 0 0 0 0 0 0 0 0 0 0 0 0 0 0 0 0 0 0 0 0 0 0 0 0 0 0 0 0 0 0 
[CCD拟图]
CCDLRC0=6 122 118 
CCDLRC1=6 122 118 
CCDLRC2=0 0 0 
[反馈数据]
0=85
1=122
2=118
3=5667
4=2200
5=1750
6=40
7=1
8=0
9=0
10=25
11=723
12=539
[控制固参]
0=0
