[CCD原图]
CCD0=54 61 66 67 72 73 78 76 78 72 74 71 73 75 100 114 117 117 123 120 124 121 112 120 127 125 129 128 131 130 131 131 134 135 138 138 141 134 138 136 136 133 136 134 137 133 135 136 138 136 138 138 135 133 137 133 136 134 137 137 140 132 145 139 144 143 142 144 144 142 146 144 147 142 146 142 145 141 139 126 97 79 81 79 82 82 88 87 88 86 87 84 87 84 86 85 86 83 85 83 85 82 84 82 83 83 85 84 84 83 85 84 86 83 87 84 87 85 87 83 85 83 84 82 82 82 86 83 
CCD1=0 0 0 0 0 0 0 0 0 0 0 0 0 0 0 0 0 0 0 0 0 0 0 0 0 0 0 0 0 0 0 0 0 0 0 0 0 0 0 0 0 0 0 0 0 0 0 0 0 0 0 0 0 0 0 0 0 0 0 0 0 0 0 0 0 0 0 0 0 0 0 0 0 0 0 0 0 0 0 0 0 0 0 0 0 0 0 0 0 0 0 0 0 0 0 0 0 0 0 0 0 0 0 0 0 0 0 0 0 0 0 0 0 0 0 0 0 0 0 0 0 0 0 0 0 0 0 0 
[CCD拟图]
CCDLRC0=13 81 47 
CCDLRC1=13 81 47 
CCDLRC2=0 0 0 
[反馈数据]
0=85
1=122
2=118
3=5667
4=2200
5=1750
6=40
7=1
8=0
9=0
10=111
11=809
12=625
[控制固参]
0=0
