[CCD原图]
CCD0=54 61 67 66 72 73 78 75 78 72 74 71 73 75 99 112 116 116 121 120 125 121 113 120 127 125 129 127 131 130 130 130 133 134 137 136 139 133 137 136 136 133 136 133 137 133 135 135 139 137 138 137 135 134 137 132 136 134 137 138 141 132 145 139 144 143 143 145 146 144 146 145 149 142 147 144 146 143 141 130 102 79 82 80 82 81 88 87 88 87 87 84 86 83 85 84 86 83 85 83 85 82 84 82 83 82 83 83 84 83 85 83 86 83 86 84 87 85 87 84 85 83 85 82 83 82 86 85 
CCD1=0 0 0 0 0 0 0 0 0 0 0 0 0 0 0 0 0 0 0 0 0 0 0 0 0 0 0 0 0 0 0 0 0 0 0 0 0 0 0 0 0 0 0 0 0 0 0 0 0 0 0 0 0 0 0 0 0 0 0 0 0 0 0 0 0 0 0 0 0 0 0 0 0 0 0 0 0 0 0 0 0 0 0 0 0 0 0 0 0 0 0 0 0 0 0 0 0 0 0 0 0 0 0 0 0 0 0 0 0 0 0 0 0 0 0 0 0 0 0 0 0 0 0 0 0 0 0 0 
[CCD拟图]
CCDLRC0=13 81 47 
CCDLRC1=13 81 47 
CCDLRC2=0 0 0 
[反馈数据]
0=85
1=122
2=118
3=5667
4=2200
5=1750
6=40
7=1
8=0
9=0
10=112
11=810
12=626
[控制固参]
0=0
