[CCD原图]
CCD0=54 60 66 66 72 72 75 71 74 71 75 70 73 70 73 78 104 110 115 113 118 115 108 113 120 118 120 119 123 122 122 122 124 124 125 125 129 124 129 129 129 127 130 128 134 132 136 139 143 140 139 135 132 131 134 130 135 132 133 134 136 127 139 132 136 133 133 134 135 133 135 135 138 132 137 135 140 139 141 140 142 135 137 132 120 90 84 82 85 86 87 85 87 84 86 85 86 83 85 83 85 82 83 81 83 82 83 82 83 82 83 81 83 79 82 80 83 81 83 81 83 81 83 82 83 83 87 85 
CCD1=0 0 0 0 0 0 0 0 0 0 0 0 0 0 0 0 0 0 0 0 0 0 0 0 0 0 0 0 0 0 0 0 0 0 0 0 0 0 0 0 0 0 0 0 0 0 0 0 0 0 0 0 0 0 0 0 0 0 0 0 0 0 0 0 0 0 0 0 0 0 0 0 0 0 0 0 0 0 0 0 0 0 0 0 0 0 0 0 0 0 0 0 0 0 0 0 0 0 0 0 0 0 0 0 0 0 0 0 0 0 0 0 0 0 0 0 0 0 0 0 0 0 0 0 0 0 0 0 
[CCD拟图]
CCDLRC0=15 87 51 
CCDLRC1=15 87 51 
CCDLRC2=0 0 0 
[反馈数据]
0=85
1=122
2=118
3=5667
4=2200
5=1750
6=40
7=1
8=0
9=0
10=135
11=833
12=649
[控制固参]
0=0
