[CCD原图]
CCD0=54 61 66 65 69 83 110 110 114 109 112 109 111 108 111 110 112 111 116 114 117 114 108 113 120 118 121 120 123 122 123 124 126 125 127 126 130 126 132 131 130 128 132 129 135 133 136 137 138 133 132 130 127 124 127 124 131 131 132 132 135 127 138 131 136 133 133 133 135 132 134 133 136 132 137 127 113 92 81 77 81 79 81 81 86 86 89 88 89 87 87 84 86 84 86 84 86 82 84 83 84 82 83 81 82 81 83 82 83 81 83 81 83 79 83 80 82 81 83 80 82 81 83 80 82 82 85 85 
CCD1=0 0 0 0 0 0 0 0 0 0 0 0 0 0 0 0 0 0 0 0 0 0 0 0 0 0 0 0 0 0 0 0 0 0 0 0 0 0 0 0 0 0 0 0 0 0 0 0 0 0 0 0 0 0 0 0 0 0 0 0 0 0 0 0 0 0 0 0 0 0 0 0 0 0 0 0 0 0 0 0 0 0 0 0 0 0 0 0 0 0 0 0 0 0 0 0 0 0 0 0 0 0 0 0 0 0 0 0 0 0 0 0 0 0 0 0 0 0 0 0 0 0 0 0 0 0 0 0 
[CCD拟图]
CCDLRC0=6 122 44 
CCDLRC1=6 122 44 
CCDLRC2=0 0 0 
[反馈数据]
0=85
1=122
2=118
3=5667
4=2200
5=1750
6=40
7=1
8=0
9=0
10=145
11=843
12=659
[控制固参]
0=0
