[CCD原图]
CCD0=53 59 65 63 68 68 72 69 71 68 71 69 72 69 72 70 73 71 74 72 74 71 71 70 73 72 80 88 102 108 113 114 116 113 112 113 119 117 122 122 122 120 124 121 125 122 123 124 127 125 127 126 125 123 128 124 129 128 130 134 142 138 157 152 156 151 145 142 139 134 133 131 134 127 131 129 131 130 132 130 134 129 132 129 130 128 130 132 130 129 128 125 128 126 129 129 133 129 133 131 128 123 124 119 115 105 92 78 76 74 77 76 81 80 82 80 82 80 81 79 81 79 81 79 80 80 84 82 
CCD1=0 0 0 0 0 0 0 0 0 0 0 0 0 0 0 0 0 0 0 0 0 0 0 0 0 0 0 0 0 0 0 0 0 0 0 0 0 0 0 0 0 0 0 0 0 0 0 0 0 0 0 0 0 0 0 0 0 0 0 0 0 0 0 0 0 0 0 0 0 0 0 0 0 0 0 0 0 0 0 0 0 0 0 0 0 0 0 0 0 0 0 0 0 0 0 0 0 0 0 0 0 0 0 0 0 0 0 0 0 0 0 0 0 0 0 0 0 0 0 0 0 0 0 0 0 0 0 0 
[CCD拟图]
CCDLRC0=23 104 63 
CCDLRC1=23 104 63 
CCDLRC2=0 0 0 
[反馈数据]
0=85
1=122
2=118
3=5667
4=2200
5=1750
6=40
7=1
8=0
9=0
10=167
11=865
12=681
[控制固参]
0=0
