[CCD原图]
CCD0=53 59 64 63 68 67 70 68 70 68 70 68 70 67 70 68 70 69 71 68 69 68 70 71 74 72 74 72 75 73 75 74 76 75 77 75 79 75 79 78 79 77 80 79 82 80 82 80 81 78 79 75 76 74 81 96 119 123 126 126 128 120 131 126 133 134 141 148 148 142 140 135 136 129 133 130 132 130 132 131 133 128 132 129 130 128 128 130 129 128 127 125 128 125 128 128 130 127 133 134 137 136 141 140 139 140 136 133 128 126 123 120 121 116 119 116 119 118 118 115 114 95 80 76 79 80 85 84 
CCD1=0 0 0 0 0 0 0 0 0 0 0 0 0 0 0 0 0 0 0 0 0 0 0 0 0 0 0 0 0 0 0 0 0 0 0 0 0 0 0 0 0 0 0 0 0 0 0 0 0 0 0 0 0 0 0 0 0 0 0 0 0 0 0 0 0 0 0 0 0 0 0 0 0 0 0 0 0 0 0 0 0 0 0 0 0 0 0 0 0 0 0 0 0 0 0 0 0 0 0 0 0 0 0 0 0 0 0 0 0 0 0 0 0 0 0 0 0 0 0 0 0 0 0 0 0 0 0 0 
[CCD拟图]
CCDLRC0=49 122 86 
CCDLRC1=49 122 86 
CCDLRC2=0 0 0 
[反馈数据]
0=85
1=122
2=118
3=5667
4=2200
5=1750
6=40
7=1
8=0
9=0
10=179
11=877
12=693
[控制固参]
0=0
