[CCD原图]
CCD0=52 58 63 62 67 66 69 67 70 67 70 67 69 67 69 68 70 69 71 69 72 68 68 67 71 70 74 72 75 73 75 74 76 75 78 75 78 75 78 76 78 76 78 74 78 76 79 78 80 78 77 74 78 87 115 120 125 123 125 125 128 121 134 131 138 140 141 141 137 131 133 131 134 128 132 129 132 129 131 131 133 128 133 129 131 128 129 131 129 128 127 125 126 124 127 127 130 129 136 137 136 132 136 132 129 129 127 126 123 121 120 118 119 114 117 113 115 113 113 102 87 78 79 79 82 83 85 83 
CCD1=0 0 0 0 0 0 0 0 0 0 0 0 0 0 0 0 0 0 0 0 0 0 0 0 0 0 0 0 0 0 0 0 0 0 0 0 0 0 0 0 0 0 0 0 0 0 0 0 0 0 0 0 0 0 0 0 0 0 0 0 0 0 0 0 0 0 0 0 0 0 0 0 0 0 0 0 0 0 0 0 0 0 0 0 0 0 0 0 0 0 0 0 0 0 0 0 0 0 0 0 0 0 0 0 0 0 0 0 0 0 0 0 0 0 0 0 0 0 0 0 0 0 0 0 0 0 0 0 
[CCD拟图]
CCDLRC0=53 121 87 
CCDLRC1=53 121 87 
CCDLRC2=0 0 0 
[反馈数据]
0=85
1=122
2=118
3=5667
4=2200
5=1750
6=40
7=1
8=0
9=0
10=186
11=884
12=700
[控制固参]
0=0
