[CCD原图]
CCD0=53 59 64 63 69 69 73 71 74 71 74 71 72 69 72 69 71 77 95 100 105 103 97 101 107 105 108 106 109 108 109 108 111 111 115 115 119 115 121 120 121 119 122 120 125 122 124 124 126 124 126 125 124 123 127 123 128 126 128 128 130 122 132 126 130 128 128 127 129 126 128 127 130 124 129 126 129 127 129 127 131 125 125 105 83 78 79 80 84 83 85 82 84 81 83 82 83 80 82 80 82 79 81 79 79 78 80 79 80 78 80 78 80 77 79 77 79 78 79 78 79 78 80 78 80 80 82 81 
CCD1=0 0 0 0 0 0 0 0 0 0 0 0 0 0 0 0 0 0 0 0 0 0 0 0 0 0 0 0 0 0 0 0 0 0 0 0 0 0 0 0 0 0 0 0 0 0 0 0 0 0 0 0 0 0 0 0 0 0 0 0 0 0 0 0 0 0 0 0 0 0 0 0 0 0 0 0 0 0 0 0 0 0 0 0 0 0 0 0 0 0 0 0 0 0 0 0 0 0 0 0 0 0 0 0 0 0 0 0 0 0 0 0 0 0 0 0 0 0 0 0 0 0 0 0 0 0 0 0 
[CCD拟图]
CCDLRC0=16 85 50 
CCDLRC1=16 85 50 
CCDLRC2=0 0 0 
[反馈数据]
0=85
1=122
2=118
3=5667
4=2200
5=1750
6=40
7=1
8=0
9=0
10=251
11=949
12=765
[控制固参]
0=0
