[CCD原图]
CCD0=52 59 64 63 68 67 71 68 70 68 71 68 71 67 70 69 70 69 72 70 72 70 71 71 74 72 75 74 75 71 71 69 72 74 93 105 111 107 112 110 112 110 113 111 115 111 113 113 116 114 116 116 114 115 120 117 121 120 122 123 125 118 130 123 127 126 126 126 127 125 128 126 128 123 127 124 127 125 126 125 128 123 128 124 126 124 124 126 124 125 123 121 124 119 122 121 121 116 118 116 114 97 79 74 74 73 76 78 81 78 80 77 79 77 79 76 79 78 79 77 78 77 79 77 78 78 81 79 
CCD1=0 0 0 0 0 0 0 0 0 0 0 0 0 0 0 0 0 0 0 0 0 0 0 0 0 0 0 0 0 0 0 0 0 0 0 0 0 0 0 0 0 0 0 0 0 0 0 0 0 0 0 0 0 0 0 0 0 0 0 0 0 0 0 0 0 0 0 0 0 0 0 0 0 0 0 0 0 0 0 0 0 0 0 0 0 0 0 0 0 0 0 0 0 0 0 0 0 0 0 0 0 0 0 0 0 0 0 0 0 0 0 0 0 0 0 0 0 0 0 0 0 0 0 0 0 0 0 0 
[CCD拟图]
CCDLRC0=33 101 67 
CCDLRC1=33 101 67 
CCDLRC2=0 0 0 
[反馈数据]
0=85
1=122
2=118
3=5667
4=2200
5=1750
6=40
7=1
8=0
9=0
10=12
11=966
12=782
[控制固参]
0=0
