[CCD原图]
CCD0=52 59 64 63 68 68 72 70 72 69 72 70 72 70 73 71 73 72 75 73 74 71 70 70 78 100 111 109 112 110 110 111 111 110 113 112 115 111 115 114 114 112 115 113 117 113 116 116 119 118 120 120 119 119 122 119 124 122 125 124 126 118 129 122 126 124 124 125 125 122 125 123 126 120 124 122 126 123 125 123 127 122 126 122 124 122 123 125 122 121 119 111 92 75 76 74 79 77 79 76 77 76 79 77 78 76 77 76 78 76 77 75 77 74 78 75 78 75 77 75 78 75 77 75 76 76 78 77 
CCD1=0 0 0 0 0 0 0 0 0 0 0 0 0 0 0 0 0 0 0 0 0 0 0 0 0 0 0 0 0 0 0 0 0 0 0 0 0 0 0 0 0 0 0 0 0 0 0 0 0 0 0 0 0 0 0 0 0 0 0 0 0 0 0 0 0 0 0 0 0 0 0 0 0 0 0 0 0 0 0 0 0 0 0 0 0 0 0 0 0 0 0 0 0 0 0 0 0 0 0 0 0 0 0 0 0 0 0 0 0 0 0 0 0 0 0 0 0 0 0 0 0 0 0 0 0 0 0 0 
[CCD拟图]
CCDLRC0=24 95 59 
CCDLRC1=24 95 59 
CCDLRC2=0 0 0 
[反馈数据]
0=85
1=122
2=118
3=5667
4=2200
5=1750
6=40
7=1
8=0
9=0
10=39
11=993
12=809
[控制固参]
0=0
