[CCD原图]
CCD0=52 58 63 62 67 66 70 67 70 67 69 67 70 67 70 68 70 68 70 67 69 67 68 67 70 69 72 69 72 70 72 72 73 72 74 72 74 71 72 71 72 71 79 87 102 107 114 116 120 118 119 118 117 116 120 116 121 119 121 121 124 116 126 120 124 122 122 122 122 121 122 121 124 118 123 120 122 120 121 121 123 118 122 118 120 117 120 120 120 119 118 116 120 115 117 117 118 114 117 116 116 112 115 112 112 112 113 113 112 110 111 110 111 106 110 107 109 109 110 107 108 107 110 108 107 110 114 113 
CCD1=0 0 0 0 0 0 0 0 0 0 0 0 0 0 0 0 0 0 0 0 0 0 0 0 0 0 0 0 0 0 0 0 0 0 0 0 0 0 0 0 0 0 0 0 0 0 0 0 0 0 0 0 0 0 0 0 0 0 0 0 0 0 0 0 0 0 0 0 0 0 0 0 0 0 0 0 0 0 0 0 0 0 0 0 0 0 0 0 0 0 0 0 0 0 0 0 0 0 0 0 0 0 0 0 0 0 0 0 0 0 0 0 0 0 0 0 0 0 0 0 0 0 0 0 0 0 0 0 
[CCD拟图]
CCDLRC0=39 122 83 
CCDLRC1=39 122 83 
CCDLRC2=0 0 0 
[反馈数据]
0=85
1=122
2=118
3=5667
4=2200
5=1750
6=40
7=1
8=0
9=0
10=63
11=1017
12=833
[控制固参]
0=0
