[CCD原图]
CCD0=52 58 63 62 67 66 70 67 70 67 70 68 70 67 69 68 69 66 68 66 69 67 68 68 72 70 72 70 72 71 72 71 72 72 74 72 74 71 74 73 75 73 73 71 72 70 76 83 101 111 117 117 116 115 119 115 120 118 120 120 122 114 125 119 122 120 121 121 122 119 122 121 123 118 122 119 121 120 121 120 122 117 122 118 121 117 119 120 119 118 117 115 117 114 117 116 118 114 116 115 115 112 114 111 112 112 114 113 112 110 111 110 111 106 110 106 110 108 109 107 109 107 110 107 106 110 114 113 
CCD1=0 0 0 0 0 0 0 0 0 0 0 0 0 0 0 0 0 0 0 0 0 0 0 0 0 0 0 0 0 0 0 0 0 0 0 0 0 0 0 0 0 0 0 0 0 0 0 0 0 0 0 0 0 0 0 0 0 0 0 0 0 0 0 0 0 0 0 0 0 0 0 0 0 0 0 0 0 0 0 0 0 0 0 0 0 0 0 0 0 0 0 0 0 0 0 0 0 0 0 0 0 0 0 0 0 0 0 0 0 0 0 0 0 0 0 0 0 0 0 0 0 0 0 0 0 0 0 0 
[CCD拟图]
CCDLRC0=41 122 85 
CCDLRC1=41 122 85 
CCDLRC2=0 0 0 
[反馈数据]
0=85
1=122
2=118
3=5667
4=2200
5=1750
6=40
7=1
8=0
9=0
10=65
11=1019
12=835
[控制固参]
0=0
