[CCD原图]
CCD0=51 58 62 62 66 66 69 66 68 65 68 65 67 65 67 65 67 66 68 66 69 66 67 66 69 67 69 68 70 68 70 68 70 68 71 68 71 68 71 69 71 69 71 70 73 70 72 70 73 71 73 71 73 71 73 71 74 72 74 72 74 71 74 72 74 72 74 72 73 72 74 72 74 71 74 72 74 72 74 71 74 72 77 78 85 87 93 99 102 104 106 107 111 109 113 113 115 111 114 113 113 110 112 109 110 110 111 111 109 108 108 106 108 104 108 104 107 105 106 103 105 103 105 102 101 104 108 106 
CCD1=0 0 0 0 0 0 0 0 0 0 0 0 0 0 0 0 0 0 0 0 0 0 0 0 0 0 0 0 0 0 0 0 0 0 0 0 0 0 0 0 0 0 0 0 0 0 0 0 0 0 0 0 0 0 0 0 0 0 0 0 0 0 0 0 0 0 0 0 0 0 0 0 0 0 0 0 0 0 0 0 0 0 0 0 0 0 0 0 0 0 0 0 0 0 0 0 0 0 0 0 0 0 0 0 0 0 0 0 0 0 0 0 0 0 0 0 0 0 0 0 0 0 0 0 0 0 0 0 
[CCD拟图]
CCDLRC0=6 122 91 
CCDLRC1=6 122 91 
CCDLRC2=0 0 0 
[反馈数据]
0=85
1=122
2=118
3=5667
4=2200
5=1750
6=40
7=1
8=0
9=0
10=73
11=1027
12=843
[控制固参]
0=0
