[CCD原图]
CCD0=52 57 62 60 64 64 66 64 66 64 66 63 65 64 65 63 65 64 66 64 67 64 66 64 67 65 68 66 69 67 68 66 68 67 68 67 69 66 70 79 87 84 85 83 81 70 71 69 71 70 73 71 72 71 73 71 74 73 75 74 77 73 78 75 78 77 79 79 81 78 81 80 82 80 82 81 83 81 82 79 80 77 78 80 91 97 106 114 114 114 113 111 114 111 114 113 114 111 114 112 112 109 111 109 110 110 111 112 111 110 112 111 114 110 116 113 117 116 119 115 118 117 120 116 115 120 124 123 
CCD1=0 0 0 0 0 0 0 0 0 0 0 0 0 0 0 0 0 0 0 0 0 0 0 0 0 0 0 0 0 0 0 0 0 0 0 0 0 0 0 0 0 0 0 0 0 0 0 0 0 0 0 0 0 0 0 0 0 0 0 0 0 0 0 0 0 0 0 0 0 0 0 0 0 0 0 0 0 0 0 0 0 0 0 0 0 0 0 0 0 0 0 0 0 0 0 0 0 0 0 0 0 0 0 0 0 0 0 0 0 0 0 0 0 0 0 0 0 0 0 0 0 0 0 0 0 0 0 0 
[CCD拟图]
CCDLRC0=6 122 99 
CCDLRC1=6 122 99 
CCDLRC2=0 0 0 
[反馈数据]
0=85
1=122
2=118
3=5667
4=2200
5=1750
6=40
7=1
8=0
9=0
10=112
11=1066
12=882
[控制固参]
0=0
