[CCD原图]
CCD0=52 58 63 62 66 65 68 66 68 66 69 66 69 66 67 66 68 67 69 67 69 67 69 68 70 68 71 69 71 70 72 71 73 71 74 72 75 72 75 74 76 74 77 75 79 77 79 79 81 79 81 79 81 79 82 79 82 81 81 77 76 74 77 80 109 118 120 121 123 120 123 123 125 120 124 122 124 122 123 121 123 119 122 120 122 119 121 123 121 121 122 122 126 123 127 126 129 124 128 127 126 123 126 123 123 123 123 123 120 119 120 118 119 114 118 114 118 118 119 116 118 117 119 117 116 120 123 121 
CCD1=0 0 0 0 0 0 0 0 0 0 0 0 0 0 0 0 0 0 0 0 0 0 0 0 0 0 0 0 0 0 0 0 0 0 0 0 0 0 0 0 0 0 0 0 0 0 0 0 0 0 0 0 0 0 0 0 0 0 0 0 0 0 0 0 0 0 0 0 0 0 0 0 0 0 0 0 0 0 0 0 0 0 0 0 0 0 0 0 0 0 0 0 0 0 0 0 0 0 0 0 0 0 0 0 0 0 0 0 0 0 0 0 0 0 0 0 0 0 0 0 0 0 0 0 0 0 0 0 
[CCD拟图]
CCDLRC0=61 122 105 
CCDLRC1=61 122 105 
CCDLRC2=0 0 0 
[反馈数据]
0=85
1=122
2=118
3=5667
4=2200
5=1750
6=40
7=1
8=0
9=0
10=125
11=1079
12=895
[控制固参]
0=0
