[CCD原图]
CCD0=59 67 74 76 86 90 96 93 95 91 94 90 93 90 93 92 94 93 96 96 99 96 93 98 103 102 106 105 109 108 109 109 111 111 114 113 117 113 119 117 119 117 121 118 123 120 122 121 123 120 120 118 122 131 149 158 179 194 213 234 248 231 255 244 253 252 247 252 252 248 251 248 250 239 245 240 244 244 246 247 253 247 255 255 255 255 255 255 255 255 255 255 255 255 255 255 255 255 255 255 255 250 254 248 246 251 249 253 244 244 241 243 243 232 241 232 237 235 233 224 217 206 198 182 166 163 147 133 
CCD1=0 0 0 0 0 0 0 0 0 0 0 0 0 0 0 0 0 0 0 0 0 0 0 0 0 0 0 0 0 0 0 0 0 0 0 0 0 0 0 0 0 0 0 0 0 0 0 0 0 0 0 0 0 0 0 0 0 0 0 0 0 0 0 0 0 0 0 0 0 0 0 0 0 0 0 0 0 0 0 0 0 0 0 0 0 0 0 0 0 0 0 0 0 0 0 0 0 0 0 0 0 0 0 0 0 0 0 0 0 0 0 0 0 0 0 0 0 0 0 0 0 0 0 0 0 0 0 0 
[CCD拟图]
CCDLRC0=59 122 103 
CCDLRC1=59 122 103 
CCDLRC2=0 0 0 
[反馈数据]
0=85
1=122
2=118
3=5667
4=2200
5=1750
6=40
7=1
8=0
9=0
10=135
11=1089
12=905
[控制固参]
0=0
