[CCD原图]
CCD0=52 58 64 63 67 66 70 68 69 68 71 68 70 67 71 68 71 69 73 71 74 71 71 71 75 73 76 73 75 73 75 74 76 75 77 75 77 75 78 76 78 76 78 76 79 76 77 74 77 86 102 114 117 117 121 118 122 121 122 122 125 117 127 121 125 123 123 122 123 119 121 119 122 117 124 122 124 124 128 128 131 127 132 130 133 131 131 134 131 128 126 123 125 122 124 124 125 121 124 123 124 119 122 120 121 122 124 123 122 120 120 118 119 113 115 107 103 91 82 74 77 78 80 79 81 81 84 82 
CCD1=0 0 0 0 0 0 0 0 0 0 0 0 0 0 0 0 0 0 0 0 0 0 0 0 0 0 0 0 0 0 0 0 0 0 0 0 0 0 0 0 0 0 0 0 0 0 0 0 0 0 0 0 0 0 0 0 0 0 0 0 0 0 0 0 0 0 0 0 0 0 0 0 0 0 0 0 0 0 0 0 0 0 0 0 0 0 0 0 0 0 0 0 0 0 0 0 0 0 0 0 0 0 0 0 0 0 0 0 0 0 0 0 0 0 0 0 0 0 0 0 0 0 0 0 0 0 0 0 
[CCD拟图]
CCDLRC0=59 122 103 
CCDLRC1=59 122 103 
CCDLRC2=0 0 0 
[反馈数据]
0=85
1=122
2=118
3=5667
4=2200
5=1750
6=40
7=1
8=0
9=0
10=137
11=1091
12=907
[控制固参]
0=0
