[CCD原图]
CCD0=53 58 64 63 68 67 71 68 71 68 71 69 72 69 72 70 72 70 73 71 74 71 72 72 75 73 75 73 76 73 76 74 76 75 77 74 77 74 78 76 78 75 75 73 75 80 93 106 118 118 121 119 118 117 122 118 123 121 122 123 125 117 127 121 125 122 121 121 122 119 123 124 129 124 130 126 131 129 132 132 134 131 134 130 131 128 130 130 128 126 125 123 125 121 124 124 125 122 125 124 124 121 123 121 121 123 124 124 121 118 116 110 104 87 81 73 73 72 77 79 82 80 82 79 81 80 83 81 
CCD1=0 0 0 0 0 0 0 0 0 0 0 0 0 0 0 0 0 0 0 0 0 0 0 0 0 0 0 0 0 0 0 0 0 0 0 0 0 0 0 0 0 0 0 0 0 0 0 0 0 0 0 0 0 0 0 0 0 0 0 0 0 0 0 0 0 0 0 0 0 0 0 0 0 0 0 0 0 0 0 0 0 0 0 0 0 0 0 0 0 0 0 0 0 0 0 0 0 0 0 0 0 0 0 0 0 0 0 0 0 0 0 0 0 0 0 0 0 0 0 0 0 0 0 0 0 0 0 0 
[CCD拟图]
CCDLRC0=48 119 83 
CCDLRC1=48 119 83 
CCDLRC2=0 0 0 
[反馈数据]
0=85
1=122
2=118
3=5667
4=2200
5=1750
6=40
7=1
8=0
9=0
10=138
11=1092
12=908
[控制固参]
0=0
