[CCD原图]
CCD0=52 59 64 63 68 68 72 70 73 70 73 71 72 70 72 71 72 71 74 72 75 72 72 71 75 73 75 73 75 74 75 73 76 74 75 72 74 75 87 98 110 113 117 115 119 116 119 118 122 119 121 120 119 118 121 116 121 120 120 119 121 114 125 119 125 125 126 127 129 129 132 131 136 131 135 131 134 132 133 130 132 126 128 124 125 122 125 127 127 127 127 125 127 124 127 126 127 123 126 125 125 120 121 115 110 102 93 85 78 74 76 76 79 77 81 79 81 79 82 79 80 79 80 78 80 80 82 81 
CCD1=0 0 0 0 0 0 0 0 0 0 0 0 0 0 0 0 0 0 0 0 0 0 0 0 0 0 0 0 0 0 0 0 0 0 0 0 0 0 0 0 0 0 0 0 0 0 0 0 0 0 0 0 0 0 0 0 0 0 0 0 0 0 0 0 0 0 0 0 0 0 0 0 0 0 0 0 0 0 0 0 0 0 0 0 0 0 0 0 0 0 0 0 0 0 0 0 0 0 0 0 0 0 0 0 0 0 0 0 0 0 0 0 0 0 0 0 0 0 0 0 0 0 0 0 0 0 0 0 
[CCD拟图]
CCDLRC0=41 112 76 
CCDLRC1=41 112 76 
CCDLRC2=0 0 0 
[反馈数据]
0=85
1=122
2=118
3=5667
4=2200
5=1750
6=40
7=1
8=0
9=0
10=141
11=1095
12=911
[控制固参]
0=0
