[CCD原图]
CCD0=54 60 65 65 70 70 74 71 75 72 73 68 71 71 93 104 106 106 110 108 112 110 103 109 114 112 114 111 115 113 112 110 111 109 111 108 111 109 115 116 118 117 120 119 123 120 124 123 127 125 127 127 126 126 129 125 128 125 124 122 123 117 131 127 133 131 131 131 133 130 133 132 134 129 132 129 131 129 131 130 131 124 120 102 86 75 76 75 78 77 81 81 85 82 85 83 84 81 84 83 84 80 83 80 81 80 81 80 81 79 81 78 81 78 80 77 80 79 80 78 79 78 79 78 78 79 81 80 
CCD1=0 0 0 0 0 0 0 0 0 0 0 0 0 0 0 0 0 0 0 0 0 0 0 0 0 0 0 0 0 0 0 0 0 0 0 0 0 0 0 0 0 0 0 0 0 0 0 0 0 0 0 0 0 0 0 0 0 0 0 0 0 0 0 0 0 0 0 0 0 0 0 0 0 0 0 0 0 0 0 0 0 0 0 0 0 0 0 0 0 0 0 0 0 0 0 0 0 0 0 0 0 0 0 0 0 0 0 0 0 0 0 0 0 0 0 0 0 0 0 0 0 0 0 0 0 0 0 0 
[CCD拟图]
CCDLRC0=14 86 50 
CCDLRC1=14 86 50 
CCDLRC2=0 0 0 
[反馈数据]
0=85
1=122
2=118
3=5667
4=2200
5=1750
6=40
7=1
8=0
9=0
10=155
11=1109
12=925
[控制固参]
0=0
