[CCD原图]
CCD0=53 60 66 65 69 68 71 70 91 101 105 103 106 102 106 105 108 107 110 108 111 109 102 107 113 110 113 111 111 108 111 113 117 117 120 119 122 118 123 122 123 121 124 122 126 122 124 124 125 122 122 119 117 116 120 118 124 124 128 130 133 126 139 133 137 136 138 140 144 141 145 142 142 131 117 87 79 77 79 78 83 83 87 84 87 83 85 84 85 83 84 81 84 82 83 81 83 80 84 82 82 80 82 80 81 79 82 81 81 79 81 79 81 78 81 78 82 79 81 79 81 79 81 78 80 80 83 81 
CCD1=0 0 0 0 0 0 0 0 0 0 0 0 0 0 0 0 0 0 0 0 0 0 0 0 0 0 0 0 0 0 0 0 0 0 0 0 0 0 0 0 0 0 0 0 0 0 0 0 0 0 0 0 0 0 0 0 0 0 0 0 0 0 0 0 0 0 0 0 0 0 0 0 0 0 0 0 0 0 0 0 0 0 0 0 0 0 0 0 0 0 0 0 0 0 0 0 0 0 0 0 0 0 0 0 0 0 0 0 0 0 0 0 0 0 0 0 0 0 0 0 0 0 0 0 0 0 0 0 
[CCD拟图]
CCDLRC0=6 75 40 
CCDLRC1=6 75 40 
CCDLRC2=0 0 0 
[反馈数据]
0=85
1=122
2=118
3=5667
4=2200
5=1750
6=40
7=1
8=0
9=0
10=194
11=1148
12=964
[控制固参]
0=0
