[CCD原图]
CCD0=53 59 64 64 70 69 72 70 73 70 73 70 72 68 71 70 84 98 105 104 109 108 102 106 113 110 111 109 113 110 112 113 115 115 117 114 117 112 115 117 118 117 120 119 125 121 124 124 126 126 127 126 124 123 126 121 125 121 122 121 123 116 126 121 125 122 124 125 127 125 129 128 131 125 130 127 129 128 128 126 128 111 92 86 87 85 83 77 78 80 84 81 84 82 84 82 83 79 83 81 82 80 81 80 80 79 82 80 82 79 81 79 81 78 80 78 81 79 81 79 80 78 81 78 80 80 82 81 
CCD1=0 0 0 0 0 0 0 0 0 0 0 0 0 0 0 0 0 0 0 0 0 0 0 0 0 0 0 0 0 0 0 0 0 0 0 0 0 0 0 0 0 0 0 0 0 0 0 0 0 0 0 0 0 0 0 0 0 0 0 0 0 0 0 0 0 0 0 0 0 0 0 0 0 0 0 0 0 0 0 0 0 0 0 0 0 0 0 0 0 0 0 0 0 0 0 0 0 0 0 0 0 0 0 0 0 0 0 0 0 0 0 0 0 0 0 0 0 0 0 0 0 0 0 0 0 0 0 0 
[CCD拟图]
CCDLRC0=16 83 49 
CCDLRC1=16 83 49 
CCDLRC2=0 0 0 
[反馈数据]
0=85
1=122
2=118
3=5667
4=2200
5=1750
6=40
7=1
8=0
9=0
10=216
11=1170
12=986
[控制固参]
0=0
