[CCD原图]
CCD0=53 61 65 64 69 70 73 71 73 69 72 70 73 71 73 70 72 77 98 101 107 105 99 105 111 109 112 110 114 112 114 113 116 115 117 116 120 114 119 118 118 117 120 118 123 120 124 124 128 126 128 128 127 125 128 124 128 126 128 127 128 120 132 127 131 130 132 132 135 132 136 133 136 128 131 129 133 131 133 132 137 131 134 132 128 101 89 86 84 83 85 83 84 83 84 82 84 81 84 82 83 80 82 80 81 80 81 80 81 79 81 79 81 78 81 78 80 78 81 79 80 79 80 79 79 79 83 81 
CCD1=0 0 0 0 0 0 0 0 0 0 0 0 0 0 0 0 0 0 0 0 0 0 0 0 0 0 0 0 0 0 0 0 0 0 0 0 0 0 0 0 0 0 0 0 0 0 0 0 0 0 0 0 0 0 0 0 0 0 0 0 0 0 0 0 0 0 0 0 0 0 0 0 0 0 0 0 0 0 0 0 0 0 0 0 0 0 0 0 0 0 0 0 0 0 0 0 0 0 0 0 0 0 0 0 0 0 0 0 0 0 0 0 0 0 0 0 0 0 0 0 0 0 0 0 0 0 0 0 
[CCD拟图]
CCDLRC0=16 122 69 
CCDLRC1=16 122 69 
CCDLRC2=0 0 0 
[反馈数据]
0=85
1=122
2=118
3=5667
4=2200
5=1750
6=40
7=1
8=0
9=0
10=239
11=1193
12=1009
[控制固参]
0=0
