[CCD原图]
CCD0=53 59 64 64 70 70 74 71 74 71 73 70 73 70 72 69 72 70 73 70 74 71 71 71 74 71 74 72 75 73 74 72 75 73 76 74 76 74 77 75 77 75 77 76 79 76 79 78 80 78 81 79 80 78 81 78 81 79 81 80 82 78 82 79 82 79 81 80 82 79 82 81 83 80 84 81 84 81 84 83 86 82 84 81 81 78 79 75 77 78 82 85 92 95 103 107 113 112 116 117 119 116 120 117 119 120 121 121 120 118 118 118 119 114 118 113 118 116 117 114 116 115 118 115 114 118 123 122 
CCD1=0 0 0 0 0 0 0 0 0 0 0 0 0 0 0 0 0 0 0 0 0 0 0 0 0 0 0 0 0 0 0 0 0 0 0 0 0 0 0 0 0 0 0 0 0 0 0 0 0 0 0 0 0 0 0 0 0 0 0 0 0 0 0 0 0 0 0 0 0 0 0 0 0 0 0 0 0 0 0 0 0 0 0 0 0 0 0 0 0 0 0 0 0 0 0 0 0 0 0 0 0 0 0 0 0 0 0 0 0 0 0 0 0 0 0 0 0 0 0 0 0 0 0 0 0 0 0 0 
[CCD拟图]
CCDLRC0=6 122 100 
CCDLRC1=6 122 100 
CCDLRC2=0 0 0 
[反馈数据]
0=85
1=122
2=118
3=5667
4=2200
5=1750
6=40
7=1
8=0
9=0
10=35
11=1245
12=1061
[控制固参]
0=0
