[CCD原图]
CCD0=52 59 65 64 71 70 74 71 73 70 72 70 72 70 71 70 72 71 72 71 74 71 72 72 75 73 75 74 77 75 77 76 79 78 81 79 83 79 82 81 82 79 82 79 81 79 81 79 82 81 82 79 81 79 81 79 81 79 81 80 82 78 82 78 80 78 80 78 80 77 80 78 80 77 79 76 78 76 78 76 78 75 77 75 76 74 76 74 76 74 76 73 75 72 75 73 75 73 75 73 75 73 75 73 75 75 76 75 76 75 77 75 78 75 78 77 79 78 81 80 82 80 84 81 83 83 87 85 
CCD1=0 0 0 0 0 0 0 0 0 0 0 0 0 0 0 0 0 0 0 0 0 0 0 0 0 0 0 0 0 0 0 0 0 0 0 0 0 0 0 0 0 0 0 0 0 0 0 0 0 0 0 0 0 0 0 0 0 0 0 0 0 0 0 0 0 0 0 0 0 0 0 0 0 0 0 0 0 0 0 0 0 0 0 0 0 0 0 0 0 0 0 0 0 0 0 0 0 0 0 0 0 0 0 0 0 0 0 0 0 0 0 0 0 0 0 0 0 0 0 0 0 0 0 0 0 0 0 0 
[CCD拟图]
CCDLRC0=6 122 118 
CCDLRC1=6 122 118 
CCDLRC2=0 0 0 
[反馈数据]
0=85
1=122
2=118
3=5667
4=2200
5=1750
6=40
7=1
8=0
9=0
10=52
11=1262
12=1078
[控制固参]
0=0
