[CCD原图]
CCD0=54 62 68 68 76 79 84 82 84 81 83 81 83 79 77 76 81 104 124 122 127 125 114 123 131 129 132 131 134 132 132 131 133 131 132 131 134 130 135 134 134 131 134 132 136 133 135 137 140 138 140 140 139 137 142 138 144 143 147 149 153 145 162 155 156 151 149 148 146 141 142 141 143 137 142 138 141 139 140 138 139 134 138 135 124 92 85 82 83 84 86 84 86 83 85 84 84 82 84 83 84 81 83 81 82 80 83 81 81 79 82 79 82 78 81 78 81 79 80 78 80 78 81 77 79 79 82 80 
CCD1=0 0 0 0 0 0 0 0 0 0 0 0 0 0 0 0 0 0 0 0 0 0 0 0 0 0 0 0 0 0 0 0 0 0 0 0 0 0 0 0 0 0 0 0 0 0 0 0 0 0 0 0 0 0 0 0 0 0 0 0 0 0 0 0 0 0 0 0 0 0 0 0 0 0 0 0 0 0 0 0 0 0 0 0 0 0 0 0 0 0 0 0 0 0 0 0 0 0 0 0 0 0 0 0 0 0 0 0 0 0 0 0 0 0 0 0 0 0 0 0 0 0 0 0 0 0 0 0 
[CCD拟图]
CCDLRC0=16 86 51 
CCDLRC1=16 86 51 
CCDLRC2=0 0 0 
[反馈数据]
0=85
1=122
2=118
3=5667
4=2200
5=1750
6=40
7=1
8=0
9=0
10=16
11=202
12=18
[控制固参]
0=0
