[CCD原图]
CCD0=52 59 64 63 69 70 74 71 73 70 72 70 71 68 69 66 68 67 71 69 72 68 70 68 71 69 71 69 71 69 70 69 71 69 71 69 73 70 74 74 79 80 84 82 85 82 83 80 82 81 82 79 80 79 81 78 81 79 81 80 82 78 83 80 83 81 82 82 84 83 86 85 89 85 88 86 88 86 87 83 86 82 84 82 83 80 81 80 81 79 80 78 80 78 80 78 80 77 80 78 80 77 79 77 79 78 80 78 80 78 80 78 81 78 81 79 82 79 82 80 82 81 82 81 82 82 85 84 
CCD1=0 0 0 0 0 0 0 0 0 0 0 0 0 0 0 0 0 0 0 0 0 0 0 0 0 0 0 0 0 0 0 0 0 0 0 0 0 0 0 0 0 0 0 0 0 0 0 0 0 0 0 0 0 0 0 0 0 0 0 0 0 0 0 0 0 0 0 0 0 0 0 0 0 0 0 0 0 0 0 0 0 0 0 0 0 0 0 0 0 0 0 0 0 0 0 0 0 0 0 0 0 0 0 0 0 0 0 0 0 0 0 0 0 0 0 0 0 0 0 0 0 0 0 0 0 0 0 0 
[CCD拟图]
CCDLRC0=6 122 118 
CCDLRC1=6 122 118 
CCDLRC2=0 0 0 
[反馈数据]
0=85
1=122
2=118
3=5667
4=2200
5=1750
6=40
7=1
8=0
9=0
10=73
11=1283
12=1099
[控制固参]
0=0
