[CCD原图]
CCD0=52 58 62 61 64 63 65 63 67 64 67 64 67 65 68 67 68 68 69 68 71 68 68 68 71 69 72 71 73 70 71 69 72 72 76 75 78 75 79 78 79 78 79 77 79 77 79 78 79 78 81 78 79 78 82 79 82 82 86 85 88 84 90 86 89 87 87 86 87 83 85 82 84 80 83 80 82 80 82 80 82 78 81 79 81 79 81 79 81 79 80 78 81 79 81 80 81 79 81 81 82 80 82 81 82 82 83 83 83 83 84 81 84 81 83 80 83 80 82 79 81 79 80 78 79 79 81 80 
CCD1=0 0 0 0 0 0 0 0 0 0 0 0 0 0 0 0 0 0 0 0 0 0 0 0 0 0 0 0 0 0 0 0 0 0 0 0 0 0 0 0 0 0 0 0 0 0 0 0 0 0 0 0 0 0 0 0 0 0 0 0 0 0 0 0 0 0 0 0 0 0 0 0 0 0 0 0 0 0 0 0 0 0 0 0 0 0 0 0 0 0 0 0 0 0 0 0 0 0 0 0 0 0 0 0 0 0 0 0 0 0 0 0 0 0 0 0 0 0 0 0 0 0 0 0 0 0 0 0 
[CCD拟图]
CCDLRC0=6 122 118 
CCDLRC1=6 122 118 
CCDLRC2=0 0 0 
[反馈数据]
0=85
1=122
2=118
3=5667
4=2200
5=1750
6=40
7=1
8=0
9=0
10=76
11=1286
12=1102
[控制固参]
0=0
