[CCD原图]
CCD0=53 60 65 65 71 73 78 76 79 76 80 78 81 78 81 80 81 79 81 79 81 78 76 76 79 76 78 76 78 76 77 76 78 76 79 76 79 76 79 77 79 76 79 77 80 78 80 79 81 80 82 81 83 81 84 82 85 84 87 86 89 84 89 86 88 85 87 86 88 85 87 85 87 83 86 82 84 82 84 82 83 81 83 81 82 79 82 82 82 79 80 77 79 76 80 80 83 80 83 82 83 80 83 81 82 82 83 81 83 80 82 80 82 79 82 79 81 80 82 79 81 79 81 79 81 80 84 82 
CCD1=0 0 0 0 0 0 0 0 0 0 0 0 0 0 0 0 0 0 0 0 0 0 0 0 0 0 0 0 0 0 0 0 0 0 0 0 0 0 0 0 0 0 0 0 0 0 0 0 0 0 0 0 0 0 0 0 0 0 0 0 0 0 0 0 0 0 0 0 0 0 0 0 0 0 0 0 0 0 0 0 0 0 0 0 0 0 0 0 0 0 0 0 0 0 0 0 0 0 0 0 0 0 0 0 0 0 0 0 0 0 0 0 0 0 0 0 0 0 0 0 0 0 0 0 0 0 0 0 
[CCD拟图]
CCDLRC0=6 122 118 
CCDLRC1=6 122 118 
CCDLRC2=0 0 0 
[反馈数据]
0=85
1=122
2=118
3=5667
4=2200
5=1750
6=40
7=1
8=0
9=0
10=85
11=1295
12=1111
[控制固参]
0=0
