[CCD原图]
CCD0=55 62 67 67 72 71 77 82 98 106 114 113 116 112 116 116 118 117 121 119 123 120 112 119 126 123 125 124 127 125 125 125 127 126 129 129 131 127 132 133 132 130 134 131 135 132 134 135 137 136 137 137 135 134 140 140 151 157 162 164 166 154 166 147 146 140 139 139 139 136 139 138 139 133 137 132 131 96 82 78 81 81 85 83 84 81 84 82 84 82 82 80 83 80 82 81 82 79 81 80 81 79 81 78 80 79 80 79 79 78 80 77 79 76 79 76 79 77 79 78 79 77 78 77 78 78 80 78 
CCD1=0 0 0 0 0 0 0 0 0 0 0 0 0 0 0 0 0 0 0 0 0 0 0 0 0 0 0 0 0 0 0 0 0 0 0 0 0 0 0 0 0 0 0 0 0 0 0 0 0 0 0 0 0 0 0 0 0 0 0 0 0 0 0 0 0 0 0 0 0 0 0 0 0 0 0 0 0 0 0 0 0 0 0 0 0 0 0 0 0 0 0 0 0 0 0 0 0 0 0 0 0 0 0 0 0 0 0 0 0 0 0 0 0 0 0 0 0 0 0 0 0 0 0 0 0 0 0 0 
[CCD拟图]
CCDLRC0=10 78 44 
CCDLRC1=10 78 44 
CCDLRC2=0 0 0 
[反馈数据]
0=85
1=122
2=118
3=5667
4=2200
5=1750
6=40
7=1
8=0
9=0
10=148
11=1358
12=1174
[控制固参]
0=0
