[CCD原图]
CCD0=53 61 67 66 73 74 79 76 78 76 78 75 78 75 77 75 75 73 82 104 122 119 112 118 124 122 125 123 126 124 125 124 126 125 128 127 131 125 131 130 130 127 131 128 132 129 132 133 136 135 136 136 135 134 138 133 138 136 138 139 142 133 146 140 144 143 143 145 146 144 145 142 143 136 140 136 138 136 136 134 136 129 133 125 108 82 78 77 78 77 81 80 83 80 83 81 83 80 82 80 81 79 81 79 80 78 80 79 80 78 80 78 80 77 79 77 79 78 80 78 79 77 79 77 78 78 81 78 
CCD1=0 0 0 0 0 0 0 0 0 0 0 0 0 0 0 0 0 0 0 0 0 0 0 0 0 0 0 0 0 0 0 0 0 0 0 0 0 0 0 0 0 0 0 0 0 0 0 0 0 0 0 0 0 0 0 0 0 0 0 0 0 0 0 0 0 0 0 0 0 0 0 0 0 0 0 0 0 0 0 0 0 0 0 0 0 0 0 0 0 0 0 0 0 0 0 0 0 0 0 0 0 0 0 0 0 0 0 0 0 0 0 0 0 0 0 0 0 0 0 0 0 0 0 0 0 0 0 0 
[CCD拟图]
CCDLRC0=17 85 51 
CCDLRC1=17 85 51 
CCDLRC2=0 0 0 
[反馈数据]
0=85
1=122
2=118
3=5667
4=2200
5=1750
6=40
7=1
8=0
9=0
10=167
11=1377
12=1193
[控制固参]
0=0
