[CCD原图]
CCD0=53 60 65 64 70 70 73 71 74 71 74 72 74 72 75 73 75 74 77 74 77 74 75 76 79 77 81 92 118 123 124 123 126 125 128 127 130 125 130 128 129 126 129 127 132 128 130 130 133 132 135 134 132 131 136 132 137 136 138 138 140 132 144 137 140 140 139 140 141 139 143 141 144 137 141 138 140 137 138 136 138 133 136 133 134 132 132 134 131 130 129 127 129 125 126 120 91 76 78 76 79 77 79 77 78 76 78 76 79 76 78 75 77 75 77 74 77 75 77 75 77 75 77 75 77 76 79 79 
CCD1=0 0 0 0 0 0 0 0 0 0 0 0 0 0 0 0 0 0 0 0 0 0 0 0 0 0 0 0 0 0 0 0 0 0 0 0 0 0 0 0 0 0 0 0 0 0 0 0 0 0 0 0 0 0 0 0 0 0 0 0 0 0 0 0 0 0 0 0 0 0 0 0 0 0 0 0 0 0 0 0 0 0 0 0 0 0 0 0 0 0 0 0 0 0 0 0 0 0 0 0 0 0 0 0 0 0 0 0 0 0 0 0 0 0 0 0 0 0 0 0 0 0 0 0 0 0 0 0 
[CCD拟图]
CCDLRC0=25 96 60 
CCDLRC1=25 96 60 
CCDLRC2=0 0 0 
[反馈数据]
0=85
1=122
2=118
3=5667
4=2200
5=1750
6=40
7=1
8=0
9=0
10=186
11=1396
12=1212
[控制固参]
0=0
