[CCD原图]
CCD0=53 60 66 65 72 72 76 74 77 74 76 73 76 73 75 74 75 74 77 75 78 75 75 75 79 77 79 76 79 78 79 78 80 77 78 75 89 112 125 125 125 123 127 124 129 125 127 127 130 127 129 128 127 127 130 125 129 129 131 131 133 125 136 129 133 132 133 132 135 132 135 133 136 130 136 132 134 132 133 132 134 128 132 128 131 128 129 131 129 129 127 124 127 124 127 127 128 123 126 124 124 119 121 108 87 76 76 75 77 76 79 77 79 76 79 77 79 77 79 77 79 78 79 76 78 77 80 79 
CCD1=0 0 0 0 0 0 0 0 0 0 0 0 0 0 0 0 0 0 0 0 0 0 0 0 0 0 0 0 0 0 0 0 0 0 0 0 0 0 0 0 0 0 0 0 0 0 0 0 0 0 0 0 0 0 0 0 0 0 0 0 0 0 0 0 0 0 0 0 0 0 0 0 0 0 0 0 0 0 0 0 0 0 0 0 0 0 0 0 0 0 0 0 0 0 0 0 0 0 0 0 0 0 0 0 0 0 0 0 0 0 0 0 0 0 0 0 0 0 0 0 0 0 0 0 0 0 0 0 
[CCD拟图]
CCDLRC0=34 105 69 
CCDLRC1=34 105 69 
CCDLRC2=0 0 0 
[反馈数据]
0=85
1=122
2=118
3=5667
4=2200
5=1750
6=40
7=1
8=0
9=0
10=201
11=1411
12=1227
[控制固参]
0=0
