[CCD原图]
CCD0=53 60 66 65 72 72 76 73 76 73 76 74 76 74 76 73 75 74 77 75 77 75 75 75 78 77 79 76 80 77 79 78 80 79 80 77 76 71 74 73 81 103 119 121 128 125 127 128 130 128 130 130 128 127 132 128 132 130 131 131 133 125 136 130 135 133 134 135 136 134 136 135 138 131 136 133 135 134 135 133 136 130 134 131 132 128 129 131 129 127 127 125 127 124 127 125 127 123 126 124 124 119 122 119 119 119 117 108 86 74 76 75 78 74 79 77 79 78 80 78 79 77 79 76 78 78 80 79 
CCD1=0 0 0 0 0 0 0 0 0 0 0 0 0 0 0 0 0 0 0 0 0 0 0 0 0 0 0 0 0 0 0 0 0 0 0 0 0 0 0 0 0 0 0 0 0 0 0 0 0 0 0 0 0 0 0 0 0 0 0 0 0 0 0 0 0 0 0 0 0 0 0 0 0 0 0 0 0 0 0 0 0 0 0 0 0 0 0 0 0 0 0 0 0 0 0 0 0 0 0 0 0 0 0 0 0 0 0 0 0 0 0 0 0 0 0 0 0 0 0 0 0 0 0 0 0 0 0 0 
[CCD拟图]
CCDLRC0=38 109 73 
CCDLRC1=38 109 73 
CCDLRC2=0 0 0 
[反馈数据]
0=85
1=122
2=118
3=5667
4=2200
5=1750
6=40
7=1
8=0
9=0
10=209
11=1419
12=1235
[控制固参]
0=0
