[CCD原图]
CCD0=53 60 65 65 71 72 77 74 76 74 76 74 76 73 75 73 75 74 76 75 77 75 75 75 78 76 79 77 79 77 79 78 80 78 80 77 77 72 75 74 80 100 117 121 127 125 127 127 130 128 130 130 129 128 132 128 133 131 132 132 133 125 137 131 135 133 134 134 135 132 136 134 137 131 136 133 135 133 134 133 135 131 134 130 132 130 130 132 130 128 128 125 128 123 126 125 128 123 127 125 125 120 123 120 119 120 120 118 103 81 76 74 77 74 77 76 79 78 80 77 79 77 79 76 78 78 81 79 
CCD1=0 0 0 0 0 0 0 0 0 0 0 0 0 0 0 0 0 0 0 0 0 0 0 0 0 0 0 0 0 0 0 0 0 0 0 0 0 0 0 0 0 0 0 0 0 0 0 0 0 0 0 0 0 0 0 0 0 0 0 0 0 0 0 0 0 0 0 0 0 0 0 0 0 0 0 0 0 0 0 0 0 0 0 0 0 0 0 0 0 0 0 0 0 0 0 0 0 0 0 0 0 0 0 0 0 0 0 0 0 0 0 0 0 0 0 0 0 0 0 0 0 0 0 0 0 0 0 0 
[CCD拟图]
CCDLRC0=39 109 74 
CCDLRC1=39 109 74 
CCDLRC2=0 0 0 
[反馈数据]
0=85
1=122
2=118
3=5667
4=2200
5=1750
6=40
7=1
8=0
9=0
10=210
11=1420
12=1236
[控制固参]
0=0
