[CCD原图]
CCD0=53 60 66 65 72 73 78 75 78 74 76 73 76 74 76 74 76 74 77 75 78 76 75 75 79 77 79 77 79 77 78 78 80 78 81 78 81 76 78 75 76 74 86 109 123 121 125 126 128 127 129 130 128 128 133 128 132 130 132 132 135 126 139 132 136 134 133 135 136 133 137 135 137 131 135 132 135 133 135 133 136 130 134 130 132 129 130 132 129 129 128 125 128 124 126 126 128 123 127 125 124 120 123 120 120 121 121 122 118 111 89 76 76 74 79 78 80 79 80 78 79 78 79 77 78 78 81 79 
CCD1=0 0 0 0 0 0 0 0 0 0 0 0 0 0 0 0 0 0 0 0 0 0 0 0 0 0 0 0 0 0 0 0 0 0 0 0 0 0 0 0 0 0 0 0 0 0 0 0 0 0 0 0 0 0 0 0 0 0 0 0 0 0 0 0 0 0 0 0 0 0 0 0 0 0 0 0 0 0 0 0 0 0 0 0 0 0 0 0 0 0 0 0 0 0 0 0 0 0 0 0 0 0 0 0 0 0 0 0 0 0 0 0 0 0 0 0 0 0 0 0 0 0 0 0 0 0 0 0 
[CCD拟图]
CCDLRC0=41 110 75 
CCDLRC1=41 110 75 
CCDLRC2=0 0 0 
[反馈数据]
0=85
1=122
2=118
3=5667
4=2200
5=1750
6=40
7=1
8=0
9=0
10=214
11=1424
12=1240
[控制固参]
0=0
