[CCD原图]
CCD0=53 60 66 65 71 72 76 74 76 73 76 74 75 72 75 73 76 74 76 74 77 74 74 73 77 74 77 75 78 75 77 76 79 77 79 77 80 76 80 78 80 77 78 75 77 74 79 96 115 121 126 127 127 126 130 126 131 129 132 131 133 125 135 129 133 131 131 131 133 130 132 132 133 128 133 131 133 132 133 132 134 129 133 129 131 128 129 131 130 128 127 124 126 123 124 123 125 122 124 123 123 119 122 119 119 121 121 122 120 118 119 118 120 113 118 112 108 87 77 74 76 75 78 77 79 78 80 78 
CCD1=0 0 0 0 0 0 0 0 0 0 0 0 0 0 0 0 0 0 0 0 0 0 0 0 0 0 0 0 0 0 0 0 0 0 0 0 0 0 0 0 0 0 0 0 0 0 0 0 0 0 0 0 0 0 0 0 0 0 0 0 0 0 0 0 0 0 0 0 0 0 0 0 0 0 0 0 0 0 0 0 0 0 0 0 0 0 0 0 0 0 0 0 0 0 0 0 0 0 0 0 0 0 0 0 0 0 0 0 0 0 0 0 0 0 0 0 0 0 0 0 0 0 0 0 0 0 0 0 
[CCD拟图]
CCDLRC0=45 117 81 
CCDLRC1=45 117 81 
CCDLRC2=0 0 0 
[反馈数据]
0=85
1=122
2=118
3=5667
4=2200
5=1750
6=40
7=1
8=0
9=0
10=234
11=1444
12=1260
[控制固参]
0=0
