[CCD原图]
CCD0=59 69 81 89 108 119 129 124 126 118 120 116 118 113 115 116 116 116 119 116 120 116 108 114 120 117 117 110 102 90 81 73 74 73 77 77 81 80 83 82 84 82 83 82 84 81 84 83 84 82 84 82 84 81 84 82 85 82 85 84 85 81 85 82 84 82 84 82 84 81 84 82 84 79 83 80 83 81 82 80 82 79 81 78 81 78 80 79 80 78 80 77 80 77 80 78 80 77 80 78 79 76 78 76 78 76 78 76 78 76 78 75 77 72 73 70 72 71 76 80 91 98 106 105 105 109 113 112 
CCD1=0 0 0 0 0 0 0 0 0 0 0 0 0 0 0 0 0 0 0 0 0 0 0 0 0 0 0 0 0 0 0 0 0 0 0 0 0 0 0 0 0 0 0 0 0 0 0 0 0 0 0 0 0 0 0 0 0 0 0 0 0 0 0 0 0 0 0 0 0 0 0 0 0 0 0 0 0 0 0 0 0 0 0 0 0 0 0 0 0 0 0 0 0 0 0 0 0 0 0 0 0 0 0 0 0 0 0 0 0 0 0 0 0 0 0 0 0 0 0 0 0 0 0 0 0 0 0 0 
[CCD拟图]
CCDLRC0=6 25 6 
CCDLRC1=6 25 6 
CCDLRC2=0 0 0 
[反馈数据]
0=85
1=122
2=118
3=5667
4=2200
5=1750
6=40
7=1
8=0
9=0
10=43
11=1509
12=1325
[控制固参]
0=0
