[CCD原图]
CCD0=53 60 66 67 73 75 80 77 80 76 79 76 79 76 78 77 79 78 81 79 81 79 78 79 82 79 82 80 81 79 80 79 81 80 83 81 84 80 84 82 84 82 84 83 86 83 86 85 87 85 87 85 86 84 85 80 80 76 78 76 80 83 101 113 131 139 144 147 149 147 149 147 149 142 145 143 145 143 145 144 146 141 145 143 143 140 141 144 141 140 139 137 141 139 142 143 146 141 145 143 141 137 138 134 133 134 135 135 132 131 131 130 132 126 131 126 130 129 130 127 129 126 127 123 123 130 139 142 
CCD1=0 0 0 0 0 0 0 0 0 0 0 0 0 0 0 0 0 0 0 0 0 0 0 0 0 0 0 0 0 0 0 0 0 0 0 0 0 0 0 0 0 0 0 0 0 0 0 0 0 0 0 0 0 0 0 0 0 0 0 0 0 0 0 0 0 0 0 0 0 0 0 0 0 0 0 0 0 0 0 0 0 0 0 0 0 0 0 0 0 0 0 0 0 0 0 0 0 0 0 0 0 0 0 0 0 0 0 0 0 0 0 0 0 0 0 0 0 0 0 0 0 0 0 0 0 0 0 0 
[CCD拟图]
CCDLRC0=55 122 93 
CCDLRC1=55 122 93 
CCDLRC2=0 0 0 
[反馈数据]
0=85
1=122
2=118
3=5667
4=2200
5=1750
6=40
7=1
8=0
9=0
10=149
11=1615
12=1431
[控制固参]
0=0
