[CCD原图]
CCD0=54 61 66 67 74 76 81 77 80 76 79 76 79 76 78 76 78 76 79 76 78 75 75 75 78 78 81 79 82 79 81 79 81 80 83 81 83 81 84 83 84 82 85 82 85 82 84 84 86 85 88 85 86 85 88 85 89 86 87 86 88 83 88 85 89 87 89 88 90 86 87 83 86 83 90 97 110 119 129 134 141 138 146 146 150 149 150 156 152 151 148 145 146 140 141 139 138 132 135 133 132 129 131 128 128 129 129 130 127 126 126 125 126 121 126 121 125 122 125 122 124 124 127 126 126 135 143 144 
CCD1=0 0 0 0 0 0 0 0 0 0 0 0 0 0 0 0 0 0 0 0 0 0 0 0 0 0 0 0 0 0 0 0 0 0 0 0 0 0 0 0 0 0 0 0 0 0 0 0 0 0 0 0 0 0 0 0 0 0 0 0 0 0 0 0 0 0 0 0 0 0 0 0 0 0 0 0 0 0 0 0 0 0 0 0 0 0 0 0 0 0 0 0 0 0 0 0 0 0 0 0 0 0 0 0 0 0 0 0 0 0 0 0 0 0 0 0 0 0 0 0 0 0 0 0 0 0 0 0 
[CCD拟图]
CCDLRC0=75 122 113 
CCDLRC1=75 122 113 
CCDLRC2=0 0 0 
[反馈数据]
0=85
1=122
2=118
3=5667
4=2200
5=1750
6=40
7=1
8=0
9=0
10=191
11=1657
12=1473
[控制固参]
0=0
