[CCD原图]
CCD0=54 61 65 66 73 73 79 77 80 76 79 76 78 76 78 77 78 76 79 78 80 78 77 78 81 80 81 79 83 80 82 81 83 82 83 83 84 81 85 84 85 83 85 83 86 84 86 85 87 86 88 85 87 85 88 85 88 87 88 85 84 79 81 78 80 81 89 98 110 117 128 132 139 135 140 138 141 139 141 140 142 137 141 138 140 137 138 140 138 137 136 133 135 132 134 133 135 130 134 133 133 129 133 132 134 138 141 143 139 138 136 134 133 127 129 124 126 124 125 122 124 123 126 123 121 128 133 133 
CCD1=0 0 0 0 0 0 0 0 0 0 0 0 0 0 0 0 0 0 0 0 0 0 0 0 0 0 0 0 0 0 0 0 0 0 0 0 0 0 0 0 0 0 0 0 0 0 0 0 0 0 0 0 0 0 0 0 0 0 0 0 0 0 0 0 0 0 0 0 0 0 0 0 0 0 0 0 0 0 0 0 0 0 0 0 0 0 0 0 0 0 0 0 0 0 0 0 0 0 0 0 0 0 0 0 0 0 0 0 0 0 0 0 0 0 0 0 0 0 0 0 0 0 0 0 0 0 0 0 
[CCD拟图]
CCDLRC0=6 122 107 
CCDLRC1=6 122 107 
CCDLRC2=0 0 0 
[反馈数据]
0=85
1=122
2=118
3=5667
4=2200
5=1750
6=40
7=1
8=0
9=0
10=195
11=1661
12=1477
[控制固参]
0=0
