[CCD原图]
CCD0=53 60 66 66 74 76 80 78 81 77 79 77 79 76 78 77 79 77 80 78 81 79 78 78 82 80 83 81 83 81 83 81 83 82 84 82 86 83 86 84 86 83 86 84 86 84 86 86 88 86 88 86 88 86 89 86 89 87 89 88 90 86 90 86 89 86 88 87 90 91 99 103 110 108 116 117 121 123 127 129 135 132 139 138 141 138 140 143 141 141 140 137 140 136 139 139 140 134 137 135 134 130 132 128 128 129 130 130 127 126 126 124 125 119 124 119 122 121 122 119 120 119 122 119 117 122 126 126 
CCD1=0 0 0 0 0 0 0 0 0 0 0 0 0 0 0 0 0 0 0 0 0 0 0 0 0 0 0 0 0 0 0 0 0 0 0 0 0 0 0 0 0 0 0 0 0 0 0 0 0 0 0 0 0 0 0 0 0 0 0 0 0 0 0 0 0 0 0 0 0 0 0 0 0 0 0 0 0 0 0 0 0 0 0 0 0 0 0 0 0 0 0 0 0 0 0 0 0 0 0 0 0 0 0 0 0 0 0 0 0 0 0 0 0 0 0 0 0 0 0 0 0 0 0 0 0 0 0 0 
[CCD拟图]
CCDLRC0=6 122 103 
CCDLRC1=6 122 103 
CCDLRC2=0 0 0 
[反馈数据]
0=85
1=122
2=118
3=5667
4=2200
5=1750
6=40
7=1
8=0
9=0
10=208
11=1674
12=1490
[控制固参]
0=0
