[CCD原图]
CCD0=56 63 69 70 79 82 87 85 87 83 85 82 85 82 84 81 80 77 80 86 118 124 117 124 132 130 132 131 135 133 134 135 138 140 144 144 148 143 148 146 144 141 143 140 143 138 140 141 144 143 144 144 142 142 147 143 149 150 155 158 162 154 171 163 167 163 159 156 152 147 148 147 149 142 146 142 144 143 144 144 146 140 144 140 143 139 139 140 132 107 86 80 83 83 87 86 88 85 88 85 87 85 88 86 87 85 87 85 85 83 85 82 84 81 83 80 82 77 77 73 75 76 80 78 80 79 82 81 
CCD1=0 0 0 0 0 0 0 0 0 0 0 0 0 0 0 0 0 0 0 0 0 0 0 0 0 0 0 0 0 0 0 0 0 0 0 0 0 0 0 0 0 0 0 0 0 0 0 0 0 0 0 0 0 0 0 0 0 0 0 0 0 0 0 0 0 0 0 0 0 0 0 0 0 0 0 0 0 0 0 0 0 0 0 0 0 0 0 0 0 0 0 0 0 0 0 0 0 0 0 0 0 0 0 0 0 0 0 0 0 0 0 0 0 0 0 0 0 0 0 0 0 0 0 0 0 0 0 0 
[CCD拟图]
CCDLRC0=18 89 53 
CCDLRC1=18 89 53 
CCDLRC2=0 0 0 
[反馈数据]
0=6
1=33
2=19
3=4358
4=2100
5=1750
6=0
7=1
8=1
9=1
10=200
11=200
12=165
[控制固参]
0=0
