[CCD原图]
CCD0=54 62 68 68 75 77 81 79 82 78 80 78 79 71 74 72 74 74 89 100 110 109 105 112 120 120 124 122 126 126 129 129 130 131 134 133 136 131 138 137 138 136 140 139 143 140 143 144 147 146 147 147 145 144 148 144 149 147 148 149 150 140 154 145 150 148 147 148 149 145 148 146 149 143 147 144 146 145 146 145 146 140 144 139 139 123 90 77 79 78 79 79 83 83 86 84 86 84 86 84 85 83 85 83 84 84 85 84 84 83 84 83 84 81 83 81 83 81 83 80 82 81 82 79 81 81 84 81 
CCD1=0 0 0 0 0 0 0 0 0 0 0 0 0 0 0 0 0 0 0 0 0 0 0 0 0 0 0 0 0 0 0 0 0 0 0 0 0 0 0 0 0 0 0 0 0 0 0 0 0 0 0 0 0 0 0 0 0 0 0 0 0 0 0 0 0 0 0 0 0 0 0 0 0 0 0 0 0 0 0 0 0 0 0 0 0 0 0 0 0 0 0 0 0 0 0 0 0 0 0 0 0 0 0 0 0 0 0 0 0 0 0 0 0 0 0 0 0 0 0 0 0 0 0 0 0 0 0 0 
[CCD拟图]
CCDLRC0=17 86 51 
CCDLRC1=17 86 51 
CCDLRC2=0 0 0 
[反馈数据]
0=6
1=33
2=19
3=4358
4=2100
5=1750
6=0
7=1
8=1
9=1
10=100
11=1636
12=1601
[控制固参]
0=0
