[CCD原图]
CCD0=60 70 81 88 108 120 131 127 130 123 125 122 123 120 122 123 124 123 127 124 129 126 117 123 130 128 132 130 133 130 131 131 133 133 135 135 138 134 138 138 139 136 141 138 143 140 143 144 147 145 146 147 143 143 147 143 148 146 148 149 150 140 153 145 149 147 146 146 147 143 146 145 147 140 145 142 144 141 141 135 125 99 84 78 80 78 81 80 84 84 85 82 85 82 84 82 84 81 84 82 83 81 83 81 82 81 82 81 82 80 82 80 82 79 82 80 82 80 82 80 82 81 82 80 81 82 84 82 
CCD1=0 0 0 0 0 0 0 0 0 0 0 0 0 0 0 0 0 0 0 0 0 0 0 0 0 0 0 0 0 0 0 0 0 0 0 0 0 0 0 0 0 0 0 0 0 0 0 0 0 0 0 0 0 0 0 0 0 0 0 0 0 0 0 0 0 0 0 0 0 0 0 0 0 0 0 0 0 0 0 0 0 0 0 0 0 0 0 0 0 0 0 0 0 0 0 0 0 0 0 0 0 0 0 0 0 0 0 0 0 0 0 0 0 0 0 0 0 0 0 0 0 0 0 0 0 0 0 0 
[CCD拟图]
CCDLRC0=6 84 45 
CCDLRC1=6 84 45 
CCDLRC2=0 0 0 
[反馈数据]
0=6
1=33
2=19
3=4358
4=2100
5=1750
6=0
7=1
8=1
9=1
10=117
11=1653
12=1618
[控制固参]
0=0
