[CCD原图]
CCD0=59 69 80 87 106 118 129 126 129 123 125 122 125 120 122 123 123 123 127 125 128 126 116 123 131 128 131 130 132 131 131 131 132 132 134 134 138 132 136 136 136 135 138 135 140 137 138 137 139 134 131 123 111 99 93 82 82 80 83 83 87 85 92 89 92 90 92 90 91 89 91 89 91 87 90 87 90 87 89 87 89 85 88 86 88 84 86 85 86 84 85 82 84 82 83 82 84 81 82 81 82 80 82 80 82 80 82 80 81 79 81 79 81 78 80 77 79 78 79 77 79 78 80 77 79 79 82 80 
CCD1=0 0 0 0 0 0 0 0 0 0 0 0 0 0 0 0 0 0 0 0 0 0 0 0 0 0 0 0 0 0 0 0 0 0 0 0 0 0 0 0 0 0 0 0 0 0 0 0 0 0 0 0 0 0 0 0 0 0 0 0 0 0 0 0 0 0 0 0 0 0 0 0 0 0 0 0 0 0 0 0 0 0 0 0 0 0 0 0 0 0 0 0 0 0 0 0 0 0 0 0 0 0 0 0 0 0 0 0 0 0 0 0 0 0 0 0 0 0 0 0 0 0 0 0 0 0 0 0 
[CCD拟图]
CCDLRC0=6 57 18 
CCDLRC1=6 57 18 
CCDLRC2=0 0 0 
[反馈数据]
0=6
1=33
2=19
3=4358
4=2100
5=1750
6=0
7=1
8=1
9=1
10=134
11=1670
12=1635
[控制固参]
0=0
