[CCD原图]
CCD0=53 60 66 66 74 75 81 77 80 77 80 77 79 76 78 77 78 78 80 79 81 79 78 79 83 80 83 82 84 82 84 82 84 83 84 79 81 79 102 135 139 138 141 139 144 141 143 144 148 146 147 148 145 143 148 142 146 145 148 150 154 144 161 154 161 161 159 162 163 160 163 161 164 155 159 154 154 151 150 148 150 143 148 144 146 143 145 148 145 145 144 141 142 139 142 142 143 138 140 139 138 134 136 131 123 114 106 96 88 81 82 81 84 80 83 81 82 81 83 80 82 80 82 80 80 80 83 81 
CCD1=0 0 0 0 0 0 0 0 0 0 0 0 0 0 0 0 0 0 0 0 0 0 0 0 0 0 0 0 0 0 0 0 0 0 0 0 0 0 0 0 0 0 0 0 0 0 0 0 0 0 0 0 0 0 0 0 0 0 0 0 0 0 0 0 0 0 0 0 0 0 0 0 0 0 0 0 0 0 0 0 0 0 0 0 0 0 0 0 0 0 0 0 0 0 0 0 0 0 0 0 0 0 0 0 0 0 0 0 0 0 0 0 0 0 0 0 0 0 0 0 0 0 0 0 0 0 0 0 
[CCD拟图]
CCDLRC0=37 105 71 
CCDLRC1=37 105 71 
CCDLRC2=0 0 0 
[反馈数据]
0=6
1=33
2=19
3=4358
4=2100
5=1750
6=0
7=1
8=1
9=1
10=190
11=1726
12=1691
[控制固参]
0=0
