[CCD原图]
CCD0=54 61 68 67 75 76 82 79 81 78 81 78 80 77 79 78 80 79 82 80 83 80 79 80 84 82 84 82 85 83 85 84 86 82 84 83 86 92 133 144 144 142 145 143 148 144 147 148 150 147 149 149 145 144 149 143 148 147 148 148 149 140 155 149 153 152 151 153 154 152 155 154 158 151 157 152 155 152 152 151 154 147 151 147 147 144 145 147 144 144 144 142 144 142 143 143 144 140 143 141 141 137 139 137 136 137 136 123 95 84 83 81 85 82 85 83 84 83 85 82 84 82 83 81 82 82 85 84 
CCD1=0 0 0 0 0 0 0 0 0 0 0 0 0 0 0 0 0 0 0 0 0 0 0 0 0 0 0 0 0 0 0 0 0 0 0 0 0 0 0 0 0 0 0 0 0 0 0 0 0 0 0 0 0 0 0 0 0 0 0 0 0 0 0 0 0 0 0 0 0 0 0 0 0 0 0 0 0 0 0 0 0 0 0 0 0 0 0 0 0 0 0 0 0 0 0 0 0 0 0 0 0 0 0 0 0 0 0 0 0 0 0 0 0 0 0 0 0 0 0 0 0 0 0 0 0 0 0 0 
[CCD拟图]
CCDLRC0=37 108 72 
CCDLRC1=37 108 72 
CCDLRC2=0 0 0 
[反馈数据]
0=6
1=33
2=19
3=4358
4=2100
5=1750
6=0
7=1
8=1
9=1
10=230
11=1766
12=1731
[控制固参]
0=0
