[CCD原图]
CCD0=61 71 82 91 112 125 137 133 135 130 131 128 131 127 129 129 131 132 137 136 140 138 128 137 144 142 144 140 142 138 138 138 139 139 139 138 139 134 136 134 133 131 135 132 138 134 136 137 140 139 141 141 138 138 143 138 143 142 144 145 147 140 158 157 168 167 165 168 166 156 154 149 149 141 145 138 130 112 100 91 91 87 91 89 92 89 90 90 90 88 89 86 88 85 87 86 88 85 87 85 87 85 86 84 86 85 87 85 87 85 87 84 86 83 85 83 85 83 84 82 83 82 83 82 83 82 86 84 
CCD1=0 0 0 0 0 0 0 0 0 0 0 0 0 0 0 0 0 0 0 0 0 0 0 0 0 0 0 0 0 0 0 0 0 0 0 0 0 0 0 0 0 0 0 0 0 0 0 0 0 0 0 0 0 0 0 0 0 0 0 0 0 0 0 0 0 0 0 0 0 0 0 0 0 0 0 0 0 0 0 0 0 0 0 0 0 0 0 0 0 0 0 0 0 0 0 0 0 0 0 0 0 0 0 0 0 0 0 0 0 0 0 0 0 0 0 0 0 0 0 0 0 0 0 0 0 0 0 0 
[CCD拟图]
CCDLRC0=6 82 40 
CCDLRC1=6 82 40 
CCDLRC2=0 0 0 
[反馈数据]
0=6
1=33
2=19
3=4358
4=2100
5=1750
6=0
7=1
8=1
9=1
10=255
11=1791
12=1756
[控制固参]
0=0
