[CCD原图]
CCD0=88 109 136 165 223 255 255 255 255 255 255 255 255 255 255 255 255 255 255 255 255 255 255 255 255 255 255 255 255 255 255 255 255 255 255 255 255 255 255 255 255 255 255 255 255 255 255 255 255 255 255 255 255 255 255 255 255 255 255 255 255 255 255 249 239 215 195 183 173 165 166 165 169 163 168 164 167 162 164 161 162 154 157 153 154 149 149 151 147 146 144 143 144 139 142 141 143 137 141 140 139 135 138 136 137 138 140 141 140 140 141 139 141 135 138 134 136 134 136 132 133 133 134 131 129 134 140 139 
CCD1=0 0 0 0 0 0 0 0 0 0 0 0 0 0 0 0 0 0 0 0 0 0 0 0 0 0 0 0 0 0 0 0 0 0 0 0 0 0 0 0 0 0 0 0 0 0 0 0 0 0 0 0 0 0 0 0 0 0 0 0 0 0 0 0 0 0 0 0 0 0 0 0 0 0 0 0 0 0 0 0 0 0 0 0 0 0 0 0 0 0 0 0 0 0 0 0 0 0 0 0 0 0 0 0 0 0 0 0 0 0 0 0 0 0 0 0 0 0 0 0 0 0 0 0 0 0 0 0 
[CCD拟图]
CCDLRC0=6 75 33 
CCDLRC1=6 75 33 
CCDLRC2=0 0 0 
[反馈数据]
0=6
1=33
2=19
3=4358
4=2100
5=1750
6=0
7=1
8=1
9=1
10=2
11=1794
12=1759
[控制固参]
0=0
