[CCD原图]
CCD0=56 65 72 74 86 91 98 94 96 92 93 91 92 88 89 87 90 89 94 94 96 94 90 93 98 96 98 96 99 97 98 96 98 99 103 101 103 98 100 88 86 83 85 84 87 85 88 88 94 112 133 139 138 138 144 139 144 143 145 146 148 138 151 144 149 147 146 148 148 145 148 147 149 142 146 143 147 145 147 145 148 142 146 144 145 142 144 147 145 145 146 148 154 156 163 167 171 165 166 161 152 141 140 137 136 137 137 135 132 131 129 128 130 123 125 114 104 84 80 76 77 76 78 76 78 76 78 76 
CCD1=0 0 0 0 0 0 0 0 0 0 0 0 0 0 0 0 0 0 0 0 0 0 0 0 0 0 0 0 0 0 0 0 0 0 0 0 0 0 0 0 0 0 0 0 0 0 0 0 0 0 0 0 0 0 0 0 0 0 0 0 0 0 0 0 0 0 0 0 0 0 0 0 0 0 0 0 0 0 0 0 0 0 0 0 0 0 0 0 0 0 0 0 0 0 0 0 0 0 0 0 0 0 0 0 0 0 0 0 0 0 0 0 0 0 0 0 0 0 0 0 0 0 0 0 0 0 0 0 
[CCD拟图]
CCDLRC0=6 122 60 
CCDLRC1=6 122 60 
CCDLRC2=0 0 0 
[反馈数据]
0=6
1=33
2=19
3=4358
4=2100
5=1750
6=0
7=1
8=1
9=1
10=47
11=1839
12=1804
[控制固参]
0=0
