[CCD原图]
CCD0=54 62 68 68 76 78 83 80 83 79 81 79 81 78 80 78 80 78 81 79 83 80 79 80 84 81 84 82 85 82 84 83 85 84 87 85 88 85 89 88 89 87 89 86 90 87 89 88 90 85 83 81 83 101 137 137 143 142 143 143 146 137 150 142 147 145 144 144 145 142 145 144 146 140 145 142 145 143 144 143 146 140 145 142 143 141 141 144 142 142 141 139 142 141 146 153 158 153 153 149 145 137 138 133 132 134 135 135 132 130 129 128 129 124 128 124 127 124 123 113 92 77 79 77 81 81 84 82 
CCD1=0 0 0 0 0 0 0 0 0 0 0 0 0 0 0 0 0 0 0 0 0 0 0 0 0 0 0 0 0 0 0 0 0 0 0 0 0 0 0 0 0 0 0 0 0 0 0 0 0 0 0 0 0 0 0 0 0 0 0 0 0 0 0 0 0 0 0 0 0 0 0 0 0 0 0 0 0 0 0 0 0 0 0 0 0 0 0 0 0 0 0 0 0 0 0 0 0 0 0 0 0 0 0 0 0 0 0 0 0 0 0 0 0 0 0 0 0 0 0 0 0 0 0 0 0 0 0 0 
[CCD拟图]
CCDLRC0=52 121 86 
CCDLRC1=52 121 86 
CCDLRC2=0 0 0 
[反馈数据]
0=6
1=33
2=19
3=4358
4=2100
5=1750
6=0
7=1
8=1
9=1
10=60
11=1852
12=1817
[控制固参]
0=0
