[CCD原图]
CCD0=58 69 79 87 105 115 125 122 125 118 120 116 118 114 116 116 116 114 118 116 119 117 110 116 124 123 125 123 126 123 125 124 126 126 129 128 131 125 129 128 127 125 128 125 130 126 128 128 131 129 131 130 128 128 132 128 132 130 132 132 133 125 134 123 120 109 101 92 86 80 80 78 81 78 81 79 82 79 81 79 81 78 79 76 78 75 76 75 75 73 74 72 74 71 74 70 73 70 73 71 73 72 75 74 78 78 81 81 81 79 88 90 94 92 97 95 100 100 105 104 107 107 111 107 104 106 109 107 
CCD1=0 0 0 0 0 0 0 0 0 0 0 0 0 0 0 0 0 0 0 0 0 0 0 0 0 0 0 0 0 0 0 0 0 0 0 0 0 0 0 0 0 0 0 0 0 0 0 0 0 0 0 0 0 0 0 0 0 0 0 0 0 0 0 0 0 0 0 0 0 0 0 0 0 0 0 0 0 0 0 0 0 0 0 0 0 0 0 0 0 0 0 0 0 0 0 0 0 0 0 0 0 0 0 0 0 0 0 0 0 0 0 0 0 0 0 0 0 0 0 0 0 0 0 0 0 0 0 0 
[CCD拟图]
CCDLRC0=6 75 32 
CCDLRC1=6 75 32 
CCDLRC2=0 0 0 
[反馈数据]
0=6
1=33
2=19
3=4358
4=2100
5=1750
6=0
7=1
8=1
9=1
10=106
11=1898
12=1863
[控制固参]
0=0
