[CCD原图]
CCD0=76 95 120 144 192 226 249 240 241 227 226 220 219 210 211 213 208 206 209 201 202 190 164 171 174 164 157 146 142 132 126 117 112 107 105 101 102 99 102 102 105 104 108 107 110 106 107 104 103 99 100 97 99 98 103 104 112 116 125 132 142 139 158 155 160 157 155 156 156 153 155 152 153 146 150 147 149 145 147 145 146 140 142 138 139 135 136 138 137 136 134 128 128 123 123 119 119 114 115 113 113 108 110 106 106 105 106 104 104 107 114 119 127 126 137 138 148 153 161 163 171 178 187 187 185 203 215 220 
CCD1=0 0 0 0 0 0 0 0 0 0 0 0 0 0 0 0 0 0 0 0 0 0 0 0 0 0 0 0 0 0 0 0 0 0 0 0 0 0 0 0 0 0 0 0 0 0 0 0 0 0 0 0 0 0 0 0 0 0 0 0 0 0 0 0 0 0 0 0 0 0 0 0 0 0 0 0 0 0 0 0 0 0 0 0 0 0 0 0 0 0 0 0 0 0 0 0 0 0 0 0 0 0 0 0 0 0 0 0 0 0 0 0 0 0 0 0 0 0 0 0 0 0 0 0 0 0 0 0 
[CCD拟图]
CCDLRC0=6 30 6 
CCDLRC1=6 30 6 
CCDLRC2=0 0 0 
[反馈数据]
0=6
1=33
2=19
3=4358
4=2100
5=1750
6=0
7=1
8=1
9=1
10=120
11=1912
12=1877
[控制固参]
0=0
