[CCD原图]
CCD0=53 61 67 67 75 77 82 80 83 79 82 79 82 79 81 79 81 79 82 80 82 80 78 78 83 81 83 81 83 82 83 82 84 83 85 83 82 75 75 72 75 77 94 108 127 135 144 148 153 153 154 156 153 154 156 151 156 154 154 153 155 144 157 149 153 150 148 150 150 147 149 147 149 144 148 146 148 147 148 146 149 143 149 145 148 144 146 149 147 147 146 143 146 144 147 147 149 144 147 146 146 140 142 138 136 137 137 137 134 133 132 131 133 127 131 127 129 126 122 108 99 85 79 75 77 76 81 80 
CCD1=0 0 0 0 0 0 0 0 0 0 0 0 0 0 0 0 0 0 0 0 0 0 0 0 0 0 0 0 0 0 0 0 0 0 0 0 0 0 0 0 0 0 0 0 0 0 0 0 0 0 0 0 0 0 0 0 0 0 0 0 0 0 0 0 0 0 0 0 0 0 0 0 0 0 0 0 0 0 0 0 0 0 0 0 0 0 0 0 0 0 0 0 0 0 0 0 0 0 0 0 0 0 0 0 0 0 0 0 0 0 0 0 0 0 0 0 0 0 0 0 0 0 0 0 0 0 0 0 
[CCD拟图]
CCDLRC0=43 117 80 
CCDLRC1=43 117 80 
CCDLRC2=0 0 0 
[反馈数据]
0=6
1=33
2=19
3=4358
4=2100
5=1750
6=0
7=1
8=1
9=1
10=150
11=1942
12=1907
[控制固参]
0=0
