[CCD原图]
CCD0=55 62 68 69 77 79 83 80 83 78 81 78 80 77 79 78 80 78 81 78 81 79 78 79 82 81 83 81 84 82 84 82 85 84 86 85 86 81 82 80 83 84 89 84 81 76 78 87 114 131 138 139 137 136 140 136 140 140 141 141 143 134 146 139 143 141 141 141 142 140 142 141 144 138 143 141 143 143 147 150 163 167 177 172 170 163 156 153 145 141 138 135 136 133 135 134 136 131 134 132 132 128 130 127 127 129 128 129 125 123 123 120 120 106 87 75 76 73 77 77 80 78 79 78 78 77 80 79 
CCD1=0 0 0 0 0 0 0 0 0 0 0 0 0 0 0 0 0 0 0 0 0 0 0 0 0 0 0 0 0 0 0 0 0 0 0 0 0 0 0 0 0 0 0 0 0 0 0 0 0 0 0 0 0 0 0 0 0 0 0 0 0 0 0 0 0 0 0 0 0 0 0 0 0 0 0 0 0 0 0 0 0 0 0 0 0 0 0 0 0 0 0 0 0 0 0 0 0 0 0 0 0 0 0 0 0 0 0 0 0 0 0 0 0 0 0 0 0 0 0 0 0 0 0 0 0 0 0 0 
[CCD拟图]
CCDLRC0=49 115 82 
CCDLRC1=49 115 82 
CCDLRC2=0 0 0 
[反馈数据]
0=6
1=33
2=19
3=4358
4=2100
5=1750
6=0
7=1
8=1
9=1
10=202
11=1994
12=1959
[控制固参]
0=0
