[CCD原图]
CCD0=54 61 67 67 75 76 81 78 81 77 80 77 80 76 79 78 79 78 81 79 82 79 78 79 83 82 83 77 79 77 80 82 84 80 80 75 76 74 78 81 101 122 134 132 136 132 134 136 138 137 138 139 137 136 140 135 140 139 140 140 143 134 146 139 145 142 142 142 144 142 146 146 152 151 164 167 176 175 176 169 164 151 150 143 141 139 139 140 138 136 135 133 135 132 134 133 135 130 133 131 130 126 128 125 124 123 122 107 86 78 78 76 80 78 80 77 79 77 79 76 78 76 78 75 77 76 79 77 
CCD1=0 0 0 0 0 0 0 0 0 0 0 0 0 0 0 0 0 0 0 0 0 0 0 0 0 0 0 0 0 0 0 0 0 0 0 0 0 0 0 0 0 0 0 0 0 0 0 0 0 0 0 0 0 0 0 0 0 0 0 0 0 0 0 0 0 0 0 0 0 0 0 0 0 0 0 0 0 0 0 0 0 0 0 0 0 0 0 0 0 0 0 0 0 0 0 0 0 0 0 0 0 0 0 0 0 0 0 0 0 0 0 0 0 0 0 0 0 0 0 0 0 0 0 0 0 0 0 0 
[CCD拟图]
CCDLRC0=41 109 75 
CCDLRC1=41 109 75 
CCDLRC2=0 0 0 
[反馈数据]
0=6
1=33
2=19
3=4358
4=2100
5=1750
6=0
7=1
8=1
9=1
10=207
11=1999
12=1964
[控制固参]
0=0
