[CCD原图]
CCD0=55 62 67 68 75 77 82 79 82 78 81 78 81 77 76 74 77 76 82 81 85 82 77 72 75 74 96 127 138 137 137 137 137 138 139 139 142 135 140 138 137 135 138 135 139 135 137 138 141 139 141 140 138 138 141 137 143 142 144 144 147 138 151 142 146 144 145 146 147 146 150 149 152 148 153 150 153 149 148 144 145 140 144 142 144 141 141 144 141 140 138 135 137 133 134 133 129 116 110 102 85 77 79 77 81 80 81 80 81 79 81 78 80 77 80 77 79 78 79 78 79 77 79 77 79 78 82 80 
CCD1=0 0 0 0 0 0 0 0 0 0 0 0 0 0 0 0 0 0 0 0 0 0 0 0 0 0 0 0 0 0 0 0 0 0 0 0 0 0 0 0 0 0 0 0 0 0 0 0 0 0 0 0 0 0 0 0 0 0 0 0 0 0 0 0 0 0 0 0 0 0 0 0 0 0 0 0 0 0 0 0 0 0 0 0 0 0 0 0 0 0 0 0 0 0 0 0 0 0 0 0 0 0 0 0 0 0 0 0 0 0 0 0 0 0 0 0 0 0 0 0 0 0 0 0 0 0 0 0 
[CCD拟图]
CCDLRC0=26 101 63 
CCDLRC1=26 101 63 
CCDLRC2=0 0 0 
[反馈数据]
0=6
1=33
2=19
3=4358
4=2100
5=1750
6=0
7=1
8=1
9=1
10=219
11=2011
12=1976
[控制固参]
0=0
