[CCD原图]
CCD0=55 62 68 68 75 78 82 75 77 74 79 77 79 75 75 73 76 83 111 126 134 131 123 132 140 137 140 138 140 138 137 136 137 136 137 136 138 132 136 135 134 133 137 132 137 133 136 137 140 138 140 141 137 137 142 137 143 141 143 144 147 138 151 143 148 147 147 147 149 148 153 152 154 146 150 146 148 146 146 145 147 141 145 141 141 137 136 135 123 102 84 75 76 73 78 81 83 81 83 81 82 79 81 79 79 78 80 78 79 77 79 77 79 75 79 76 78 76 77 74 77 77 78 76 78 77 79 77 
CCD1=0 0 0 0 0 0 0 0 0 0 0 0 0 0 0 0 0 0 0 0 0 0 0 0 0 0 0 0 0 0 0 0 0 0 0 0 0 0 0 0 0 0 0 0 0 0 0 0 0 0 0 0 0 0 0 0 0 0 0 0 0 0 0 0 0 0 0 0 0 0 0 0 0 0 0 0 0 0 0 0 0 0 0 0 0 0 0 0 0 0 0 0 0 0 0 0 0 0 0 0 0 0 0 0 0 0 0 0 0 0 0 0 0 0 0 0 0 0 0 0 0 0 0 0 0 0 0 0 
[CCD拟图]
CCDLRC0=18 92 55 
CCDLRC1=18 92 55 
CCDLRC2=0 0 0 
[反馈数据]
0=6
1=33
2=19
3=4358
4=2100
5=1750
6=0
7=1
8=1
9=1
10=229
11=2021
12=1986
[控制固参]
0=0
