[CCD原图]
CCD0=59 69 80 87 106 118 129 125 128 122 124 121 122 119 120 120 122 121 125 122 127 124 115 123 130 129 132 132 135 133 135 135 137 137 138 137 141 135 140 139 138 136 139 136 139 135 137 134 131 117 103 89 83 79 80 77 80 79 80 78 80 77 83 81 84 82 84 83 85 83 86 84 86 83 87 84 87 86 89 87 90 88 91 88 91 87 89 88 89 86 87 84 85 82 84 81 83 80 82 79 80 78 79 77 78 76 78 77 78 76 77 75 78 75 77 74 77 74 76 75 76 75 77 74 75 75 78 75 
CCD1=0 0 0 0 0 0 0 0 0 0 0 0 0 0 0 0 0 0 0 0 0 0 0 0 0 0 0 0 0 0 0 0 0 0 0 0 0 0 0 0 0 0 0 0 0 0 0 0 0 0 0 0 0 0 0 0 0 0 0 0 0 0 0 0 0 0 0 0 0 0 0 0 0 0 0 0 0 0 0 0 0 0 0 0 0 0 0 0 0 0 0 0 0 0 0 0 0 0 0 0 0 0 0 0 0 0 0 0 0 0 0 0 0 0 0 0 0 0 0 0 0 0 0 0 0 0 0 0 
[CCD拟图]
CCDLRC0=6 54 16 
CCDLRC1=6 54 16 
CCDLRC2=0 0 0 
[反馈数据]
0=6
1=33
2=19
3=4358
4=2100
5=1750
6=0
7=1
8=1
9=1
10=3
11=2051
12=2016
[控制固参]
0=0
