[CCD原图]
CCD0=58 69 80 86 106 118 128 125 128 121 123 121 123 119 122 122 123 122 127 124 128 125 116 122 130 127 130 127 130 128 127 126 128 126 128 125 127 119 120 113 106 97 90 82 80 75 76 74 76 75 78 76 78 77 81 78 83 83 88 87 89 85 91 87 89 87 88 86 88 85 87 85 87 82 86 82 84 82 84 81 83 80 82 80 82 79 81 79 81 79 81 78 80 78 81 79 81 78 81 80 81 79 82 79 81 80 82 81 82 80 82 80 82 79 81 78 81 79 81 79 81 78 80 77 79 77 81 79 
CCD1=0 0 0 0 0 0 0 0 0 0 0 0 0 0 0 0 0 0 0 0 0 0 0 0 0 0 0 0 0 0 0 0 0 0 0 0 0 0 0 0 0 0 0 0 0 0 0 0 0 0 0 0 0 0 0 0 0 0 0 0 0 0 0 0 0 0 0 0 0 0 0 0 0 0 0 0 0 0 0 0 0 0 0 0 0 0 0 0 0 0 0 0 0 0 0 0 0 0 0 0 0 0 0 0 0 0 0 0 0 0 0 0 0 0 0 0 0 0 0 0 0 0 0 0 0 0 0 0 
[CCD拟图]
CCDLRC0=6 41 6 
CCDLRC1=6 41 6 
CCDLRC2=0 0 0 
[反馈数据]
0=6
1=33
2=19
3=4358
4=2100
5=1750
6=0
7=1
8=1
9=1
10=14
11=2062
12=2027
[控制固参]
0=0
