[CCD原图]
CCD0=59 69 79 86 104 115 125 122 125 118 121 118 120 116 119 119 120 120 123 121 125 123 115 125 133 135 140 141 147 147 149 147 145 140 140 136 139 132 138 136 136 134 138 134 139 136 138 138 141 140 139 140 136 136 140 136 141 140 143 144 145 136 149 142 145 142 141 142 141 138 139 136 134 120 115 103 97 87 84 81 83 81 83 82 84 83 85 85 87 84 85 83 86 82 84 83 84 82 84 82 83 81 83 80 82 80 83 81 82 80 82 79 82 79 81 79 81 80 81 79 81 79 81 79 79 80 83 80 
CCD1=0 0 0 0 0 0 0 0 0 0 0 0 0 0 0 0 0 0 0 0 0 0 0 0 0 0 0 0 0 0 0 0 0 0 0 0 0 0 0 0 0 0 0 0 0 0 0 0 0 0 0 0 0 0 0 0 0 0 0 0 0 0 0 0 0 0 0 0 0 0 0 0 0 0 0 0 0 0 0 0 0 0 0 0 0 0 0 0 0 0 0 0 0 0 0 0 0 0 0 0 0 0 0 0 0 0 0 0 0 0 0 0 0 0 0 0 0 0 0 0 0 0 0 0 0 0 0 0 
[CCD拟图]
CCDLRC0=6 70 32 
CCDLRC1=6 70 32 
CCDLRC2=0 0 0 
[反馈数据]
0=6
1=33
2=19
3=4358
4=2100
5=1750
6=0
7=1
8=1
9=1
10=34
11=2082
12=2047
[控制固参]
0=0
