[CCD原图]
CCD0=55 63 69 70 79 81 87 83 84 78 80 83 100 109 118 118 120 120 123 121 125 121 113 119 127 124 127 124 128 125 126 127 128 129 131 130 133 129 135 133 134 133 137 134 140 138 145 150 158 160 163 164 156 152 152 144 146 143 143 143 145 136 149 141 145 144 143 144 145 142 145 142 144 138 142 140 142 140 142 140 144 138 142 139 139 128 113 96 88 82 84 83 86 84 86 84 86 83 86 84 85 82 84 82 83 83 84 82 83 81 82 80 82 79 81 79 81 79 82 78 80 79 81 79 80 79 82 81 
CCD1=0 0 0 0 0 0 0 0 0 0 0 0 0 0 0 0 0 0 0 0 0 0 0 0 0 0 0 0 0 0 0 0 0 0 0 0 0 0 0 0 0 0 0 0 0 0 0 0 0 0 0 0 0 0 0 0 0 0 0 0 0 0 0 0 0 0 0 0 0 0 0 0 0 0 0 0 0 0 0 0 0 0 0 0 0 0 0 0 0 0 0 0 0 0 0 0 0 0 0 0 0 0 0 0 0 0 0 0 0 0 0 0 0 0 0 0 0 0 0 0 0 0 0 0 0 0 0 0 
[CCD拟图]
CCDLRC0=8 86 47 
CCDLRC1=8 86 47 
CCDLRC2=0 0 0 
[反馈数据]
0=6
1=33
2=19
3=4358
4=2100
5=1750
6=0
7=1
8=1
9=1
10=41
11=2089
12=2054
[控制固参]
0=0
