[CCD原图]
CCD0=55 62 68 68 76 79 84 82 84 81 84 81 81 77 75 70 72 72 90 114 134 133 120 126 132 129 130 128 131 129 129 130 130 131 133 132 136 131 136 136 135 133 136 134 139 136 138 138 142 140 142 142 141 141 145 140 146 144 146 147 149 138 152 144 149 148 148 151 153 153 159 162 168 162 167 164 164 159 157 153 152 144 147 142 142 139 140 142 140 138 138 135 137 134 136 135 136 132 135 133 132 128 130 127 125 123 120 116 104 90 83 79 81 78 81 79 82 80 82 80 82 80 82 79 81 80 83 81 
CCD1=0 0 0 0 0 0 0 0 0 0 0 0 0 0 0 0 0 0 0 0 0 0 0 0 0 0 0 0 0 0 0 0 0 0 0 0 0 0 0 0 0 0 0 0 0 0 0 0 0 0 0 0 0 0 0 0 0 0 0 0 0 0 0 0 0 0 0 0 0 0 0 0 0 0 0 0 0 0 0 0 0 0 0 0 0 0 0 0 0 0 0 0 0 0 0 0 0 0 0 0 0 0 0 0 0 0 0 0 0 0 0 0 0 0 0 0 0 0 0 0 0 0 0 0 0 0 0 0 
[CCD拟图]
CCDLRC0=14 97 55 
CCDLRC1=14 97 55 
CCDLRC2=0 0 0 
[反馈数据]
0=6
1=33
2=19
3=4358
4=2100
5=1750
6=0
7=1
8=1
9=1
10=44
11=2092
12=2057
[控制固参]
0=0
