[CCD原图]
CCD0=55 62 67 68 74 75 80 79 83 81 84 82 83 77 76 73 80 103 128 127 132 128 119 128 135 134 136 133 138 136 136 137 138 139 141 140 143 137 143 143 143 142 146 144 149 145 148 147 150 147 149 149 146 144 148 144 148 148 150 151 154 144 157 149 153 152 152 153 154 152 155 153 157 150 155 153 155 153 154 152 154 148 151 144 134 116 90 80 81 80 81 82 87 85 88 87 88 86 87 85 86 83 86 83 83 79 79 77 79 76 79 76 78 75 77 75 77 75 77 74 76 75 77 74 76 75 77 75 
CCD1=0 0 0 0 0 0 0 0 0 0 0 0 0 0 0 0 0 0 0 0 0 0 0 0 0 0 0 0 0 0 0 0 0 0 0 0 0 0 0 0 0 0 0 0 0 0 0 0 0 0 0 0 0 0 0 0 0 0 0 0 0 0 0 0 0 0 0 0 0 0 0 0 0 0 0 0 0 0 0 0 0 0 0 0 0 0 0 0 0 0 0 0 0 0 0 0 0 0 0 0 0 0 0 0 0 0 0 0 0 0 0 0 0 0 0 0 0 0 0 0 0 0 0 0 0 0 0 0 
[CCD拟图]
CCDLRC0=17 86 51 
CCDLRC1=17 86 51 
CCDLRC2=0 0 0 
[反馈数据]
0=6
1=33
2=19
3=4358
4=2100
5=1750
6=0
7=1
8=1
9=1
10=249
11=249
12=214
[控制固参]
0=0
