[CCD原图]
CCD0=57 64 70 72 81 82 86 81 83 80 82 79 81 77 80 79 80 79 79 75 78 76 79 99 119 124 129 129 134 132 134 137 143 146 150 150 153 145 147 144 140 136 138 135 139 135 137 138 141 139 141 139 138 137 142 137 142 141 143 143 145 135 148 140 145 143 142 142 143 141 144 144 147 144 151 151 157 159 160 159 160 151 152 146 146 143 141 142 140 139 138 135 135 128 123 113 105 94 89 81 81 80 82 80 82 82 84 83 84 82 83 81 83 80 83 81 82 81 82 80 82 80 81 80 81 80 83 81 
CCD1=0 0 0 0 0 0 0 0 0 0 0 0 0 0 0 0 0 0 0 0 0 0 0 0 0 0 0 0 0 0 0 0 0 0 0 0 0 0 0 0 0 0 0 0 0 0 0 0 0 0 0 0 0 0 0 0 0 0 0 0 0 0 0 0 0 0 0 0 0 0 0 0 0 0 0 0 0 0 0 0 0 0 0 0 0 0 0 0 0 0 0 0 0 0 0 0 0 0 0 0 0 0 0 0 0 0 0 0 0 0 0 0 0 0 0 0 0 0 0 0 0 0 0 0 0 0 0 0 
[CCD拟图]
CCDLRC0=22 100 61 
CCDLRC1=22 100 61 
CCDLRC2=0 0 0 
[反馈数据]
0=6
1=33
2=19
3=4358
4=2100
5=1750
6=0
7=1
8=1
9=1
10=68
11=2116
12=2081
[控制固参]
0=0
