[CCD原图]
CCD0=59 69 80 86 104 114 123 118 121 116 120 117 118 115 116 116 117 116 121 119 124 121 113 120 127 126 130 128 132 130 131 131 134 134 136 135 138 132 137 135 135 133 136 133 138 133 136 135 139 137 138 138 136 135 139 134 139 138 141 140 143 135 146 139 143 142 141 142 143 141 143 143 145 140 147 145 151 153 158 159 165 158 163 157 156 150 146 145 142 139 137 133 136 133 135 134 137 132 134 132 132 128 130 128 128 129 130 130 127 126 126 125 126 122 127 125 131 132 135 131 133 130 129 121 114 111 112 115 
CCD1=0 0 0 0 0 0 0 0 0 0 0 0 0 0 0 0 0 0 0 0 0 0 0 0 0 0 0 0 0 0 0 0 0 0 0 0 0 0 0 0 0 0 0 0 0 0 0 0 0 0 0 0 0 0 0 0 0 0 0 0 0 0 0 0 0 0 0 0 0 0 0 0 0 0 0 0 0 0 0 0 0 0 0 0 0 0 0 0 0 0 0 0 0 0 0 0 0 0 0 0 0 0 0 0 0 0 0 0 0 0 0 0 0 0 0 0 0 0 0 0 0 0 0 0 0 0 0 0 
[CCD拟图]
CCDLRC0=6 119 62 
CCDLRC1=6 119 62 
CCDLRC2=0 0 0 
[反馈数据]
0=6
1=33
2=19
3=4358
4=2100
5=1750
6=0
7=1
8=1
9=1
10=85
11=2133
12=2098
[控制固参]
0=0
