[CCD原图]
CCD0=54 61 67 67 74 75 81 78 80 76 79 76 77 72 72 71 73 75 104 119 127 125 117 125 132 130 133 131 134 132 132 131 133 133 137 136 141 133 139 142 142 141 145 143 149 144 146 148 150 149 150 148 146 146 150 144 147 146 147 147 149 139 152 145 149 148 147 148 149 146 148 147 150 145 150 146 149 147 148 146 147 141 144 137 113 84 82 81 90 88 87 84 87 83 86 84 86 82 85 83 84 81 83 81 82 82 83 81 82 80 82 80 82 78 81 79 81 80 81 79 81 80 81 79 80 81 84 82 
CCD1=0 0 0 0 0 0 0 0 0 0 0 0 0 0 0 0 0 0 0 0 0 0 0 0 0 0 0 0 0 0 0 0 0 0 0 0 0 0 0 0 0 0 0 0 0 0 0 0 0 0 0 0 0 0 0 0 0 0 0 0 0 0 0 0 0 0 0 0 0 0 0 0 0 0 0 0 0 0 0 0 0 0 0 0 0 0 0 0 0 0 0 0 0 0 0 0 0 0 0 0 0 0 0 0 0 0 0 0 0 0 0 0 0 0 0 0 0 0 0 0 0 0 0 0 0 0 0 0 
[CCD拟图]
CCDLRC0=17 85 51 
CCDLRC1=17 85 51 
CCDLRC2=0 0 0 
[反馈数据]
0=6
1=33
2=19
3=4358
4=2100
5=1750
6=0
7=1
8=1
9=1
10=4
11=260
12=225
[控制固参]
0=0
