[CCD原图]
CCD0=54 60 66 66 72 73 78 75 77 75 76 74 76 73 75 74 76 74 76 75 77 74 75 74 78 76 79 77 79 77 78 77 79 77 79 78 80 77 81 78 80 78 80 78 81 78 81 79 81 80 82 80 81 80 83 80 83 82 83 82 84 79 84 81 84 82 84 83 84 82 85 83 84 81 84 81 84 82 83 82 84 81 84 81 83 81 83 82 83 81 82 80 82 80 83 81 83 80 82 81 82 79 81 79 81 80 81 80 81 79 81 78 81 78 80 78 81 79 80 79 80 78 81 79 79 80 82 81 
CCD1=0 0 0 0 0 0 0 0 0 0 0 0 0 0 0 0 0 0 0 0 0 0 0 0 0 0 0 0 0 0 0 0 0 0 0 0 0 0 0 0 0 0 0 0 0 0 0 0 0 0 0 0 0 0 0 0 0 0 0 0 0 0 0 0 0 0 0 0 0 0 0 0 0 0 0 0 0 0 0 0 0 0 0 0 0 0 0 0 0 0 0 0 0 0 0 0 0 0 0 0 0 0 0 0 0 0 0 0 0 0 0 0 0 0 0 0 0 0 0 0 0 0 0 0 0 0 0 0 
[CCD拟图]
CCDLRC0=6 122 118 
CCDLRC1=6 122 118 
CCDLRC2=0 0 0 
[反馈数据]
0=6
1=33
2=19
3=4358
4=2100
5=1750
6=0
7=1
8=1
9=1
10=192
11=2240
12=2205
[控制固参]
0=0
