[CCD原图]
CCD0=54 60 64 64 68 66 70 67 70 68 71 69 72 69 72 70 73 72 75 74 77 75 75 75 79 77 80 77 79 78 79 78 79 78 80 78 81 78 81 80 82 79 81 79 82 80 83 80 83 82 84 82 84 81 84 81 85 83 85 84 86 81 86 83 86 83 85 84 85 82 85 83 85 81 85 83 84 82 85 83 85 83 84 83 84 82 84 82 83 82 83 80 83 80 82 80 82 79 80 78 80 79 82 80 82 81 83 82 83 81 83 81 82 79 82 79 81 79 80 77 79 77 79 77 79 79 83 82 
CCD1=0 0 0 0 0 0 0 0 0 0 0 0 0 0 0 0 0 0 0 0 0 0 0 0 0 0 0 0 0 0 0 0 0 0 0 0 0 0 0 0 0 0 0 0 0 0 0 0 0 0 0 0 0 0 0 0 0 0 0 0 0 0 0 0 0 0 0 0 0 0 0 0 0 0 0 0 0 0 0 0 0 0 0 0 0 0 0 0 0 0 0 0 0 0 0 0 0 0 0 0 0 0 0 0 0 0 0 0 0 0 0 0 0 0 0 0 0 0 0 0 0 0 0 0 0 0 0 0 
[CCD拟图]
CCDLRC0=6 122 118 
CCDLRC1=6 122 118 
CCDLRC2=0 0 0 
[反馈数据]
0=6
1=33
2=19
3=4358
4=2100
5=1750
6=0
7=1
8=1
9=1
10=200
11=2248
12=2213
[控制固参]
0=0
