[CCD原图]
CCD0=58 68 78 83 101 112 123 118 121 116 117 113 115 110 113 112 113 113 117 114 119 116 108 113 119 116 118 116 118 113 109 98 90 81 83 83 87 83 83 80 80 77 78 76 79 77 80 79 82 82 84 83 84 82 85 82 85 83 84 82 83 79 83 80 83 82 84 83 85 84 86 84 86 83 86 84 86 84 86 84 87 84 86 84 85 83 85 84 85 83 83 81 83 81 84 83 85 82 85 83 84 80 81 79 80 78 80 79 81 82 86 89 96 97 106 108 115 118 122 121 126 125 130 127 125 132 137 135 
CCD1=0 0 0 0 0 0 0 0 0 0 0 0 0 0 0 0 0 0 0 0 0 0 0 0 0 0 0 0 0 0 0 0 0 0 0 0 0 0 0 0 0 0 0 0 0 0 0 0 0 0 0 0 0 0 0 0 0 0 0 0 0 0 0 0 0 0 0 0 0 0 0 0 0 0 0 0 0 0 0 0 0 0 0 0 0 0 0 0 0 0 0 0 0 0 0 0 0 0 0 0 0 0 0 0 0 0 0 0 0 0 0 0 0 0 0 0 0 0 0 0 0 0 0 0 0 0 0 0 
[CCD拟图]
CCDLRC0=107 122 122 
CCDLRC1=107 122 122 
CCDLRC2=0 0 0 
[反馈数据]
0=6
1=33
2=19
3=4358
4=2100
5=1750
6=0
7=1
8=1
9=1
10=207
11=2255
12=2220
[控制固参]
0=0
