[CCD原图]
CCD0=59 68 78 84 102 112 123 119 121 115 117 114 117 112 114 113 114 113 117 115 119 115 108 115 121 119 123 120 123 121 121 115 108 99 90 80 77 73 74 72 74 73 78 77 81 80 83 83 85 84 86 84 85 83 87 84 87 85 87 86 88 84 89 85 88 86 88 86 88 85 87 86 89 85 88 86 88 86 89 86 89 85 88 84 85 81 84 84 89 95 105 114 127 130 137 140 140 136 138 136 134 129 132 128 127 129 129 129 126 125 126 125 126 121 126 121 125 124 126 123 125 124 127 124 122 128 133 134 
CCD1=0 0 0 0 0 0 0 0 0 0 0 0 0 0 0 0 0 0 0 0 0 0 0 0 0 0 0 0 0 0 0 0 0 0 0 0 0 0 0 0 0 0 0 0 0 0 0 0 0 0 0 0 0 0 0 0 0 0 0 0 0 0 0 0 0 0 0 0 0 0 0 0 0 0 0 0 0 0 0 0 0 0 0 0 0 0 0 0 0 0 0 0 0 0 0 0 0 0 0 0 0 0 0 0 0 0 0 0 0 0 0 0 0 0 0 0 0 0 0 0 0 0 0 0 0 0 0 0 
[CCD拟图]
CCDLRC0=91 122 122 
CCDLRC1=91 122 122 
CCDLRC2=0 0 0 
[反馈数据]
0=6
1=33
2=19
3=4358
4=2100
5=1750
6=0
7=1
8=1
9=1
10=215
11=2263
12=2228
[控制固参]
0=0
