[CCD原图]
CCD0=59 68 78 85 102 113 123 118 121 114 116 112 114 110 113 113 114 113 117 114 119 116 108 115 121 119 122 116 111 96 87 79 78 75 76 73 74 71 75 75 78 78 82 81 85 83 85 83 86 85 87 85 86 84 86 84 87 85 88 86 88 83 89 86 88 87 88 86 88 86 89 87 89 86 89 86 89 87 88 86 88 84 86 83 86 86 94 105 116 127 131 133 136 133 136 135 135 131 134 132 132 127 130 127 127 128 129 130 127 127 126 126 128 122 127 123 126 126 128 125 127 125 127 126 125 130 136 135 
CCD1=0 0 0 0 0 0 0 0 0 0 0 0 0 0 0 0 0 0 0 0 0 0 0 0 0 0 0 0 0 0 0 0 0 0 0 0 0 0 0 0 0 0 0 0 0 0 0 0 0 0 0 0 0 0 0 0 0 0 0 0 0 0 0 0 0 0 0 0 0 0 0 0 0 0 0 0 0 0 0 0 0 0 0 0 0 0 0 0 0 0 0 0 0 0 0 0 0 0 0 0 0 0 0 0 0 0 0 0 0 0 0 0 0 0 0 0 0 0 0 0 0 0 0 0 0 0 0 0 
[CCD拟图]
CCDLRC0=87 122 122 
CCDLRC1=87 122 122 
CCDLRC2=0 0 0 
[反馈数据]
0=6
1=33
2=19
3=4358
4=2100
5=1750
6=0
7=1
8=1
9=1
10=217
11=2265
12=2230
[控制固参]
0=0
