[CCD原图]
CCD0=54 61 66 67 73 75 79 76 79 76 79 76 77 75 77 75 77 75 78 75 78 75 74 75 78 76 78 76 79 78 79 78 79 79 82 80 83 81 84 83 85 82 85 83 86 84 86 84 86 83 85 81 81 80 85 88 103 113 126 131 138 131 144 138 143 141 139 141 142 139 143 141 144 139 145 143 146 144 147 147 150 145 151 147 149 145 146 149 146 146 144 141 143 141 143 143 145 139 141 139 138 133 135 131 131 132 132 133 130 129 129 129 131 125 130 124 126 124 125 122 126 126 128 125 123 128 132 132 
CCD1=0 0 0 0 0 0 0 0 0 0 0 0 0 0 0 0 0 0 0 0 0 0 0 0 0 0 0 0 0 0 0 0 0 0 0 0 0 0 0 0 0 0 0 0 0 0 0 0 0 0 0 0 0 0 0 0 0 0 0 0 0 0 0 0 0 0 0 0 0 0 0 0 0 0 0 0 0 0 0 0 0 0 0 0 0 0 0 0 0 0 0 0 0 0 0 0 0 0 0 0 0 0 0 0 0 0 0 0 0 0 0 0 0 0 0 0 0 0 0 0 0 0 0 0 0 0 0 0 
[CCD拟图]
CCDLRC0=55 122 98 
CCDLRC1=55 122 98 
CCDLRC2=0 0 0 
[反馈数据]
0=6
1=33
2=19
3=4358
4=2100
5=1750
6=0
7=1
8=1
9=1
10=240
11=2288
12=2253
[控制固参]
0=0
