[CCD原图]
CCD0=55 62 69 68 76 77 83 79 81 78 81 78 80 78 80 79 80 78 82 79 82 80 79 80 83 80 83 81 83 81 83 82 84 82 85 83 86 82 85 84 85 84 86 85 87 85 87 86 88 86 88 86 88 86 89 87 90 88 91 90 92 87 91 87 89 87 91 95 103 108 119 125 135 135 142 139 142 141 142 140 143 138 143 142 149 153 159 164 159 157 153 146 144 138 138 136 138 132 135 133 133 129 131 129 129 130 131 132 130 128 129 128 130 123 129 124 128 127 130 128 132 133 138 137 135 141 145 142 
CCD1=0 0 0 0 0 0 0 0 0 0 0 0 0 0 0 0 0 0 0 0 0 0 0 0 0 0 0 0 0 0 0 0 0 0 0 0 0 0 0 0 0 0 0 0 0 0 0 0 0 0 0 0 0 0 0 0 0 0 0 0 0 0 0 0 0 0 0 0 0 0 0 0 0 0 0 0 0 0 0 0 0 0 0 0 0 0 0 0 0 0 0 0 0 0 0 0 0 0 0 0 0 0 0 0 0 0 0 0 0 0 0 0 0 0 0 0 0 0 0 0 0 0 0 0 0 0 0 0 
[CCD拟图]
CCDLRC0=72 122 115 
CCDLRC1=72 122 115 
CCDLRC2=0 0 0 
[反馈数据]
0=6
1=33
2=19
3=4358
4=2100
5=1750
6=0
7=1
8=1
9=1
10=15
11=2319
12=2284
[控制固参]
0=0
