[CCD原图]
CCD0=54 60 66 65 71 71 75 72 76 72 75 73 73 70 72 71 74 88 112 117 123 122 113 121 128 127 129 128 132 130 132 131 132 134 135 132 136 134 140 139 139 138 141 138 145 141 144 144 148 146 148 147 144 144 148 144 148 147 148 147 149 140 153 145 150 148 148 149 150 148 151 150 152 147 151 149 151 150 151 150 152 145 149 145 138 101 85 81 81 83 87 85 87 84 86 85 86 83 85 83 84 81 83 82 82 82 83 81 82 80 81 79 83 80 81 78 81 80 81 79 81 80 81 79 80 80 82 81 
CCD1=0 0 0 0 0 0 0 0 0 0 0 0 0 0 0 0 0 0 0 0 0 0 0 0 0 0 0 0 0 0 0 0 0 0 0 0 0 0 0 0 0 0 0 0 0 0 0 0 0 0 0 0 0 0 0 0 0 0 0 0 0 0 0 0 0 0 0 0 0 0 0 0 0 0 0 0 0 0 0 0 0 0 0 0 0 0 0 0 0 0 0 0 0 0 0 0 0 0 0 0 0 0 0 0 0 0 0 0 0 0 0 0 0 0 0 0 0 0 0 0 0 0 0 0 0 0 0 0 
[CCD拟图]
CCDLRC0=17 85 51 
CCDLRC1=17 85 51 
CCDLRC2=0 0 0 
[反馈数据]
0=6
1=33
2=19
3=4358
4=2100
5=1750
6=0
7=1
8=1
9=1
10=15
11=271
12=236
[控制固参]
0=0
