[CCD原图]
CCD0=54 62 68 69 77 81 86 82 84 81 83 80 82 79 80 80 81 79 82 80 83 81 79 80 84 82 85 83 85 83 85 83 86 85 88 86 89 86 90 87 85 82 85 91 129 142 144 144 147 144 144 142 140 138 142 137 142 139 141 141 143 133 145 138 142 139 139 140 141 137 139 138 140 136 142 139 143 141 143 143 147 142 149 147 150 149 150 151 147 145 141 140 141 137 137 136 136 131 134 133 133 129 131 129 129 131 132 132 130 129 129 117 90 80 81 79 84 82 84 82 83 81 83 81 81 81 84 83 
CCD1=0 0 0 0 0 0 0 0 0 0 0 0 0 0 0 0 0 0 0 0 0 0 0 0 0 0 0 0 0 0 0 0 0 0 0 0 0 0 0 0 0 0 0 0 0 0 0 0 0 0 0 0 0 0 0 0 0 0 0 0 0 0 0 0 0 0 0 0 0 0 0 0 0 0 0 0 0 0 0 0 0 0 0 0 0 0 0 0 0 0 0 0 0 0 0 0 0 0 0 0 0 0 0 0 0 0 0 0 0 0 0 0 0 0 0 0 0 0 0 0 0 0 0 0 0 0 0 0 
[CCD拟图]
CCDLRC0=43 113 78 
CCDLRC1=43 113 78 
CCDLRC2=0 0 0 
[反馈数据]
0=6
1=33
2=19
3=4358
4=2100
5=1750
6=0
7=1
8=1
9=1
10=98
11=2402
12=2367
[控制固参]
0=0
