[CCD原图]
CCD0=55 62 68 69 76 78 83 81 83 80 82 80 82 79 82 80 82 81 84 82 85 82 81 82 86 83 82 79 84 83 86 98 136 146 145 140 140 134 137 136 135 133 135 133 136 134 136 137 140 138 140 140 137 137 141 136 142 141 142 143 145 137 151 144 149 151 156 163 168 165 167 164 161 149 150 145 146 144 144 143 145 139 144 140 142 139 139 143 140 139 137 135 137 135 139 142 154 158 152 113 95 89 90 85 86 85 86 84 85 82 85 82 83 81 83 81 83 81 82 81 83 81 83 81 82 82 84 83 
CCD1=0 0 0 0 0 0 0 0 0 0 0 0 0 0 0 0 0 0 0 0 0 0 0 0 0 0 0 0 0 0 0 0 0 0 0 0 0 0 0 0 0 0 0 0 0 0 0 0 0 0 0 0 0 0 0 0 0 0 0 0 0 0 0 0 0 0 0 0 0 0 0 0 0 0 0 0 0 0 0 0 0 0 0 0 0 0 0 0 0 0 0 0 0 0 0 0 0 0 0 0 0 0 0 0 0 0 0 0 0 0 0 0 0 0 0 0 0 0 0 0 0 0 0 0 0 0 0 0 
[CCD拟图]
CCDLRC0=30 101 65 
CCDLRC1=30 101 65 
CCDLRC2=0 0 0 
[反馈数据]
0=6
1=33
2=19
3=4358
4=2100
5=1750
6=0
7=1
8=1
9=1
10=154
11=2458
12=2423
[控制固参]
0=0
