[CCD原图]
CCD0=54 61 67 68 75 77 83 80 82 79 81 78 82 78 81 79 81 80 83 81 84 81 80 81 85 81 80 79 82 82 85 98 126 133 136 134 135 129 134 134 133 131 134 131 134 133 135 135 138 136 138 137 136 136 141 136 141 140 142 142 144 135 148 142 148 149 154 161 167 162 161 165 165 152 151 145 147 144 144 143 145 140 143 140 141 139 139 142 140 138 137 134 137 133 137 140 148 151 151 116 94 87 87 84 84 84 85 84 84 82 83 81 83 80 83 80 82 80 82 80 82 80 82 80 81 81 84 82 
CCD1=0 0 0 0 0 0 0 0 0 0 0 0 0 0 0 0 0 0 0 0 0 0 0 0 0 0 0 0 0 0 0 0 0 0 0 0 0 0 0 0 0 0 0 0 0 0 0 0 0 0 0 0 0 0 0 0 0 0 0 0 0 0 0 0 0 0 0 0 0 0 0 0 0 0 0 0 0 0 0 0 0 0 0 0 0 0 0 0 0 0 0 0 0 0 0 0 0 0 0 0 0 0 0 0 0 0 0 0 0 0 0 0 0 0 0 0 0 0 0 0 0 0 0 0 0 0 0 0 
[CCD拟图]
CCDLRC0=30 100 65 
CCDLRC1=30 100 65 
CCDLRC2=0 0 0 
[反馈数据]
0=6
1=33
2=19
3=4358
4=2100
5=1750
6=0
7=1
8=1
9=1
10=156
11=2460
12=2425
[控制固参]
0=0
