[CCD原图]
CCD0=54 62 68 68 76 79 83 80 83 80 82 80 82 79 81 80 81 81 83 81 84 82 81 81 82 78 80 79 83 84 113 132 136 135 137 135 139 132 135 134 134 131 134 132 136 133 135 134 137 134 136 137 136 136 141 137 142 141 143 143 147 137 151 145 151 151 150 151 152 149 152 149 152 145 147 143 146 145 144 143 145 140 143 139 140 138 139 141 138 137 136 133 136 132 133 127 115 98 93 89 90 86 87 85 86 84 85 84 84 83 84 82 83 81 83 80 82 81 82 80 82 80 82 80 81 81 84 83 
CCD1=0 0 0 0 0 0 0 0 0 0 0 0 0 0 0 0 0 0 0 0 0 0 0 0 0 0 0 0 0 0 0 0 0 0 0 0 0 0 0 0 0 0 0 0 0 0 0 0 0 0 0 0 0 0 0 0 0 0 0 0 0 0 0 0 0 0 0 0 0 0 0 0 0 0 0 0 0 0 0 0 0 0 0 0 0 0 0 0 0 0 0 0 0 0 0 0 0 0 0 0 0 0 0 0 0 0 0 0 0 0 0 0 0 0 0 0 0 0 0 0 0 0 0 0 0 0 0 0 
[CCD拟图]
CCDLRC0=29 101 65 
CCDLRC1=29 101 65 
CCDLRC2=0 0 0 
[反馈数据]
0=6
1=33
2=19
3=4358
4=2100
5=1750
6=0
7=1
8=1
9=1
10=160
11=2464
12=2429
[控制固参]
0=0
