[CCD原图]
CCD0=55 62 67 68 76 76 82 79 82 78 80 78 81 78 80 79 81 79 83 81 84 81 80 81 85 84 86 85 87 85 86 85 87 86 88 87 89 85 83 77 79 76 79 93 125 132 138 140 144 143 144 145 142 142 147 144 149 150 152 154 156 145 159 148 153 148 146 147 146 143 145 144 146 139 145 142 145 143 145 145 148 146 154 152 155 155 153 156 149 147 144 140 139 136 138 137 139 134 136 136 135 131 132 129 129 131 131 131 126 120 109 87 78 75 78 75 80 83 86 83 86 84 86 84 85 85 88 86 
CCD1=0 0 0 0 0 0 0 0 0 0 0 0 0 0 0 0 0 0 0 0 0 0 0 0 0 0 0 0 0 0 0 0 0 0 0 0 0 0 0 0 0 0 0 0 0 0 0 0 0 0 0 0 0 0 0 0 0 0 0 0 0 0 0 0 0 0 0 0 0 0 0 0 0 0 0 0 0 0 0 0 0 0 0 0 0 0 0 0 0 0 0 0 0 0 0 0 0 0 0 0 0 0 0 0 0 0 0 0 0 0 0 0 0 0 0 0 0 0 0 0 0 0 0 0 0 0 0 0 
[CCD拟图]
CCDLRC0=42 110 76 
CCDLRC1=42 110 76 
CCDLRC2=0 0 0 
[反馈数据]
0=6
1=33
2=19
3=4358
4=2100
5=1750
6=0
7=1
8=1
9=1
10=229
11=2533
12=2498
[控制固参]
0=0
