[CCD原图]
CCD0=59 70 79 86 105 116 126 123 125 120 122 119 122 119 121 123 126 125 132 129 126 109 102 102 105 101 102 98 101 97 98 96 98 96 98 97 102 112 127 113 100 95 98 109 134 135 139 140 142 142 143 143 141 142 149 148 156 158 166 168 171 157 170 158 159 154 151 150 148 142 145 140 146 142 147 145 148 147 149 150 154 150 158 158 161 161 162 165 159 156 151 147 148 143 144 142 141 137 139 138 136 132 135 132 133 134 134 135 133 130 131 128 124 100 90 85 87 85 87 84 87 84 86 85 86 85 89 89 
CCD1=0 0 0 0 0 0 0 0 0 0 0 0 0 0 0 0 0 0 0 0 0 0 0 0 0 0 0 0 0 0 0 0 0 0 0 0 0 0 0 0 0 0 0 0 0 0 0 0 0 0 0 0 0 0 0 0 0 0 0 0 0 0 0 0 0 0 0 0 0 0 0 0 0 0 0 0 0 0 0 0 0 0 0 0 0 0 0 0 0 0 0 0 0 0 0 0 0 0 0 0 0 0 0 0 0 0 0 0 0 0 0 0 0 0 0 0 0 0 0 0 0 0 0 0 0 0 0 0 
[CCD拟图]
CCDLRC0=43 113 78 
CCDLRC1=43 113 78 
CCDLRC2=0 0 0 
[反馈数据]
0=6
1=33
2=19
3=4358
4=2100
5=1750
6=0
7=1
8=1
9=1
10=245
11=2549
12=2514
[控制固参]
0=0
