[CCD原图]
CCD0=53 59 64 63 67 67 71 68 71 69 72 69 71 69 72 70 72 70 73 71 73 72 71 71 74 72 74 73 75 74 75 73 75 74 77 74 78 74 78 76 78 76 79 76 79 77 79 77 78 75 78 77 78 79 82 79 81 78 81 83 92 95 110 111 122 125 129 132 134 132 135 134 136 131 135 134 136 134 135 135 138 133 138 135 137 135 136 138 136 136 135 133 135 132 134 134 135 131 134 133 133 128 131 128 128 129 129 130 128 126 127 125 127 121 126 121 126 124 126 123 124 124 126 123 121 125 131 130 
CCD1=0 0 0 0 0 0 0 0 0 0 0 0 0 0 0 0 0 0 0 0 0 0 0 0 0 0 0 0 0 0 0 0 0 0 0 0 0 0 0 0 0 0 0 0 0 0 0 0 0 0 0 0 0 0 0 0 0 0 0 0 0 0 0 0 0 0 0 0 0 0 0 0 0 0 0 0 0 0 0 0 0 0 0 0 0 0 0 0 0 0 0 0 0 0 0 0 0 0 0 0 0 0 0 0 0 0 0 0 0 0 0 0 0 0 0 0 0 0 0 0 0 0 0 0 0 0 0 0 
[CCD拟图]
CCDLRC0=55 122 95 
CCDLRC1=55 122 95 
CCDLRC2=0 0 0 
[反馈数据]
0=6
1=33
2=19
3=4358
4=2100
5=1750
6=0
7=1
8=1
9=1
10=38
11=294
12=259
[控制固参]
0=0
