[CCD原图]
CCD0=54 62 67 66 73 75 81 80 83 81 83 79 80 76 77 76 79 79 83 82 85 82 81 81 85 83 85 84 87 84 85 85 85 84 85 78 80 77 80 80 107 128 139 139 145 143 146 147 150 148 151 150 148 148 152 147 153 151 151 152 153 142 155 147 152 149 148 148 149 146 149 147 150 144 149 146 148 147 148 147 150 145 150 147 148 144 145 148 145 143 141 138 140 137 139 138 139 135 137 135 135 130 133 130 129 130 128 123 108 91 86 84 88 86 91 89 93 93 98 98 103 104 107 106 106 110 111 105 
CCD1=0 0 0 0 0 0 0 0 0 0 0 0 0 0 0 0 0 0 0 0 0 0 0 0 0 0 0 0 0 0 0 0 0 0 0 0 0 0 0 0 0 0 0 0 0 0 0 0 0 0 0 0 0 0 0 0 0 0 0 0 0 0 0 0 0 0 0 0 0 0 0 0 0 0 0 0 0 0 0 0 0 0 0 0 0 0 0 0 0 0 0 0 0 0 0 0 0 0 0 0 0 0 0 0 0 0 0 0 0 0 0 0 0 0 0 0 0 0 0 0 0 0 0 0 0 0 0 0 
[CCD拟图]
CCDLRC0=40 122 81 
CCDLRC1=40 122 81 
CCDLRC2=0 0 0 
[反馈数据]
0=6
1=33
2=19
3=4358
4=2100
5=1750
6=0
7=1
8=1
9=1
10=14
11=2574
12=2539
[控制固参]
0=0
