[CCD原图]
CCD0=53 60 65 64 70 70 74 72 74 71 74 71 73 71 73 71 74 73 75 73 76 74 74 74 78 76 79 77 78 73 73 72 75 79 109 126 135 131 137 137 138 136 140 139 145 142 145 148 150 150 153 152 149 148 151 145 149 147 148 148 150 140 153 144 150 148 146 147 148 144 148 148 151 144 149 147 150 149 151 150 152 146 151 148 149 146 147 150 147 146 144 142 143 139 142 142 142 137 139 136 134 124 101 80 78 76 80 81 84 82 83 81 83 81 82 79 82 81 82 80 82 80 83 80 81 81 83 82 
CCD1=0 0 0 0 0 0 0 0 0 0 0 0 0 0 0 0 0 0 0 0 0 0 0 0 0 0 0 0 0 0 0 0 0 0 0 0 0 0 0 0 0 0 0 0 0 0 0 0 0 0 0 0 0 0 0 0 0 0 0 0 0 0 0 0 0 0 0 0 0 0 0 0 0 0 0 0 0 0 0 0 0 0 0 0 0 0 0 0 0 0 0 0 0 0 0 0 0 0 0 0 0 0 0 0 0 0 0 0 0 0 0 0 0 0 0 0 0 0 0 0 0 0 0 0 0 0 0 0 
[CCD拟图]
CCDLRC0=34 103 68 
CCDLRC1=34 103 68 
CCDLRC2=0 0 0 
[反馈数据]
0=6
1=33
2=19
3=4358
4=2100
5=1750
6=0
7=1
8=1
9=1
10=36
11=2596
12=2561
[控制固参]
0=0
