[CCD原图]
CCD0=53 60 65 64 70 69 74 71 73 71 73 71 73 70 73 71 73 72 74 73 76 74 74 74 78 75 78 76 76 72 73 72 75 91 119 128 135 131 137 136 137 136 140 139 146 142 147 148 152 150 152 150 145 146 149 144 149 146 147 147 149 139 152 144 149 146 145 146 148 146 148 147 151 145 151 147 150 148 149 149 151 146 150 146 147 146 146 149 146 145 144 140 143 139 142 140 141 136 137 134 131 112 87 79 79 79 84 83 85 83 84 81 84 80 83 80 82 81 82 80 82 81 81 80 81 81 84 82 
CCD1=0 0 0 0 0 0 0 0 0 0 0 0 0 0 0 0 0 0 0 0 0 0 0 0 0 0 0 0 0 0 0 0 0 0 0 0 0 0 0 0 0 0 0 0 0 0 0 0 0 0 0 0 0 0 0 0 0 0 0 0 0 0 0 0 0 0 0 0 0 0 0 0 0 0 0 0 0 0 0 0 0 0 0 0 0 0 0 0 0 0 0 0 0 0 0 0 0 0 0 0 0 0 0 0 0 0 0 0 0 0 0 0 0 0 0 0 0 0 0 0 0 0 0 0 0 0 0 0 
[CCD拟图]
CCDLRC0=33 103 68 
CCDLRC1=33 103 68 
CCDLRC2=0 0 0 
[反馈数据]
0=6
1=33
2=19
3=4358
4=2100
5=1750
6=0
7=1
8=1
9=1
10=37
11=2597
12=2562
[控制固参]
0=0
