[CCD原图]
CCD0=53 60 65 64 70 69 73 71 73 71 73 71 74 71 73 71 74 72 75 73 76 74 73 74 78 76 78 76 78 76 77 73 74 72 75 75 91 106 123 126 127 125 129 127 132 130 132 135 139 137 137 136 133 132 136 131 136 135 138 137 140 132 144 136 141 139 139 139 140 139 142 141 144 138 143 140 143 140 142 141 142 138 142 139 140 138 138 140 138 137 137 135 136 134 135 134 135 130 133 131 132 127 129 127 127 129 130 130 127 127 127 122 112 93 86 79 79 77 78 75 78 79 83 81 82 82 84 83 
CCD1=0 0 0 0 0 0 0 0 0 0 0 0 0 0 0 0 0 0 0 0 0 0 0 0 0 0 0 0 0 0 0 0 0 0 0 0 0 0 0 0 0 0 0 0 0 0 0 0 0 0 0 0 0 0 0 0 0 0 0 0 0 0 0 0 0 0 0 0 0 0 0 0 0 0 0 0 0 0 0 0 0 0 0 0 0 0 0 0 0 0 0 0 0 0 0 0 0 0 0 0 0 0 0 0 0 0 0 0 0 0 0 0 0 0 0 0 0 0 0 0 0 0 0 0 0 0 0 0 
[CCD拟图]
CCDLRC0=35 111 73 
CCDLRC1=35 111 73 
CCDLRC2=0 0 0 
[反馈数据]
0=6
1=33
2=19
3=4358
4=2100
5=1750
6=0
7=1
8=1
9=1
10=53
11=2613
12=2578
[控制固参]
0=0
