[CCD原图]
CCD0=53 60 66 65 71 73 77 74 77 74 76 74 76 73 76 75 76 74 78 75 78 75 75 76 79 78 80 78 81 78 81 79 80 79 82 79 83 80 82 81 83 81 83 82 85 82 85 84 87 85 87 85 86 85 88 85 88 86 89 88 89 86 90 86 87 84 83 80 81 78 82 84 95 104 121 130 140 141 144 143 146 141 146 143 144 142 143 147 144 143 143 141 143 139 142 141 142 137 140 138 137 132 135 132 132 134 134 135 134 133 134 133 135 130 134 130 133 132 133 128 130 129 131 127 125 130 136 135 
CCD1=0 0 0 0 0 0 0 0 0 0 0 0 0 0 0 0 0 0 0 0 0 0 0 0 0 0 0 0 0 0 0 0 0 0 0 0 0 0 0 0 0 0 0 0 0 0 0 0 0 0 0 0 0 0 0 0 0 0 0 0 0 0 0 0 0 0 0 0 0 0 0 0 0 0 0 0 0 0 0 0 0 0 0 0 0 0 0 0 0 0 0 0 0 0 0 0 0 0 0 0 0 0 0 0 0 0 0 0 0 0 0 0 0 0 0 0 0 0 0 0 0 0 0 0 0 0 0 0 
[CCD拟图]
CCDLRC0=75 122 116 
CCDLRC1=75 122 116 
CCDLRC2=0 0 0 
[反馈数据]
0=6
1=33
2=19
3=4358
4=2100
5=1750
6=0
7=1
8=1
9=1
10=115
11=2675
12=2640
[控制固参]
0=0
