[CCD原图]
CCD0=55 61 67 68 75 77 81 79 82 78 81 79 81 78 80 78 81 79 83 81 83 81 80 81 84 82 85 79 77 72 74 75 86 109 128 133 139 134 140 139 140 138 141 138 144 141 143 145 149 148 150 151 149 148 152 145 150 148 148 149 150 140 153 145 150 148 148 148 150 146 149 148 150 143 148 146 147 145 146 145 149 145 150 147 149 147 150 153 151 151 150 148 150 146 149 149 148 141 142 137 127 95 81 77 78 78 83 84 86 83 85 82 84 81 84 81 84 82 84 82 83 81 83 81 83 83 86 85 
CCD1=0 0 0 0 0 0 0 0 0 0 0 0 0 0 0 0 0 0 0 0 0 0 0 0 0 0 0 0 0 0 0 0 0 0 0 0 0 0 0 0 0 0 0 0 0 0 0 0 0 0 0 0 0 0 0 0 0 0 0 0 0 0 0 0 0 0 0 0 0 0 0 0 0 0 0 0 0 0 0 0 0 0 0 0 0 0 0 0 0 0 0 0 0 0 0 0 0 0 0 0 0 0 0 0 0 0 0 0 0 0 0 0 0 0 0 0 0 0 0 0 0 0 0 0 0 0 0 0 
[CCD拟图]
CCDLRC0=32 103 67 
CCDLRC1=32 103 67 
CCDLRC2=0 0 0 
[反馈数据]
0=6
1=33
2=19
3=4358
4=2100
5=1750
6=0
7=1
8=1
9=1
10=137
11=2697
12=2662
[控制固参]
0=0
