[CCD原图]
CCD0=53 59 64 63 68 68 71 68 71 68 70 68 70 67 70 67 69 68 70 69 71 68 68 67 70 68 70 68 70 69 71 69 72 70 72 71 73 70 73 72 73 71 74 72 75 73 75 74 76 74 77 75 76 74 77 74 77 76 78 77 79 76 80 77 80 78 79 78 80 77 80 78 80 77 80 77 79 78 79 77 79 76 78 77 79 76 79 77 79 76 78 76 78 75 78 76 78 76 78 76 78 76 78 76 78 77 79 77 79 77 79 77 79 76 79 76 78 78 79 77 78 76 78 76 77 75 79 77 
CCD1=0 0 0 0 0 0 0 0 0 0 0 0 0 0 0 0 0 0 0 0 0 0 0 0 0 0 0 0 0 0 0 0 0 0 0 0 0 0 0 0 0 0 0 0 0 0 0 0 0 0 0 0 0 0 0 0 0 0 0 0 0 0 0 0 0 0 0 0 0 0 0 0 0 0 0 0 0 0 0 0 0 0 0 0 0 0 0 0 0 0 0 0 0 0 0 0 0 0 0 0 0 0 0 0 0 0 0 0 0 0 0 0 0 0 0 0 0 0 0 0 0 0 0 0 0 0 0 0 
[CCD拟图]
CCDLRC0=6 122 122 
CCDLRC1=6 122 122 
CCDLRC2=0 0 0 
[反馈数据]
0=6
1=33
2=19
3=4358
4=2100
5=1750
6=0
7=1
8=1
9=1
10=52
11=308
12=273
[控制固参]
0=0
