[CCD原图]
CCD0=54 61 67 67 74 76 81 78 80 78 80 77 80 77 80 79 80 79 82 80 83 80 77 76 81 82 85 83 85 83 85 84 86 85 86 78 78 74 77 75 84 107 130 137 143 140 144 145 149 148 150 150 148 147 152 147 152 149 150 150 151 141 153 145 149 147 147 147 148 145 147 146 149 142 147 143 146 144 146 144 146 142 146 143 145 142 143 147 144 144 144 141 144 142 145 145 147 141 145 143 143 138 141 137 137 138 138 138 133 132 124 91 81 77 81 82 84 82 84 82 83 81 83 81 82 82 85 85 
CCD1=0 0 0 0 0 0 0 0 0 0 0 0 0 0 0 0 0 0 0 0 0 0 0 0 0 0 0 0 0 0 0 0 0 0 0 0 0 0 0 0 0 0 0 0 0 0 0 0 0 0 0 0 0 0 0 0 0 0 0 0 0 0 0 0 0 0 0 0 0 0 0 0 0 0 0 0 0 0 0 0 0 0 0 0 0 0 0 0 0 0 0 0 0 0 0 0 0 0 0 0 0 0 0 0 0 0 0 0 0 0 0 0 0 0 0 0 0 0 0 0 0 0 0 0 0 0 0 0 
[CCD拟图]
CCDLRC0=39 110 74 
CCDLRC1=39 110 74 
CCDLRC2=0 0 0 
[反馈数据]
0=6
1=33
2=19
3=4358
4=2100
5=1750
6=0
7=1
8=1
9=1
10=150
11=2710
12=2675
[控制固参]
0=0
