[CCD原图]
CCD0=53 61 67 67 75 77 82 80 82 78 81 78 80 78 80 78 80 78 81 79 82 78 78 78 82 80 83 80 83 81 82 81 83 81 84 82 85 81 80 74 75 74 78 93 119 125 129 131 133 133 134 135 133 132 137 133 138 137 139 140 142 133 145 138 142 140 140 140 140 137 140 139 142 135 140 137 140 137 139 137 140 134 139 135 137 134 135 137 135 133 132 130 132 129 131 131 132 128 131 130 129 124 127 124 125 126 126 125 120 107 88 77 77 75 78 78 82 81 83 81 82 81 82 80 81 81 84 82 
CCD1=0 0 0 0 0 0 0 0 0 0 0 0 0 0 0 0 0 0 0 0 0 0 0 0 0 0 0 0 0 0 0 0 0 0 0 0 0 0 0 0 0 0 0 0 0 0 0 0 0 0 0 0 0 0 0 0 0 0 0 0 0 0 0 0 0 0 0 0 0 0 0 0 0 0 0 0 0 0 0 0 0 0 0 0 0 0 0 0 0 0 0 0 0 0 0 0 0 0 0 0 0 0 0 0 0 0 0 0 0 0 0 0 0 0 0 0 0 0 0 0 0 0 0 0 0 0 0 0 
[CCD拟图]
CCDLRC0=43 112 77 
CCDLRC1=43 112 77 
CCDLRC2=0 0 0 
[反馈数据]
0=6
1=33
2=19
3=4358
4=2100
5=1750
6=0
7=1
8=1
9=1
10=232
11=2792
12=2757
[控制固参]
0=0
