[CCD原图]
CCD0=54 61 67 67 75 76 81 78 81 78 80 77 79 76 79 77 78 77 80 78 80 76 74 75 80 78 81 79 81 80 81 80 82 81 78 75 79 91 117 125 129 128 131 128 134 130 132 133 137 135 136 136 135 134 139 133 139 137 139 139 142 132 144 138 142 142 141 141 143 139 143 141 143 137 142 138 141 138 140 139 140 134 136 133 135 132 133 135 133 132 132 129 131 128 131 130 131 128 130 128 127 122 125 122 120 120 112 95 80 74 75 73 76 76 81 80 82 80 82 80 81 80 82 79 81 81 83 81 
CCD1=0 0 0 0 0 0 0 0 0 0 0 0 0 0 0 0 0 0 0 0 0 0 0 0 0 0 0 0 0 0 0 0 0 0 0 0 0 0 0 0 0 0 0 0 0 0 0 0 0 0 0 0 0 0 0 0 0 0 0 0 0 0 0 0 0 0 0 0 0 0 0 0 0 0 0 0 0 0 0 0 0 0 0 0 0 0 0 0 0 0 0 0 0 0 0 0 0 0 0 0 0 0 0 0 0 0 0 0 0 0 0 0 0 0 0 0 0 0 0 0 0 0 0 0 0 0 0 0 
[CCD拟图]
CCDLRC0=38 108 73 
CCDLRC1=38 108 73 
CCDLRC2=0 0 0 
[反馈数据]
0=6
1=33
2=19
3=4358
4=2100
5=1750
6=0
7=1
8=1
9=1
10=241
11=2801
12=2766
[控制固参]
0=0
