[CCD原图]
CCD0=54 61 67 67 74 76 82 78 81 78 80 77 79 77 79 77 79 78 80 78 81 78 76 77 81 78 80 78 81 79 80 79 80 77 76 76 84 111 130 131 131 130 134 131 136 133 135 136 139 138 139 138 136 137 141 135 141 140 141 142 144 135 147 140 144 142 142 143 143 141 143 142 144 138 143 139 143 139 141 140 141 136 139 136 137 135 136 138 137 136 135 132 135 132 134 134 135 130 133 132 131 126 127 122 121 115 105 84 78 75 78 76 81 79 82 79 81 80 82 80 81 80 81 79 81 80 83 81 
CCD1=0 0 0 0 0 0 0 0 0 0 0 0 0 0 0 0 0 0 0 0 0 0 0 0 0 0 0 0 0 0 0 0 0 0 0 0 0 0 0 0 0 0 0 0 0 0 0 0 0 0 0 0 0 0 0 0 0 0 0 0 0 0 0 0 0 0 0 0 0 0 0 0 0 0 0 0 0 0 0 0 0 0 0 0 0 0 0 0 0 0 0 0 0 0 0 0 0 0 0 0 0 0 0 0 0 0 0 0 0 0 0 0 0 0 0 0 0 0 0 0 0 0 0 0 0 0 0 0 
[CCD拟图]
CCDLRC0=36 108 72 
CCDLRC1=36 108 72 
CCDLRC2=0 0 0 
[反馈数据]
0=6
1=33
2=19
3=4358
4=2100
5=1750
6=0
7=1
8=1
9=1
10=243
11=2803
12=2768
[控制固参]
0=0
