[CCD原图]
CCD0=54 61 66 66 73 75 80 76 79 76 79 76 78 76 78 77 78 78 81 78 81 77 74 71 75 86 120 124 129 126 127 127 129 129 132 131 135 129 135 134 134 132 135 132 136 134 136 135 139 137 140 140 138 137 141 136 141 139 141 141 143 135 146 139 143 142 141 141 142 140 142 141 143 137 142 139 143 141 142 141 143 138 143 139 141 138 140 142 140 138 137 133 135 120 96 80 80 77 82 82 83 80 83 80 82 80 82 80 81 79 81 79 81 77 79 78 80 78 80 78 79 77 80 78 79 78 81 80 
CCD1=0 0 0 0 0 0 0 0 0 0 0 0 0 0 0 0 0 0 0 0 0 0 0 0 0 0 0 0 0 0 0 0 0 0 0 0 0 0 0 0 0 0 0 0 0 0 0 0 0 0 0 0 0 0 0 0 0 0 0 0 0 0 0 0 0 0 0 0 0 0 0 0 0 0 0 0 0 0 0 0 0 0 0 0 0 0 0 0 0 0 0 0 0 0 0 0 0 0 0 0 0 0 0 0 0 0 0 0 0 0 0 0 0 0 0 0 0 0 0 0 0 0 0 0 0 0 0 0 
[CCD拟图]
CCDLRC0=25 96 60 
CCDLRC1=25 96 60 
CCDLRC2=0 0 0 
[反馈数据]
0=6
1=33
2=19
3=4358
4=2100
5=1750
6=0
7=1
8=1
9=1
10=7
11=2823
12=2788
[控制固参]
0=0
