[CCD原图]
CCD0=54 61 66 65 72 73 77 75 77 74 77 74 75 71 73 70 72 78 100 109 115 114 107 113 119 118 121 119 123 120 122 122 125 126 127 123 129 126 131 131 131 129 133 130 135 131 133 134 137 135 137 135 134 133 137 132 137 135 136 136 138 130 141 135 139 136 135 136 137 134 137 136 138 131 137 133 136 133 134 133 135 130 133 130 123 88 79 76 77 79 83 82 83 80 83 81 83 81 83 81 82 79 81 78 80 78 80 78 79 78 79 77 79 76 78 76 79 78 79 77 79 78 79 78 78 79 82 80 
CCD1=0 0 0 0 0 0 0 0 0 0 0 0 0 0 0 0 0 0 0 0 0 0 0 0 0 0 0 0 0 0 0 0 0 0 0 0 0 0 0 0 0 0 0 0 0 0 0 0 0 0 0 0 0 0 0 0 0 0 0 0 0 0 0 0 0 0 0 0 0 0 0 0 0 0 0 0 0 0 0 0 0 0 0 0 0 0 0 0 0 0 0 0 0 0 0 0 0 0 0 0 0 0 0 0 0 0 0 0 0 0 0 0 0 0 0 0 0 0 0 0 0 0 0 0 0 0 0 0 
[CCD拟图]
CCDLRC0=17 85 51 
CCDLRC1=17 85 51 
CCDLRC2=0 0 0 
[反馈数据]
0=6
1=33
2=19
3=4358
4=2100
5=1750
6=0
7=1
8=1
9=1
10=32
11=2848
12=2813
[控制固参]
0=0
