[CCD原图]
CCD0=53 60 65 65 71 72 76 73 77 73 75 72 75 72 75 73 74 73 77 75 77 75 75 75 78 76 79 78 80 78 79 79 80 77 78 75 78 81 97 110 119 122 126 125 130 126 129 129 132 130 132 133 131 130 133 129 134 132 133 134 136 127 138 132 136 134 133 134 134 131 134 133 137 130 135 132 135 133 135 133 135 131 135 132 133 131 132 134 132 132 131 128 131 127 131 130 131 127 129 128 128 123 126 123 123 124 124 125 121 119 119 118 119 114 118 114 117 115 116 113 115 114 117 114 112 117 121 120 
CCD1=0 0 0 0 0 0 0 0 0 0 0 0 0 0 0 0 0 0 0 0 0 0 0 0 0 0 0 0 0 0 0 0 0 0 0 0 0 0 0 0 0 0 0 0 0 0 0 0 0 0 0 0 0 0 0 0 0 0 0 0 0 0 0 0 0 0 0 0 0 0 0 0 0 0 0 0 0 0 0 0 0 0 0 0 0 0 0 0 0 0 0 0 0 0 0 0 0 0 0 0 0 0 0 0 0 0 0 0 0 0 0 0 0 0 0 0 0 0 0 0 0 0 0 0 0 0 0 0 
[CCD拟图]
CCDLRC0=27 103 65 
CCDLRC1=27 103 65 
CCDLRC2=0 0 0 
[反馈数据]
0=6
1=33
2=19
3=4358
4=2100
5=1750
6=0
7=1
8=1
9=1
10=44
11=2860
12=2825
[控制固参]
0=0
