[CCD原图]
CCD0=54 61 66 66 73 74 78 76 78 76 78 76 79 76 78 77 79 78 80 77 75 69 71 72 93 115 125 128 134 134 134 132 132 128 128 124 126 120 125 125 124 123 126 123 127 124 127 127 130 128 131 130 129 128 132 129 133 133 135 136 139 132 148 145 153 153 154 155 155 149 149 142 141 133 136 133 135 134 134 132 135 130 134 129 130 126 126 127 121 113 96 79 78 77 80 79 84 84 88 87 88 85 87 85 85 84 85 84 84 82 84 82 84 81 84 81 83 81 84 81 83 82 84 82 84 85 88 87 
CCD1=0 0 0 0 0 0 0 0 0 0 0 0 0 0 0 0 0 0 0 0 0 0 0 0 0 0 0 0 0 0 0 0 0 0 0 0 0 0 0 0 0 0 0 0 0 0 0 0 0 0 0 0 0 0 0 0 0 0 0 0 0 0 0 0 0 0 0 0 0 0 0 0 0 0 0 0 0 0 0 0 0 0 0 0 0 0 0 0 0 0 0 0 0 0 0 0 0 0 0 0 0 0 0 0 0 0 0 0 0 0 0 0 0 0 0 0 0 0 0 0 0 0 0 0 0 0 0 0 
[CCD拟图]
CCDLRC0=23 92 57 
CCDLRC1=23 92 57 
CCDLRC2=0 0 0 
[反馈数据]
0=6
1=33
2=19
3=4358
4=2100
5=1750
6=0
7=1
8=1
9=1
10=120
11=2936
12=2901
[控制固参]
0=0
