[CCD原图]
CCD0=54 61 67 67 73 74 79 77 79 76 79 77 80 76 79 78 79 75 76 73 77 75 85 106 119 122 129 129 134 132 135 130 128 127 127 125 127 122 126 126 126 123 126 123 128 124 127 127 130 129 130 130 128 128 132 129 135 133 135 136 140 133 148 145 155 155 155 157 156 150 146 139 138 132 136 134 137 134 135 133 136 130 134 130 131 128 129 129 120 98 83 78 80 81 85 85 88 84 87 86 87 84 86 84 85 84 85 84 84 82 83 81 84 80 83 80 83 81 83 81 83 82 83 81 82 83 86 85 
CCD1=0 0 0 0 0 0 0 0 0 0 0 0 0 0 0 0 0 0 0 0 0 0 0 0 0 0 0 0 0 0 0 0 0 0 0 0 0 0 0 0 0 0 0 0 0 0 0 0 0 0 0 0 0 0 0 0 0 0 0 0 0 0 0 0 0 0 0 0 0 0 0 0 0 0 0 0 0 0 0 0 0 0 0 0 0 0 0 0 0 0 0 0 0 0 0 0 0 0 0 0 0 0 0 0 0 0 0 0 0 0 0 0 0 0 0 0 0 0 0 0 0 0 0 0 0 0 0 0 
[CCD拟图]
CCDLRC0=24 91 57 
CCDLRC1=24 91 57 
CCDLRC2=0 0 0 
[反馈数据]
0=6
1=33
2=19
3=4358
4=2100
5=1750
6=0
7=1
8=1
9=1
10=123
11=2939
12=2904
[控制固参]
0=0
