[CCD原图]
CCD0=53 61 66 66 74 74 79 76 79 76 78 76 79 76 78 77 78 74 76 76 83 107 110 118 126 125 128 125 129 126 127 126 127 126 128 125 129 123 127 126 125 122 126 123 128 124 126 128 131 128 131 130 127 127 132 128 133 132 136 137 140 133 150 147 155 154 153 154 154 149 145 139 138 132 136 133 135 133 135 134 135 131 134 131 132 129 129 129 116 91 82 79 81 81 86 85 87 84 87 86 87 84 86 84 85 83 85 84 83 82 83 81 83 80 83 79 82 81 83 81 83 81 83 81 83 83 86 85 
CCD1=0 0 0 0 0 0 0 0 0 0 0 0 0 0 0 0 0 0 0 0 0 0 0 0 0 0 0 0 0 0 0 0 0 0 0 0 0 0 0 0 0 0 0 0 0 0 0 0 0 0 0 0 0 0 0 0 0 0 0 0 0 0 0 0 0 0 0 0 0 0 0 0 0 0 0 0 0 0 0 0 0 0 0 0 0 0 0 0 0 0 0 0 0 0 0 0 0 0 0 0 0 0 0 0 0 0 0 0 0 0 0 0 0 0 0 0 0 0 0 0 0 0 0 0 0 0 0 0 
[CCD拟图]
CCDLRC0=21 89 55 
CCDLRC1=21 89 55 
CCDLRC2=0 0 0 
[反馈数据]
0=6
1=33
2=19
3=4358
4=2100
5=1750
6=0
7=1
8=1
9=1
10=126
11=2942
12=2907
[控制固参]
0=0
