[CCD原图]
CCD0=55 62 67 68 74 75 80 78 80 77 77 73 76 84 113 119 120 120 125 123 127 124 116 124 131 129 132 129 132 128 128 126 126 126 128 126 130 125 130 131 131 129 133 129 134 132 134 134 137 136 137 136 134 133 137 133 138 136 137 138 141 133 147 141 148 146 145 145 147 143 146 144 146 139 144 141 144 141 142 139 140 131 112 86 82 80 85 87 88 86 87 85 87 85 87 85 88 85 87 85 88 85 87 85 85 83 85 83 84 83 84 81 83 81 83 80 83 81 83 80 83 81 83 81 82 83 87 85 
CCD1=0 0 0 0 0 0 0 0 0 0 0 0 0 0 0 0 0 0 0 0 0 0 0 0 0 0 0 0 0 0 0 0 0 0 0 0 0 0 0 0 0 0 0 0 0 0 0 0 0 0 0 0 0 0 0 0 0 0 0 0 0 0 0 0 0 0 0 0 0 0 0 0 0 0 0 0 0 0 0 0 0 0 0 0 0 0 0 0 0 0 0 0 0 0 0 0 0 0 0 0 0 0 0 0 0 0 0 0 0 0 0 0 0 0 0 0 0 0 0 0 0 0 0 0 0 0 0 0 
[CCD拟图]
CCDLRC0=13 84 48 
CCDLRC1=13 84 48 
CCDLRC2=0 0 0 
[反馈数据]
0=6
1=33
2=19
3=4358
4=2100
5=1750
6=0
7=1
8=1
9=1
10=141
11=2957
12=2922
[控制固参]
0=0
