[CCD原图]
CCD0=58 67 76 82 98 107 117 113 116 111 113 110 111 108 110 110 111 110 114 112 116 113 106 112 118 116 120 119 122 121 123 123 126 126 128 127 131 126 131 130 130 129 133 131 137 133 135 134 136 133 133 133 130 129 133 129 134 132 133 133 135 126 137 128 117 92 84 81 82 80 83 81 84 82 85 85 89 88 90 88 91 87 90 88 89 87 88 87 87 86 86 84 86 83 86 84 85 82 85 83 84 82 84 82 83 81 83 82 83 82 82 81 83 80 83 80 82 81 83 80 82 81 83 81 82 83 87 85 
CCD1=0 0 0 0 0 0 0 0 0 0 0 0 0 0 0 0 0 0 0 0 0 0 0 0 0 0 0 0 0 0 0 0 0 0 0 0 0 0 0 0 0 0 0 0 0 0 0 0 0 0 0 0 0 0 0 0 0 0 0 0 0 0 0 0 0 0 0 0 0 0 0 0 0 0 0 0 0 0 0 0 0 0 0 0 0 0 0 0 0 0 0 0 0 0 0 0 0 0 0 0 0 0 0 0 0 0 0 0 0 0 0 0 0 0 0 0 0 0 0 0 0 0 0 0 0 0 0 0 
[CCD拟图]
CCDLRC0=6 68 34 
CCDLRC1=6 68 34 
CCDLRC2=0 0 0 
[反馈数据]
0=6
1=33
2=19
3=4358
4=2100
5=1750
6=0
7=1
8=1
9=1
10=207
11=3023
12=2988
[控制固参]
0=0
