[CCD原图]
CCD0=53 60 65 65 71 72 75 73 76 72 75 73 75 72 74 73 75 74 77 75 78 75 75 74 78 76 79 77 79 77 79 78 80 79 81 79 81 78 82 80 82 80 82 80 84 81 83 82 84 82 85 83 84 82 85 83 86 84 86 85 88 83 89 85 87 85 87 86 88 85 88 86 88 84 88 85 88 86 88 86 88 85 88 86 87 85 87 87 87 86 87 85 86 81 83 81 87 94 110 123 131 130 135 132 133 135 135 135 132 131 131 130 132 126 130 126 130 129 131 128 130 131 134 131 130 137 141 140 
CCD1=0 0 0 0 0 0 0 0 0 0 0 0 0 0 0 0 0 0 0 0 0 0 0 0 0 0 0 0 0 0 0 0 0 0 0 0 0 0 0 0 0 0 0 0 0 0 0 0 0 0 0 0 0 0 0 0 0 0 0 0 0 0 0 0 0 0 0 0 0 0 0 0 0 0 0 0 0 0 0 0 0 0 0 0 0 0 0 0 0 0 0 0 0 0 0 0 0 0 0 0 0 0 0 0 0 0 0 0 0 0 0 0 0 0 0 0 0 0 0 0 0 0 0 0 0 0 0 0 
[CCD拟图]
CCDLRC0=100 122 122 
CCDLRC1=100 122 122 
CCDLRC2=0 0 0 
[反馈数据]
0=6
1=33
2=19
3=4358
4=2100
5=1750
6=0
7=1
8=1
9=1
10=86
11=342
12=307
[控制固参]
0=0
