[CCD原图]
CCD0=53 60 64 63 68 67 71 68 71 68 70 68 70 67 69 67 69 68 71 70 73 70 71 71 74 72 75 73 75 73 74 73 75 74 76 74 76 75 82 85 92 95 103 106 115 116 120 122 124 124 125 126 123 123 128 123 128 127 128 129 131 124 136 132 138 142 148 155 160 159 160 153 150 138 140 135 136 133 135 133 135 130 134 130 131 129 129 131 129 130 128 126 128 125 127 127 130 125 130 131 133 132 137 137 137 139 138 136 129 126 124 121 122 115 119 114 117 114 113 99 84 76 78 76 79 82 85 83 
CCD1=0 0 0 0 0 0 0 0 0 0 0 0 0 0 0 0 0 0 0 0 0 0 0 0 0 0 0 0 0 0 0 0 0 0 0 0 0 0 0 0 0 0 0 0 0 0 0 0 0 0 0 0 0 0 0 0 0 0 0 0 0 0 0 0 0 0 0 0 0 0 0 0 0 0 0 0 0 0 0 0 0 0 0 0 0 0 0 0 0 0 0 0 0 0 0 0 0 0 0 0 0 0 0 0 0 0 0 0 0 0 0 0 0 0 0 0 0 0 0 0 0 0 0 0 0 0 0 0 
[CCD拟图]
CCDLRC0=34 118 76 
CCDLRC1=34 118 76 
CCDLRC2=0 0 0 
[反馈数据]
0=6
1=33
2=19
3=4358
4=2100
5=1750
6=0
7=1
8=1
9=1
10=236
11=3052
12=3017
[控制固参]
0=0
