[CCD原图]
CCD0=52 58 63 62 66 65 69 66 69 66 69 66 69 67 68 67 69 67 70 68 70 67 69 67 69 66 68 68 72 71 73 71 73 72 75 73 76 74 76 75 78 75 79 78 80 79 81 79 80 77 78 76 83 96 118 123 129 127 130 131 135 131 149 147 157 155 151 149 145 137 136 134 134 129 133 130 132 130 132 131 133 129 132 129 131 129 129 131 129 128 127 125 127 125 127 127 129 127 133 134 134 129 132 129 128 128 128 127 124 122 122 120 121 116 118 114 115 112 108 96 83 74 75 73 75 79 85 84 
CCD1=0 0 0 0 0 0 0 0 0 0 0 0 0 0 0 0 0 0 0 0 0 0 0 0 0 0 0 0 0 0 0 0 0 0 0 0 0 0 0 0 0 0 0 0 0 0 0 0 0 0 0 0 0 0 0 0 0 0 0 0 0 0 0 0 0 0 0 0 0 0 0 0 0 0 0 0 0 0 0 0 0 0 0 0 0 0 0 0 0 0 0 0 0 0 0 0 0 0 0 0 0 0 0 0 0 0 0 0 0 0 0 0 0 0 0 0 0 0 0 0 0 0 0 0 0 0 0 0 
[CCD拟图]
CCDLRC0=55 121 88 
CCDLRC1=55 121 88 
CCDLRC2=0 0 0 
[反馈数据]
0=6
1=33
2=19
3=4358
4=2100
5=1750
6=0
7=1
8=1
9=1
10=250
11=3066
12=3031
[控制固参]
0=0
