[CCD原图]
CCD0=54 60 66 65 71 72 76 73 75 73 76 73 75 73 75 74 76 75 78 75 78 75 75 74 79 76 79 77 79 77 79 79 80 79 82 79 82 79 83 81 82 80 82 80 83 81 84 82 84 83 85 83 84 82 85 83 86 85 87 85 88 84 89 85 88 86 88 86 88 86 89 86 89 85 88 87 88 86 89 87 89 86 89 87 88 87 88 87 88 84 84 81 84 88 102 116 131 132 137 137 136 133 134 132 132 134 135 135 132 131 131 131 131 127 133 129 134 133 135 132 134 132 133 130 127 131 137 135 
CCD1=0 0 0 0 0 0 0 0 0 0 0 0 0 0 0 0 0 0 0 0 0 0 0 0 0 0 0 0 0 0 0 0 0 0 0 0 0 0 0 0 0 0 0 0 0 0 0 0 0 0 0 0 0 0 0 0 0 0 0 0 0 0 0 0 0 0 0 0 0 0 0 0 0 0 0 0 0 0 0 0 0 0 0 0 0 0 0 0 0 0 0 0 0 0 0 0 0 0 0 0 0 0 0 0 0 0 0 0 0 0 0 0 0 0 0 0 0 0 0 0 0 0 0 0 0 0 0 0 
[CCD拟图]
CCDLRC0=96 122 122 
CCDLRC1=96 122 122 
CCDLRC2=0 0 0 
[反馈数据]
0=6
1=33
2=19
3=4358
4=2100
5=1750
6=0
7=1
8=1
9=1
10=87
11=343
12=308
[控制固参]
0=0
