[CCD原图]
CCD0=52 59 64 63 67 66 70 67 69 67 69 66 68 66 69 67 68 66 69 67 69 67 68 66 68 67 71 71 73 72 73 72 74 73 75 73 76 74 77 75 77 76 79 78 81 78 78 75 77 81 99 117 126 128 134 130 136 135 136 136 138 130 143 136 141 140 139 137 136 132 134 132 135 129 133 130 134 131 133 131 134 129 133 129 131 128 129 132 129 128 127 125 128 125 128 128 130 127 133 134 135 131 132 128 127 127 128 126 123 121 121 120 121 115 119 114 112 103 94 79 76 74 76 75 79 81 86 84 
CCD1=0 0 0 0 0 0 0 0 0 0 0 0 0 0 0 0 0 0 0 0 0 0 0 0 0 0 0 0 0 0 0 0 0 0 0 0 0 0 0 0 0 0 0 0 0 0 0 0 0 0 0 0 0 0 0 0 0 0 0 0 0 0 0 0 0 0 0 0 0 0 0 0 0 0 0 0 0 0 0 0 0 0 0 0 0 0 0 0 0 0 0 0 0 0 0 0 0 0 0 0 0 0 0 0 0 0 0 0 0 0 0 0 0 0 0 0 0 0 0 0 0 0 0 0 0 0 0 0 
[CCD拟图]
CCDLRC0=52 120 86 
CCDLRC1=52 120 86 
CCDLRC2=0 0 0 
[反馈数据]
0=6
1=33
2=19
3=4358
4=2100
5=1750
6=0
7=1
8=1
9=1
10=251
11=3067
12=3032
[控制固参]
0=0
