[CCD原图]
CCD0=53 59 64 62 67 66 69 67 69 67 68 66 68 67 71 69 71 69 73 71 73 71 71 70 74 72 76 82 102 112 116 117 120 121 123 121 125 121 126 126 127 126 130 128 134 130 133 134 138 136 137 138 135 134 137 132 136 134 135 135 136 129 141 133 137 135 135 135 137 133 135 134 137 131 135 132 135 133 135 134 138 132 136 134 135 134 136 139 138 137 136 133 134 128 129 126 126 116 108 91 83 77 79 78 81 80 82 81 82 80 82 81 83 80 82 79 82 80 82 80 82 81 83 81 83 83 86 85 
CCD1=0 0 0 0 0 0 0 0 0 0 0 0 0 0 0 0 0 0 0 0 0 0 0 0 0 0 0 0 0 0 0 0 0 0 0 0 0 0 0 0 0 0 0 0 0 0 0 0 0 0 0 0 0 0 0 0 0 0 0 0 0 0 0 0 0 0 0 0 0 0 0 0 0 0 0 0 0 0 0 0 0 0 0 0 0 0 0 0 0 0 0 0 0 0 0 0 0 0 0 0 0 0 0 0 0 0 0 0 0 0 0 0 0 0 0 0 0 0 0 0 0 0 0 0 0 0 0 0 
[CCD拟图]
CCDLRC0=29 103 66 
CCDLRC1=29 103 66 
CCDLRC2=0 0 0 
[反馈数据]
0=6
1=33
2=19
3=4358
4=2100
5=1750
6=0
7=1
8=1
9=1
10=4
11=3076
12=3041
[控制固参]
0=0
