[CCD原图]
CCD0=53 59 63 63 67 66 70 67 68 65 68 67 71 69 72 70 72 70 73 70 73 71 72 72 76 87 108 114 118 117 118 119 120 121 123 122 126 122 128 128 130 128 131 130 134 131 134 134 137 136 137 136 134 132 136 131 135 133 134 135 138 129 140 133 137 135 136 135 136 133 135 134 137 131 136 133 136 134 136 135 138 133 138 136 137 136 138 141 139 139 138 135 136 131 131 124 111 92 84 79 79 76 78 76 79 79 82 81 83 80 81 79 83 79 82 80 83 80 83 80 83 82 83 81 83 83 87 85 
CCD1=0 0 0 0 0 0 0 0 0 0 0 0 0 0 0 0 0 0 0 0 0 0 0 0 0 0 0 0 0 0 0 0 0 0 0 0 0 0 0 0 0 0 0 0 0 0 0 0 0 0 0 0 0 0 0 0 0 0 0 0 0 0 0 0 0 0 0 0 0 0 0 0 0 0 0 0 0 0 0 0 0 0 0 0 0 0 0 0 0 0 0 0 0 0 0 0 0 0 0 0 0 0 0 0 0 0 0 0 0 0 0 0 0 0 0 0 0 0 0 0 0 0 0 0 0 0 0 0 
[CCD拟图]
CCDLRC0=27 100 63 
CCDLRC1=27 100 63 
CCDLRC2=0 0 0 
[反馈数据]
0=6
1=33
2=19
3=4358
4=2100
5=1750
6=0
7=1
8=1
9=1
10=6
11=3078
12=3043
[控制固参]
0=0
