[CCD原图]
CCD0=54 60 65 64 69 68 72 70 73 70 72 70 72 68 74 86 98 100 105 104 107 105 100 104 110 109 112 109 114 112 114 113 115 117 119 118 122 118 123 122 122 121 124 121 126 123 126 125 128 126 128 126 124 124 127 124 128 126 128 128 130 122 133 126 130 128 128 128 129 126 129 127 130 125 129 127 129 127 130 127 128 107 85 78 79 78 85 85 85 83 84 81 84 81 83 81 83 80 82 80 82 79 81 78 80 79 81 78 79 78 80 77 79 77 80 76 79 77 79 77 79 78 79 78 79 79 82 81 
CCD1=0 0 0 0 0 0 0 0 0 0 0 0 0 0 0 0 0 0 0 0 0 0 0 0 0 0 0 0 0 0 0 0 0 0 0 0 0 0 0 0 0 0 0 0 0 0 0 0 0 0 0 0 0 0 0 0 0 0 0 0 0 0 0 0 0 0 0 0 0 0 0 0 0 0 0 0 0 0 0 0 0 0 0 0 0 0 0 0 0 0 0 0 0 0 0 0 0 0 0 0 0 0 0 0 0 0 0 0 0 0 0 0 0 0 0 0 0 0 0 0 0 0 0 0 0 0 0 0 
[CCD拟图]
CCDLRC0=15 81 48 
CCDLRC1=15 81 48 
CCDLRC2=0 0 0 
[反馈数据]
0=6
1=33
2=19
3=4358
4=2100
5=1750
6=0
7=1
8=1
9=1
10=59
11=3131
12=3096
[控制固参]
0=0
