[CCD原图]
CCD0=53 59 63 63 68 67 71 69 71 69 71 69 72 69 71 70 73 71 74 72 75 73 73 73 74 70 73 82 106 110 111 110 112 111 113 112 116 111 115 115 115 114 116 114 117 112 116 116 119 117 118 117 116 117 121 117 123 122 124 124 126 118 129 123 127 124 125 124 125 123 126 124 126 121 125 123 125 124 125 124 126 122 125 122 124 122 123 124 122 121 120 116 118 113 111 96 81 73 77 76 77 75 78 77 78 77 79 77 78 76 78 76 78 76 78 75 77 76 78 75 77 75 76 75 76 75 77 76 
CCD1=0 0 0 0 0 0 0 0 0 0 0 0 0 0 0 0 0 0 0 0 0 0 0 0 0 0 0 0 0 0 0 0 0 0 0 0 0 0 0 0 0 0 0 0 0 0 0 0 0 0 0 0 0 0 0 0 0 0 0 0 0 0 0 0 0 0 0 0 0 0 0 0 0 0 0 0 0 0 0 0 0 0 0 0 0 0 0 0 0 0 0 0 0 0 0 0 0 0 0 0 0 0 0 0 0 0 0 0 0 0 0 0 0 0 0 0 0 0 0 0 0 0 0 0 0 0 0 0 
[CCD拟图]
CCDLRC0=27 95 61 
CCDLRC1=27 95 61 
CCDLRC2=0 0 0 
[反馈数据]
0=6
1=33
2=19
3=4358
4=2100
5=1750
6=0
7=1
8=1
9=1
10=107
11=3179
12=3144
[控制固参]
0=0
