[CCD原图]
CCD0=52 59 64 62 67 67 71 68 71 69 71 69 71 68 71 69 72 70 73 71 73 71 71 71 75 72 73 68 70 70 82 98 109 111 114 113 117 112 117 115 115 114 118 115 119 116 118 118 120 119 121 121 120 119 123 118 124 122 124 124 126 118 130 124 128 125 126 126 127 124 128 126 128 123 128 125 127 125 127 125 128 123 126 123 124 121 121 122 121 120 119 117 120 116 119 118 119 115 118 117 116 107 94 78 74 72 75 74 77 76 78 75 78 75 77 74 77 75 77 75 76 75 77 75 77 76 79 77 
CCD1=0 0 0 0 0 0 0 0 0 0 0 0 0 0 0 0 0 0 0 0 0 0 0 0 0 0 0 0 0 0 0 0 0 0 0 0 0 0 0 0 0 0 0 0 0 0 0 0 0 0 0 0 0 0 0 0 0 0 0 0 0 0 0 0 0 0 0 0 0 0 0 0 0 0 0 0 0 0 0 0 0 0 0 0 0 0 0 0 0 0 0 0 0 0 0 0 0 0 0 0 0 0 0 0 0 0 0 0 0 0 0 0 0 0 0 0 0 0 0 0 0 0 0 0 0 0 0 0 
[CCD拟图]
CCDLRC0=29 101 65 
CCDLRC1=29 101 65 
CCDLRC2=0 0 0 
[反馈数据]
0=6
1=33
2=19
3=4358
4=2100
5=1750
6=0
7=1
8=1
9=1
10=116
11=3188
12=3153
[控制固参]
0=0
