[CCD原图]
CCD0=52 58 63 63 67 66 70 67 70 68 70 69 71 68 71 69 70 70 73 71 73 71 71 71 74 72 74 71 73 70 71 69 73 76 88 97 110 110 114 114 114 113 115 113 118 115 117 117 120 118 119 119 119 118 122 118 123 121 123 124 126 118 128 121 126 124 123 124 125 123 126 124 127 121 126 123 125 123 125 124 127 122 125 122 123 120 122 123 122 120 119 117 119 116 118 117 119 115 119 116 117 111 114 108 101 94 89 80 77 73 75 73 74 73 76 74 77 75 77 75 77 76 77 76 76 76 79 77 
CCD1=0 0 0 0 0 0 0 0 0 0 0 0 0 0 0 0 0 0 0 0 0 0 0 0 0 0 0 0 0 0 0 0 0 0 0 0 0 0 0 0 0 0 0 0 0 0 0 0 0 0 0 0 0 0 0 0 0 0 0 0 0 0 0 0 0 0 0 0 0 0 0 0 0 0 0 0 0 0 0 0 0 0 0 0 0 0 0 0 0 0 0 0 0 0 0 0 0 0 0 0 0 0 0 0 0 0 0 0 0 0 0 0 0 0 0 0 0 0 0 0 0 0 0 0 0 0 0 0 
[CCD拟图]
CCDLRC0=30 103 66 
CCDLRC1=30 103 66 
CCDLRC2=0 0 0 
[反馈数据]
0=6
1=33
2=19
3=4358
4=2100
5=1750
6=0
7=1
8=1
9=1
10=118
11=3190
12=3155
[控制固参]
0=0
