[CCD原图]
CCD0=53 58 64 63 68 67 71 68 71 69 71 69 72 68 71 69 71 70 72 71 73 71 71 71 74 72 74 72 74 72 73 71 72 70 72 70 82 93 109 111 113 112 115 113 117 115 118 118 120 119 120 119 118 118 122 118 123 121 123 123 126 117 128 122 127 124 124 124 126 123 126 125 127 121 126 122 125 123 125 124 126 122 126 122 123 121 122 123 122 121 120 117 119 116 118 117 119 115 117 116 117 113 115 113 113 114 115 114 110 103 97 87 82 75 75 73 75 74 76 75 76 76 79 75 77 77 79 78 
CCD1=0 0 0 0 0 0 0 0 0 0 0 0 0 0 0 0 0 0 0 0 0 0 0 0 0 0 0 0 0 0 0 0 0 0 0 0 0 0 0 0 0 0 0 0 0 0 0 0 0 0 0 0 0 0 0 0 0 0 0 0 0 0 0 0 0 0 0 0 0 0 0 0 0 0 0 0 0 0 0 0 0 0 0 0 0 0 0 0 0 0 0 0 0 0 0 0 0 0 0 0 0 0 0 0 0 0 0 0 0 0 0 0 0 0 0 0 0 0 0 0 0 0 0 0 0 0 0 0 
[CCD拟图]
CCDLRC0=33 107 70 
CCDLRC1=33 107 70 
CCDLRC2=0 0 0 
[反馈数据]
0=6
1=33
2=19
3=4358
4=2100
5=1750
6=0
7=1
8=1
9=1
10=119
11=3191
12=3156
[控制固参]
0=0
