[CCD原图]
CCD0=53 61 66 66 73 74 79 76 79 76 79 75 78 75 78 76 78 76 79 78 81 78 77 78 81 80 82 81 83 82 83 82 84 82 85 83 87 84 87 86 87 86 88 86 88 86 88 87 87 83 88 101 120 134 144 140 147 146 149 149 153 143 157 151 156 155 153 154 155 151 153 151 152 145 150 147 148 146 147 145 148 141 145 143 144 141 143 145 144 143 142 140 142 139 142 141 143 138 141 141 142 139 143 140 141 144 145 146 142 140 139 138 138 132 135 130 132 130 130 123 112 96 85 76 78 79 84 84 
CCD1=0 0 0 0 0 0 0 0 0 0 0 0 0 0 0 0 0 0 0 0 0 0 0 0 0 0 0 0 0 0 0 0 0 0 0 0 0 0 0 0 0 0 0 0 0 0 0 0 0 0 0 0 0 0 0 0 0 0 0 0 0 0 0 0 0 0 0 0 0 0 0 0 0 0 0 0 0 0 0 0 0 0 0 0 0 0 0 0 0 0 0 0 0 0 0 0 0 0 0 0 0 0 0 0 0 0 0 0 0 0 0 0 0 0 0 0 0 0 0 0 0 0 0 0 0 0 0 0 
[CCD拟图]
CCDLRC0=53 122 93 
CCDLRC1=53 122 93 
CCDLRC2=0 0 0 
[反馈数据]
0=6
1=33
2=19
3=4358
4=2100
5=1750
6=0
7=1
8=1
9=1
10=101
11=357
12=322
[控制固参]
0=0
