[CCD原图]
CCD0=56 64 70 71 79 81 85 83 85 82 85 83 84 81 84 83 83 83 86 83 86 84 82 83 88 87 88 86 88 87 89 88 90 89 91 90 92 89 93 91 93 91 93 91 94 92 95 93 95 95 97 95 96 95 99 96 100 97 100 99 102 96 104 99 102 100 102 100 101 99 102 101 103 98 102 99 101 100 102 99 102 98 101 98 100 97 101 100 100 99 99 98 99 97 100 99 102 97 99 98 98 96 99 97 98 98 99 99 98 97 99 97 99 96 99 97 100 99 101 99 101 100 102 100 101 103 106 104 
CCD1=0 0 0 0 0 0 0 0 0 0 0 0 0 0 0 0 0 0 0 0 0 0 0 0 0 0 0 0 0 0 0 0 0 0 0 0 0 0 0 0 0 0 0 0 0 0 0 0 0 0 0 0 0 0 0 0 0 0 0 0 0 0 0 0 0 0 0 0 0 0 0 0 0 0 0 0 0 0 0 0 0 0 0 0 0 0 0 0 0 0 0 0 0 0 0 0 0 0 0 0 0 0 0 0 0 0 0 0 0 0 0 0 0 0 0 0 0 0 0 0 0 0 0 0 0 0 0 0 
[CCD拟图]
CCDLRC0=115 122 118 
CCDLRC1=115 122 118 
CCDLRC2=0 0 0 
[反馈数据]
0=6
1=33
2=19
3=4358
4=2100
5=1750
6=0
7=1
8=1
9=1
10=141
11=3213
12=3178
[控制固参]
0=0
