[CCD原图]
CCD0=54 62 66 65 70 73 104 110 113 107 109 106 108 105 108 108 108 108 111 108 112 108 102 107 113 112 115 113 117 115 116 116 118 118 120 119 123 119 123 122 122 121 124 122 125 123 125 125 128 126 128 128 127 127 132 128 134 132 135 134 137 128 140 132 136 135 133 134 134 131 132 129 128 104 88 82 84 83 86 85 87 84 86 84 85 82 84 84 84 83 84 82 83 81 83 82 83 80 83 81 82 79 81 79 81 79 80 79 81 79 80 78 80 78 80 78 80 78 80 78 79 78 80 78 79 79 81 79 
CCD1=0 0 0 0 0 0 0 0 0 0 0 0 0 0 0 0 0 0 0 0 0 0 0 0 0 0 0 0 0 0 0 0 0 0 0 0 0 0 0 0 0 0 0 0 0 0 0 0 0 0 0 0 0 0 0 0 0 0 0 0 0 0 0 0 0 0 0 0 0 0 0 0 0 0 0 0 0 0 0 0 0 0 0 0 0 0 0 0 0 0 0 0 0 0 0 0 0 0 0 0 0 0 0 0 0 0 0 0 0 0 0 0 0 0 0 0 0 0 0 0 0 0 0 0 0 0 0 0 
[CCD拟图]
CCDLRC0=6 75 39 
CCDLRC1=6 75 39 
CCDLRC2=0 0 0 
[反馈数据]
0=6
1=33
2=19
3=4358
4=2100
5=1750
6=0
7=1
8=1
9=1
10=196
11=3268
12=3233
[控制固参]
0=0
