[CCD原图]
CCD0=54 61 67 67 75 77 83 80 83 78 81 79 80 77 80 78 80 78 81 79 81 79 78 78 82 80 82 80 83 81 82 81 83 81 84 81 83 76 75 73 77 78 101 119 129 127 130 130 134 132 134 134 132 132 136 132 137 135 138 138 140 131 143 136 142 139 138 139 139 138 140 139 142 136 139 138 140 138 139 137 140 135 139 136 136 134 135 137 135 135 134 130 132 129 132 130 132 128 130 129 128 125 128 125 125 125 126 123 108 90 80 75 77 76 81 80 83 81 83 80 82 81 82 80 81 81 84 82 
CCD1=0 0 0 0 0 0 0 0 0 0 0 0 0 0 0 0 0 0 0 0 0 0 0 0 0 0 0 0 0 0 0 0 0 0 0 0 0 0 0 0 0 0 0 0 0 0 0 0 0 0 0 0 0 0 0 0 0 0 0 0 0 0 0 0 0 0 0 0 0 0 0 0 0 0 0 0 0 0 0 0 0 0 0 0 0 0 0 0 0 0 0 0 0 0 0 0 0 0 0 0 0 0 0 0 0 0 0 0 0 0 0 0 0 0 0 0 0 0 0 0 0 0 0 0 0 0 0 0 
[CCD拟图]
CCDLRC0=41 111 76 
CCDLRC1=41 111 76 
CCDLRC2=0 0 0 
[反馈数据]
0=6
1=33
2=19
3=4358
4=2100
5=1750
6=0
7=1
8=1
9=1
10=199
11=455
12=420
[控制固参]
0=0
