[CCD原图]
CCD0=53 60 67 65 72 74 78 75 77 74 78 75 77 75 77 76 77 75 78 77 80 75 73 73 79 94 119 121 126 125 127 126 129 129 132 132 135 130 135 135 135 133 137 136 140 137 138 138 141 138 140 140 137 136 140 137 142 140 142 142 144 134 147 139 144 141 140 142 141 139 142 140 143 138 143 141 144 144 148 147 152 146 151 148 149 145 145 147 143 141 139 136 128 94 86 82 84 84 87 86 87 84 86 84 84 83 84 84 84 82 84 82 84 81 84 81 84 83 85 83 84 84 86 85 85 86 89 88 
CCD1=0 0 0 0 0 0 0 0 0 0 0 0 0 0 0 0 0 0 0 0 0 0 0 0 0 0 0 0 0 0 0 0 0 0 0 0 0 0 0 0 0 0 0 0 0 0 0 0 0 0 0 0 0 0 0 0 0 0 0 0 0 0 0 0 0 0 0 0 0 0 0 0 0 0 0 0 0 0 0 0 0 0 0 0 0 0 0 0 0 0 0 0 0 0 0 0 0 0 0 0 0 0 0 0 0 0 0 0 0 0 0 0 0 0 0 0 0 0 0 0 0 0 0 0 0 0 0 0 
[CCD拟图]
CCDLRC0=24 93 58 
CCDLRC1=24 93 58 
CCDLRC2=0 0 0 
[反馈数据]
0=6
1=33
2=19
3=4358
4=2100
5=1750
6=0
7=1
8=1
9=1
10=110
11=622
12=587
[控制固参]
0=0
