[CCD原图]
CCD0=53 59 64 63 69 69 73 72 73 69 70 69 73 72 74 72 75 73 77 74 78 75 74 75 79 77 79 78 79 75 76 75 77 74 92 119 130 128 133 133 134 132 134 133 139 135 139 140 143 139 139 139 137 135 139 134 139 136 139 138 140 131 144 137 142 140 141 141 142 139 142 141 142 136 141 138 140 138 139 137 140 134 139 136 139 138 142 146 144 142 141 139 141 137 139 138 139 133 135 132 126 112 93 77 78 77 79 79 84 83 84 82 85 81 83 81 84 82 84 81 83 81 83 81 81 82 86 84 
CCD1=0 0 0 0 0 0 0 0 0 0 0 0 0 0 0 0 0 0 0 0 0 0 0 0 0 0 0 0 0 0 0 0 0 0 0 0 0 0 0 0 0 0 0 0 0 0 0 0 0 0 0 0 0 0 0 0 0 0 0 0 0 0 0 0 0 0 0 0 0 0 0 0 0 0 0 0 0 0 0 0 0 0 0 0 0 0 0 0 0 0 0 0 0 0 0 0 0 0 0 0 0 0 0 0 0 0 0 0 0 0 0 0 0 0 0 0 0 0 0 0 0 0 0 0 0 0 0 0 
[CCD拟图]
CCDLRC0=34 101 67 
CCDLRC1=34 101 67 
CCDLRC2=0 0 0 
[反馈数据]
0=6
1=33
2=19
3=4358
4=2100
5=1750
6=0
7=1
8=1
9=1
10=142
11=654
12=619
[控制固参]
0=0
