[CCD原图]
CCD0=53 59 64 62 67 66 68 65 68 68 71 69 72 69 72 70 73 71 72 69 72 77 89 105 115 114 117 115 119 118 120 119 122 122 124 123 128 123 129 130 131 131 135 133 137 133 134 135 137 135 136 134 132 131 134 129 135 133 134 134 136 127 139 132 136 134 133 134 134 132 135 133 136 130 135 133 136 135 137 137 139 136 141 138 140 137 139 141 137 119 88 81 82 81 86 85 87 83 86 84 85 82 83 82 82 81 83 82 82 80 82 80 83 80 82 80 82 81 82 81 83 82 84 82 83 84 86 85 
CCD1=0 0 0 0 0 0 0 0 0 0 0 0 0 0 0 0 0 0 0 0 0 0 0 0 0 0 0 0 0 0 0 0 0 0 0 0 0 0 0 0 0 0 0 0 0 0 0 0 0 0 0 0 0 0 0 0 0 0 0 0 0 0 0 0 0 0 0 0 0 0 0 0 0 0 0 0 0 0 0 0 0 0 0 0 0 0 0 0 0 0 0 0 0 0 0 0 0 0 0 0 0 0 0 0 0 0 0 0 0 0 0 0 0 0 0 0 0 0 0 0 0 0 0 0 0 0 0 0 
[CCD拟图]
CCDLRC0=23 93 58 
CCDLRC1=23 93 58 
CCDLRC2=0 0 0 
[反馈数据]
0=6
1=33
2=19
3=4358
4=2100
5=1750
6=0
7=1
8=1
9=1
10=213
11=725
12=690
[控制固参]
0=0
