[CCD原图]
CCD0=53 60 65 64 69 69 73 71 73 71 74 68 69 67 69 74 96 102 107 105 109 108 101 106 112 110 112 111 114 112 114 114 116 116 118 118 122 118 124 123 123 121 124 123 128 124 126 126 128 126 128 127 126 125 129 125 130 128 130 130 133 124 135 128 131 130 129 129 131 128 130 128 131 125 130 127 130 128 129 127 130 125 130 128 129 126 122 115 102 90 82 76 78 75 79 78 81 80 83 82 82 80 82 80 82 80 81 80 81 79 81 79 81 78 81 79 80 79 81 79 81 80 82 80 81 81 84 83 
CCD1=0 0 0 0 0 0 0 0 0 0 0 0 0 0 0 0 0 0 0 0 0 0 0 0 0 0 0 0 0 0 0 0 0 0 0 0 0 0 0 0 0 0 0 0 0 0 0 0 0 0 0 0 0 0 0 0 0 0 0 0 0 0 0 0 0 0 0 0 0 0 0 0 0 0 0 0 0 0 0 0 0 0 0 0 0 0 0 0 0 0 0 0 0 0 0 0 0 0 0 0 0 0 0 0 0 0 0 0 0 0 0 0 0 0 0 0 0 0 0 0 0 0 0 0 0 0 0 0 
[CCD拟图]
CCDLRC0=16 94 55 
CCDLRC1=16 94 55 
CCDLRC2=0 0 0 
[反馈数据]
0=6
1=33
2=19
3=4358
4=2100
5=1750
6=0
7=1
8=1
9=1
10=244
11=756
12=721
[控制固参]
0=0
