[CCD原图]
CCD0=53 60 65 64 69 68 73 70 74 71 74 70 71 70 76 90 100 102 105 104 108 106 101 105 111 109 112 111 113 113 114 114 116 117 119 119 123 118 123 122 122 120 123 122 126 123 124 124 127 125 127 127 124 123 128 123 128 125 127 128 130 121 132 125 130 128 128 128 129 127 129 128 131 126 130 127 129 126 128 128 128 116 101 83 81 77 80 78 81 80 82 81 83 80 83 81 83 79 82 80 81 78 80 78 79 79 80 78 80 78 79 77 79 77 79 77 79 77 80 78 79 78 80 78 79 79 83 82 
CCD1=0 0 0 0 0 0 0 0 0 0 0 0 0 0 0 0 0 0 0 0 0 0 0 0 0 0 0 0 0 0 0 0 0 0 0 0 0 0 0 0 0 0 0 0 0 0 0 0 0 0 0 0 0 0 0 0 0 0 0 0 0 0 0 0 0 0 0 0 0 0 0 0 0 0 0 0 0 0 0 0 0 0 0 0 0 0 0 0 0 0 0 0 0 0 0 0 0 0 0 0 0 0 0 0 0 0 0 0 0 0 0 0 0 0 0 0 0 0 0 0 0 0 0 0 0 0 0 0 
[CCD拟图]
CCDLRC0=13 81 47 
CCDLRC1=13 81 47 
CCDLRC2=0 0 0 
[反馈数据]
0=6
1=33
2=19
3=4358
4=2100
5=1750
6=0
7=1
8=1
9=1
10=253
11=765
12=730
[控制固参]
0=0
