[CCD原图]
CCD0=60 69 76 78 89 95 103 101 105 101 103 100 103 101 104 105 107 106 110 109 112 111 105 109 110 103 103 109 162 203 224 228 232 236 237 238 242 234 243 244 240 238 243 239 246 240 242 246 252 250 249 254 246 248 255 250 255 255 255 255 255 250 255 255 255 255 255 255 255 255 255 255 255 255 255 255 255 255 255 255 255 255 255 255 255 255 255 255 255 255 255 252 253 247 248 240 208 144 113 108 112 111 118 119 120 120 121 122 120 118 118 117 119 115 118 115 118 117 118 114 115 114 116 113 111 115 120 118 
CCD1=0 0 0 0 0 0 0 0 0 0 0 0 0 0 0 0 0 0 0 0 0 0 0 0 0 0 0 0 0 0 0 0 0 0 0 0 0 0 0 0 0 0 0 0 0 0 0 0 0 0 0 0 0 0 0 0 0 0 0 0 0 0 0 0 0 0 0 0 0 0 0 0 0 0 0 0 0 0 0 0 0 0 0 0 0 0 0 0 0 0 0 0 0 0 0 0 0 0 0 0 0 0 0 0 0 0 0 0 0 0 0 0 0 0 0 0 0 0 0 0 0 0 0 0 0 0 0 0 
[CCD拟图]
CCDLRC0=29 98 63 
CCDLRC1=29 98 63 
CCDLRC2=0 0 0 
[反馈数据]
0=6
1=33
2=19
3=4358
4=2100
5=1750
6=0
7=1
8=1
9=1
10=34
11=802
12=767
[控制固参]
0=0
