[CCD原图]
CCD0=52 58 63 62 67 66 69 67 70 67 70 68 70 67 70 68 70 68 70 69 72 70 69 70 72 69 70 68 71 69 71 70 72 71 74 72 75 72 75 73 75 73 76 73 74 71 73 72 77 84 99 110 116 116 121 117 121 120 121 121 123 116 126 119 124 122 122 122 123 121 123 123 124 119 123 120 122 120 123 121 124 119 123 119 121 118 120 121 119 118 117 115 118 115 118 117 118 114 117 116 115 112 115 111 112 113 115 115 112 111 112 111 112 107 111 108 112 109 111 109 110 108 112 108 109 113 118 117 
CCD1=0 0 0 0 0 0 0 0 0 0 0 0 0 0 0 0 0 0 0 0 0 0 0 0 0 0 0 0 0 0 0 0 0 0 0 0 0 0 0 0 0 0 0 0 0 0 0 0 0 0 0 0 0 0 0 0 0 0 0 0 0 0 0 0 0 0 0 0 0 0 0 0 0 0 0 0 0 0 0 0 0 0 0 0 0 0 0 0 0 0 0 0 0 0 0 0 0 0 0 0 0 0 0 0 0 0 0 0 0 0 0 0 0 0 0 0 0 0 0 0 0 0 0 0 0 0 0 0 
[CCD拟图]
CCDLRC0=46 122 85 
CCDLRC1=46 122 85 
CCDLRC2=0 0 0 
[反馈数据]
0=6
1=33
2=19
3=4358
4=2100
5=1750
6=0
7=1
8=1
9=1
10=61
11=829
12=794
[控制固参]
0=0
