[CCD原图]
CCD0=56 64 70 71 80 83 88 85 87 83 86 83 85 82 84 83 84 83 87 84 87 84 82 84 88 85 88 86 89 88 89 88 90 89 92 90 93 90 93 93 94 92 94 92 95 92 96 95 97 95 98 97 96 95 99 95 99 98 100 99 102 96 103 100 102 100 102 101 101 100 102 101 104 99 103 100 103 100 102 101 103 99 103 100 102 99 101 101 101 100 100 98 101 98 101 100 102 99 101 99 99 96 98 96 97 96 98 97 97 97 99 97 98 95 97 94 98 96 99 96 99 99 102 102 104 110 116 115 
CCD1=0 0 0 0 0 0 0 0 0 0 0 0 0 0 0 0 0 0 0 0 0 0 0 0 0 0 0 0 0 0 0 0 0 0 0 0 0 0 0 0 0 0 0 0 0 0 0 0 0 0 0 0 0 0 0 0 0 0 0 0 0 0 0 0 0 0 0 0 0 0 0 0 0 0 0 0 0 0 0 0 0 0 0 0 0 0 0 0 0 0 0 0 0 0 0 0 0 0 0 0 0 0 0 0 0 0 0 0 0 0 0 0 0 0 0 0 0 0 0 0 0 0 0 0 0 0 0 0 
[CCD拟图]
CCDLRC0=115 122 122 
CCDLRC1=115 122 122 
CCDLRC2=0 0 0 
[反馈数据]
0=6
1=33
2=19
3=4358
4=2100
5=1750
6=0
7=1
8=1
9=1
10=74
11=842
12=807
[控制固参]
0=0
