[CCD原图]
CCD0=52 58 63 62 67 66 70 67 69 66 69 67 69 66 68 67 68 66 68 67 69 67 68 67 70 68 70 68 70 69 70 69 71 69 71 69 71 70 72 71 72 70 73 72 74 72 74 73 75 73 76 74 76 74 78 75 79 78 81 80 83 79 85 82 86 84 86 85 86 82 84 83 89 91 101 105 115 119 125 124 127 122 124 121 122 119 120 122 120 119 118 115 116 114 117 116 118 113 117 116 117 114 118 116 117 118 119 119 119 118 119 118 120 115 119 115 118 116 117 115 116 114 118 116 115 120 125 124 
CCD1=0 0 0 0 0 0 0 0 0 0 0 0 0 0 0 0 0 0 0 0 0 0 0 0 0 0 0 0 0 0 0 0 0 0 0 0 0 0 0 0 0 0 0 0 0 0 0 0 0 0 0 0 0 0 0 0 0 0 0 0 0 0 0 0 0 0 0 0 0 0 0 0 0 0 0 0 0 0 0 0 0 0 0 0 0 0 0 0 0 0 0 0 0 0 0 0 0 0 0 0 0 0 0 0 0 0 0 0 0 0 0 0 0 0 0 0 0 0 0 0 0 0 0 0 0 0 0 0 
[CCD拟图]
CCDLRC0=79 122 118 
CCDLRC1=79 122 118 
CCDLRC2=0 0 0 
[反馈数据]
0=6
1=33
2=19
3=4358
4=2100
5=1750
6=0
7=1
8=1
9=1
10=101
11=869
12=834
[控制固参]
0=0
