[CCD原图]
CCD0=52 58 63 62 66 66 69 66 69 66 69 66 68 66 69 67 69 67 69 68 70 68 68 67 70 68 71 69 71 69 71 70 72 70 73 71 75 72 74 74 75 74 77 76 79 77 80 79 82 81 84 83 84 83 86 81 83 80 83 90 106 113 130 125 128 125 125 125 126 123 125 124 124 120 124 122 124 122 124 121 122 117 122 118 121 119 122 123 123 123 123 121 125 121 125 125 126 122 126 125 125 120 123 120 119 118 119 119 118 118 119 119 122 116 121 117 120 119 120 116 118 116 119 115 113 113 108 93 
CCD1=0 0 0 0 0 0 0 0 0 0 0 0 0 0 0 0 0 0 0 0 0 0 0 0 0 0 0 0 0 0 0 0 0 0 0 0 0 0 0 0 0 0 0 0 0 0 0 0 0 0 0 0 0 0 0 0 0 0 0 0 0 0 0 0 0 0 0 0 0 0 0 0 0 0 0 0 0 0 0 0 0 0 0 0 0 0 0 0 0 0 0 0 0 0 0 0 0 0 0 0 0 0 0 0 0 0 0 0 0 0 0 0 0 0 0 0 0 0 0 0 0 0 0 0 0 0 0 0 
[CCD拟图]
CCDLRC0=61 122 100 
CCDLRC1=61 122 100 
CCDLRC2=0 0 0 
[反馈数据]
0=6
1=33
2=19
3=4358
4=2100
5=1750
6=0
7=1
8=1
9=1
10=105
11=873
12=838
[控制固参]
0=0
