[CCD原图]
CCD0=53 59 64 62 68 67 69 68 70 67 70 68 70 68 71 69 72 71 74 72 75 73 73 74 77 75 78 77 79 78 79 77 79 76 81 90 106 112 120 120 121 118 122 119 124 120 122 122 125 122 124 123 121 120 125 120 125 122 124 124 127 120 132 125 130 129 129 130 131 129 132 132 134 129 134 131 133 131 134 132 134 127 131 128 130 128 129 133 133 133 131 129 131 128 129 129 129 124 127 124 124 118 118 110 102 93 86 78 77 75 78 77 80 78 81 79 81 79 81 79 80 78 80 79 79 79 82 80 
CCD1=0 0 0 0 0 0 0 0 0 0 0 0 0 0 0 0 0 0 0 0 0 0 0 0 0 0 0 0 0 0 0 0 0 0 0 0 0 0 0 0 0 0 0 0 0 0 0 0 0 0 0 0 0 0 0 0 0 0 0 0 0 0 0 0 0 0 0 0 0 0 0 0 0 0 0 0 0 0 0 0 0 0 0 0 0 0 0 0 0 0 0 0 0 0 0 0 0 0 0 0 0 0 0 0 0 0 0 0 0 0 0 0 0 0 0 0 0 0 0 0 0 0 0 0 0 0 0 0 
[CCD拟图]
CCDLRC0=38 110 74 
CCDLRC1=38 110 74 
CCDLRC2=0 0 0 
[反馈数据]
0=6
1=33
2=19
3=4358
4=2100
5=1750
6=0
7=1
8=1
9=1
10=112
11=880
12=845
[控制固参]
0=0
