[CCD原图]
CCD0=54 61 66 65 70 70 75 71 72 73 95 104 108 104 107 107 107 107 111 109 112 109 103 110 117 116 119 115 115 110 109 108 112 115 120 119 124 119 124 124 124 121 124 122 127 123 125 124 126 124 125 123 120 116 118 115 123 124 128 129 132 124 138 133 138 136 136 137 140 137 140 138 140 132 133 124 110 82 79 75 79 76 82 83 84 83 85 84 84 82 84 82 84 81 83 82 83 81 83 81 83 80 82 80 81 80 81 80 81 79 80 78 81 78 80 78 80 79 80 78 79 78 80 78 79 78 82 81 
CCD1=0 0 0 0 0 0 0 0 0 0 0 0 0 0 0 0 0 0 0 0 0 0 0 0 0 0 0 0 0 0 0 0 0 0 0 0 0 0 0 0 0 0 0 0 0 0 0 0 0 0 0 0 0 0 0 0 0 0 0 0 0 0 0 0 0 0 0 0 0 0 0 0 0 0 0 0 0 0 0 0 0 0 0 0 0 0 0 0 0 0 0 0 0 0 0 0 0 0 0 0 0 0 0 0 0 0 0 0 0 0 0 0 0 0 0 0 0 0 0 0 0 0 0 0 0 0 0 0 
[CCD拟图]
CCDLRC0=9 77 43 
CCDLRC1=9 77 43 
CCDLRC2=0 0 0 
[反馈数据]
0=6
1=33
2=19
3=4358
4=2100
5=1750
6=0
7=1
8=1
9=1
10=157
11=925
12=890
[控制固参]
0=0
