[CCD原图]
CCD0=53 60 64 63 66 66 69 67 70 67 71 77 100 100 103 104 105 104 108 106 110 108 101 106 113 111 115 113 116 114 113 111 113 112 115 115 122 120 125 124 124 122 124 122 126 123 125 123 125 124 125 123 120 117 119 114 119 120 124 125 130 123 134 129 134 133 133 135 136 135 138 137 140 135 139 135 134 117 88 75 76 73 76 81 85 83 85 84 85 83 85 81 84 82 84 82 84 81 83 81 83 80 82 80 81 81 82 81 82 79 81 78 81 78 81 79 81 79 81 78 80 79 81 79 81 80 82 81 
CCD1=0 0 0 0 0 0 0 0 0 0 0 0 0 0 0 0 0 0 0 0 0 0 0 0 0 0 0 0 0 0 0 0 0 0 0 0 0 0 0 0 0 0 0 0 0 0 0 0 0 0 0 0 0 0 0 0 0 0 0 0 0 0 0 0 0 0 0 0 0 0 0 0 0 0 0 0 0 0 0 0 0 0 0 0 0 0 0 0 0 0 0 0 0 0 0 0 0 0 0 0 0 0 0 0 0 0 0 0 0 0 0 0 0 0 0 0 0 0 0 0 0 0 0 0 0 0 0 0 
[CCD拟图]
CCDLRC0=10 79 44 
CCDLRC1=10 79 44 
CCDLRC2=0 0 0 
[反馈数据]
0=6
1=33
2=19
3=4358
4=2100
5=1750
6=0
7=1
8=1
9=1
10=184
11=952
12=917
[控制固参]
0=0
