[CCD原图]
CCD0=53 59 64 63 66 66 71 70 71 68 71 81 102 101 104 104 105 105 108 106 110 107 101 105 112 110 112 110 114 113 113 112 112 110 113 114 119 116 122 124 123 121 124 121 126 122 126 126 127 125 127 125 122 119 120 116 121 121 125 126 130 122 134 128 134 132 132 132 134 133 136 135 137 131 138 134 136 131 115 82 78 75 79 77 81 82 85 84 85 83 85 82 84 81 84 82 84 81 83 82 83 80 82 80 81 80 81 80 81 80 81 80 81 78 80 78 80 79 81 79 81 79 80 79 80 80 82 81 
CCD1=0 0 0 0 0 0 0 0 0 0 0 0 0 0 0 0 0 0 0 0 0 0 0 0 0 0 0 0 0 0 0 0 0 0 0 0 0 0 0 0 0 0 0 0 0 0 0 0 0 0 0 0 0 0 0 0 0 0 0 0 0 0 0 0 0 0 0 0 0 0 0 0 0 0 0 0 0 0 0 0 0 0 0 0 0 0 0 0 0 0 0 0 0 0 0 0 0 0 0 0 0 0 0 0 0 0 0 0 0 0 0 0 0 0 0 0 0 0 0 0 0 0 0 0 0 0 0 0 
[CCD拟图]
CCDLRC0=10 79 44 
CCDLRC1=10 79 44 
CCDLRC2=0 0 0 
[反馈数据]
0=6
1=33
2=19
3=4358
4=2100
5=1750
6=0
7=1
8=1
9=1
10=188
11=956
12=921
[控制固参]
0=0
