[CCD原图]
CCD0=53 60 65 64 70 69 73 69 72 70 72 70 72 68 71 70 71 72 91 100 106 104 98 102 109 108 111 111 114 112 113 113 115 114 117 115 119 112 113 111 114 114 120 119 124 122 124 125 128 127 129 129 127 127 130 125 130 128 128 125 125 115 125 121 124 123 125 126 129 127 131 130 133 128 134 131 134 132 134 135 138 134 140 134 110 85 85 84 88 85 85 82 85 82 85 83 85 82 83 82 83 80 82 80 81 80 82 81 81 80 83 80 81 78 81 79 81 79 81 79 81 79 80 79 80 80 82 81 
CCD1=0 0 0 0 0 0 0 0 0 0 0 0 0 0 0 0 0 0 0 0 0 0 0 0 0 0 0 0 0 0 0 0 0 0 0 0 0 0 0 0 0 0 0 0 0 0 0 0 0 0 0 0 0 0 0 0 0 0 0 0 0 0 0 0 0 0 0 0 0 0 0 0 0 0 0 0 0 0 0 0 0 0 0 0 0 0 0 0 0 0 0 0 0 0 0 0 0 0 0 0 0 0 0 0 0 0 0 0 0 0 0 0 0 0 0 0 0 0 0 0 0 0 0 0 0 0 0 0 
[CCD拟图]
CCDLRC0=18 85 51 
CCDLRC1=18 85 51 
CCDLRC2=0 0 0 
[反馈数据]
0=6
1=33
2=19
3=4358
4=2100
5=1750
6=0
7=1
8=1
9=1
10=206
11=974
12=939
[控制固参]
0=0
