[CCD原图]
CCD0=53 60 65 64 69 67 70 67 70 67 70 68 71 68 70 68 70 69 73 82 101 101 97 103 109 106 110 109 112 111 113 114 116 116 118 117 121 115 119 115 112 111 116 117 122 121 125 126 128 127 129 129 127 127 131 126 131 128 129 127 128 117 126 119 123 121 122 125 128 126 130 129 133 127 133 131 135 134 137 136 139 134 137 133 121 89 85 83 85 84 85 83 84 83 85 83 84 82 84 82 83 80 82 80 80 79 81 79 81 79 81 79 81 78 82 78 81 79 81 79 81 79 81 79 80 80 83 81 
CCD1=0 0 0 0 0 0 0 0 0 0 0 0 0 0 0 0 0 0 0 0 0 0 0 0 0 0 0 0 0 0 0 0 0 0 0 0 0 0 0 0 0 0 0 0 0 0 0 0 0 0 0 0 0 0 0 0 0 0 0 0 0 0 0 0 0 0 0 0 0 0 0 0 0 0 0 0 0 0 0 0 0 0 0 0 0 0 0 0 0 0 0 0 0 0 0 0 0 0 0 0 0 0 0 0 0 0 0 0 0 0 0 0 0 0 0 0 0 0 0 0 0 0 0 0 0 0 0 0 
[CCD拟图]
CCDLRC0=17 86 51 
CCDLRC1=17 86 51 
CCDLRC2=0 0 0 
[反馈数据]
0=6
1=33
2=19
3=4358
4=2100
5=1750
6=0
7=1
8=1
9=1
10=208
11=976
12=941
[控制固参]
0=0
