[CCD原图]
CCD0=52 58 65 63 68 67 71 67 70 68 71 69 71 68 71 69 71 70 74 72 74 71 71 71 75 73 75 72 74 75 92 103 108 110 113 113 117 112 118 118 119 117 121 119 123 119 122 122 124 121 123 122 121 120 124 121 126 125 128 129 131 123 135 128 133 130 129 130 130 128 130 128 130 125 127 126 130 128 131 131 135 130 135 133 135 132 132 133 132 132 131 130 133 131 132 130 130 114 92 82 82 80 83 81 83 81 83 81 82 80 81 80 82 78 81 78 81 79 81 78 80 79 80 78 79 80 81 80 
CCD1=0 0 0 0 0 0 0 0 0 0 0 0 0 0 0 0 0 0 0 0 0 0 0 0 0 0 0 0 0 0 0 0 0 0 0 0 0 0 0 0 0 0 0 0 0 0 0 0 0 0 0 0 0 0 0 0 0 0 0 0 0 0 0 0 0 0 0 0 0 0 0 0 0 0 0 0 0 0 0 0 0 0 0 0 0 0 0 0 0 0 0 0 0 0 0 0 0 0 0 0 0 0 0 0 0 0 0 0 0 0 0 0 0 0 0 0 0 0 0 0 0 0 0 0 0 0 0 0 
[CCD拟图]
CCDLRC0=29 98 63 
CCDLRC1=29 98 63 
CCDLRC2=0 0 0 
[反馈数据]
0=6
1=33
2=19
3=4358
4=2100
5=1750
6=0
7=1
8=1
9=1
10=243
11=1011
12=976
[控制固参]
0=0
