[CCD原图]
CCD0=53 59 64 63 68 67 71 68 71 69 71 68 71 68 71 69 71 69 73 70 73 70 70 69 72 72 76 74 76 73 74 75 90 104 111 111 115 111 118 118 119 117 122 119 124 121 124 124 126 124 126 125 123 122 125 122 127 126 128 128 131 124 135 129 132 131 130 131 132 129 132 130 133 126 129 126 129 126 128 129 132 128 133 129 132 130 132 134 132 132 132 131 135 133 136 134 134 128 129 124 107 84 82 79 81 82 84 82 83 80 83 81 82 79 81 79 81 79 82 79 81 79 81 79 81 80 83 82 
CCD1=0 0 0 0 0 0 0 0 0 0 0 0 0 0 0 0 0 0 0 0 0 0 0 0 0 0 0 0 0 0 0 0 0 0 0 0 0 0 0 0 0 0 0 0 0 0 0 0 0 0 0 0 0 0 0 0 0 0 0 0 0 0 0 0 0 0 0 0 0 0 0 0 0 0 0 0 0 0 0 0 0 0 0 0 0 0 0 0 0 0 0 0 0 0 0 0 0 0 0 0 0 0 0 0 0 0 0 0 0 0 0 0 0 0 0 0 0 0 0 0 0 0 0 0 0 0 0 0 
[CCD拟图]
CCDLRC0=31 101 66 
CCDLRC1=31 101 66 
CCDLRC2=0 0 0 
[反馈数据]
0=6
1=33
2=19
3=4358
4=2100
5=1750
6=0
7=1
8=1
9=1
10=248
11=1016
12=981
[控制固参]
0=0
