[CCD原图]
CCD0=53 59 64 62 67 67 71 68 71 69 71 68 71 68 71 69 71 70 73 71 74 71 71 69 72 71 76 74 76 73 73 72 76 93 108 111 115 112 117 117 117 116 119 118 122 119 122 122 125 123 125 123 122 121 126 121 126 125 127 128 131 124 135 129 133 130 130 131 132 129 132 131 133 126 130 128 130 129 131 129 131 127 132 130 133 130 132 134 132 131 131 129 131 129 133 132 132 126 126 123 117 93 84 80 80 81 83 83 83 81 83 80 82 79 82 79 81 79 81 79 80 79 81 79 80 80 83 81 
CCD1=0 0 0 0 0 0 0 0 0 0 0 0 0 0 0 0 0 0 0 0 0 0 0 0 0 0 0 0 0 0 0 0 0 0 0 0 0 0 0 0 0 0 0 0 0 0 0 0 0 0 0 0 0 0 0 0 0 0 0 0 0 0 0 0 0 0 0 0 0 0 0 0 0 0 0 0 0 0 0 0 0 0 0 0 0 0 0 0 0 0 0 0 0 0 0 0 0 0 0 0 0 0 0 0 0 0 0 0 0 0 0 0 0 0 0 0 0 0 0 0 0 0 0 0 0 0 0 0 
[CCD拟图]
CCDLRC0=32 101 66 
CCDLRC1=32 101 66 
CCDLRC2=0 0 0 
[反馈数据]
0=6
1=33
2=19
3=4358
4=2100
5=1750
6=0
7=1
8=1
9=1
10=251
11=1019
12=984
[控制固参]
0=0
