[CCD原图]
CCD0=55 62 68 69 77 76 82 80 83 79 80 75 77 75 78 79 102 120 128 126 131 128 119 128 139 139 141 138 142 139 138 136 136 133 135 133 138 131 136 135 135 133 135 134 139 136 138 139 141 140 142 142 140 140 145 140 147 147 150 152 155 145 161 154 159 156 154 154 154 150 151 149 151 143 148 145 147 144 145 142 141 128 106 81 79 77 80 80 86 86 87 86 87 84 87 86 87 84 87 85 86 83 85 82 83 82 84 83 83 80 82 79 83 79 82 80 82 80 82 80 82 79 82 80 81 81 84 82 
CCD1=0 0 0 0 0 0 0 0 0 0 0 0 0 0 0 0 0 0 0 0 0 0 0 0 0 0 0 0 0 0 0 0 0 0 0 0 0 0 0 0 0 0 0 0 0 0 0 0 0 0 0 0 0 0 0 0 0 0 0 0 0 0 0 0 0 0 0 0 0 0 0 0 0 0 0 0 0 0 0 0 0 0 0 0 0 0 0 0 0 0 0 0 0 0 0 0 0 0 0 0 0 0 0 0 0 0 0 0 0 0 0 0 0 0 0 0 0 0 0 0 0 0 0 0 0 0 0 0 
[CCD拟图]
CCDLRC0=15 83 49 
CCDLRC1=15 83 49 
CCDLRC2=0 0 0 
[反馈数据]
0=6
1=33
2=19
3=4358
4=2100
5=1750
6=0
7=1
8=1
9=1
10=139
11=139
12=104
[控制固参]
0=0
