[CCD原图]
CCD0=53 59 65 63 68 69 73 70 72 69 72 69 71 69 71 70 72 70 73 71 73 72 72 70 72 70 73 72 76 75 77 75 75 73 76 74 84 102 117 117 120 118 122 122 126 122 125 126 129 127 128 129 127 126 129 126 131 130 131 132 134 126 137 131 135 134 132 133 134 132 134 132 135 129 134 130 133 132 133 132 134 128 133 129 131 129 130 133 132 132 131 129 133 130 135 136 137 131 132 129 126 117 108 83 78 77 79 77 80 81 83 80 83 79 82 79 81 80 82 79 81 79 81 78 80 80 82 81 
CCD1=0 0 0 0 0 0 0 0 0 0 0 0 0 0 0 0 0 0 0 0 0 0 0 0 0 0 0 0 0 0 0 0 0 0 0 0 0 0 0 0 0 0 0 0 0 0 0 0 0 0 0 0 0 0 0 0 0 0 0 0 0 0 0 0 0 0 0 0 0 0 0 0 0 0 0 0 0 0 0 0 0 0 0 0 0 0 0 0 0 0 0 0 0 0 0 0 0 0 0 0 0 0 0 0 0 0 0 0 0 0 0 0 0 0 0 0 0 0 0 0 0 0 0 0 0 0 0 0 
[CCD拟图]
CCDLRC0=35 104 69 
CCDLRC1=35 104 69 
CCDLRC2=0 0 0 
[反馈数据]
0=6
1=33
2=19
3=4358
4=2100
5=1750
6=0
7=1
8=1
9=1
10=3
11=1027
12=992
[控制固参]
0=0
