[CCD原图]
CCD0=55 63 69 69 77 80 85 82 84 78 76 71 74 78 105 119 123 123 128 127 132 130 121 129 137 136 140 139 142 138 138 136 136 133 136 133 138 132 137 137 137 135 139 136 141 138 141 141 144 142 144 143 141 141 145 141 147 148 153 158 165 156 178 173 179 176 170 167 163 155 156 152 153 144 148 144 146 142 142 139 130 95 81 78 81 79 84 86 87 86 87 85 88 85 87 86 87 84 86 84 86 83 85 83 83 82 84 83 83 82 83 80 83 80 82 79 82 80 81 79 81 80 81 79 81 81 84 82 
CCD1=0 0 0 0 0 0 0 0 0 0 0 0 0 0 0 0 0 0 0 0 0 0 0 0 0 0 0 0 0 0 0 0 0 0 0 0 0 0 0 0 0 0 0 0 0 0 0 0 0 0 0 0 0 0 0 0 0 0 0 0 0 0 0 0 0 0 0 0 0 0 0 0 0 0 0 0 0 0 0 0 0 0 0 0 0 0 0 0 0 0 0 0 0 0 0 0 0 0 0 0 0 0 0 0 0 0 0 0 0 0 0 0 0 0 0 0 0 0 0 0 0 0 0 0 0 0 0 0 
[CCD拟图]
CCDLRC0=14 81 47 
CCDLRC1=14 81 47 
CCDLRC2=0 0 0 
[反馈数据]
0=6
1=33
2=19
3=4358
4=2100
5=1750
6=0
7=1
8=1
9=1
10=144
11=144
12=109
[控制固参]
0=0
