[CCD原图]
CCD0=54 61 67 68 76 79 85 83 87 83 86 83 86 82 83 80 80 78 80 78 80 78 76 77 80 78 80 78 81 78 80 80 82 82 85 84 87 85 89 88 90 88 91 89 91 88 88 87 88 86 88 85 85 82 84 80 82 79 83 87 96 99 114 116 125 128 131 134 137 135 138 137 139 134 139 136 140 137 140 139 143 139 147 146 149 148 150 157 157 157 155 149 147 140 139 136 137 131 134 131 131 126 129 127 127 128 128 129 127 126 126 124 127 121 127 122 126 124 126 123 125 125 127 125 124 131 138 139 
CCD1=0 0 0 0 0 0 0 0 0 0 0 0 0 0 0 0 0 0 0 0 0 0 0 0 0 0 0 0 0 0 0 0 0 0 0 0 0 0 0 0 0 0 0 0 0 0 0 0 0 0 0 0 0 0 0 0 0 0 0 0 0 0 0 0 0 0 0 0 0 0 0 0 0 0 0 0 0 0 0 0 0 0 0 0 0 0 0 0 0 0 0 0 0 0 0 0 0 0 0 0 0 0 0 0 0 0 0 0 0 0 0 0 0 0 0 0 0 0 0 0 0 0 0 0 0 0 0 0 
[CCD拟图]
CCDLRC0=57 122 94 
CCDLRC1=57 122 94 
CCDLRC2=0 0 0 
[反馈数据]
0=6
1=33
2=19
3=4358
4=2100
5=1750
6=0
7=1
8=1
9=1
10=75
11=1099
12=1064
[控制固参]
0=0
