[CCD原图]
CCD0=53 60 66 66 72 73 78 74 77 74 76 74 76 74 76 75 77 76 80 78 81 79 79 81 85 84 86 85 87 84 85 84 84 82 83 81 82 79 82 80 81 79 82 79 82 80 83 81 84 82 85 82 84 82 85 82 84 82 83 80 81 78 82 78 80 77 79 77 80 80 86 90 99 102 112 118 126 128 133 135 138 134 139 135 137 134 135 138 135 134 133 131 133 129 132 131 133 129 131 131 130 127 130 126 127 128 129 130 129 128 129 129 133 129 135 132 137 136 137 133 132 129 131 125 121 127 132 130 
CCD1=0 0 0 0 0 0 0 0 0 0 0 0 0 0 0 0 0 0 0 0 0 0 0 0 0 0 0 0 0 0 0 0 0 0 0 0 0 0 0 0 0 0 0 0 0 0 0 0 0 0 0 0 0 0 0 0 0 0 0 0 0 0 0 0 0 0 0 0 0 0 0 0 0 0 0 0 0 0 0 0 0 0 0 0 0 0 0 0 0 0 0 0 0 0 0 0 0 0 0 0 0 0 0 0 0 0 0 0 0 0 0 0 0 0 0 0 0 0 0 0 0 0 0 0 0 0 0 0 
[CCD拟图]
CCDLRC0=71 122 108 
CCDLRC1=71 122 108 
CCDLRC2=0 0 0 
[反馈数据]
0=6
1=33
2=19
3=4358
4=2100
5=1750
6=0
7=1
8=1
9=1
10=83
11=1107
12=1072
[控制固参]
0=0
