[CCD原图]
CCD0=53 61 66 67 75 78 83 81 83 79 80 77 79 76 78 76 77 75 78 75 78 76 74 75 78 76 78 77 78 77 78 77 78 77 79 77 80 78 81 79 81 79 82 80 83 81 83 80 81 79 82 82 84 83 86 84 87 85 87 86 88 83 89 85 87 85 87 85 86 84 87 84 86 84 87 84 87 84 86 85 87 84 86 84 86 83 85 85 85 84 85 83 85 83 85 84 86 83 86 84 84 82 85 82 83 82 84 83 83 80 81 77 80 77 79 77 80 77 79 77 78 77 79 77 78 78 81 79 
CCD1=0 0 0 0 0 0 0 0 0 0 0 0 0 0 0 0 0 0 0 0 0 0 0 0 0 0 0 0 0 0 0 0 0 0 0 0 0 0 0 0 0 0 0 0 0 0 0 0 0 0 0 0 0 0 0 0 0 0 0 0 0 0 0 0 0 0 0 0 0 0 0 0 0 0 0 0 0 0 0 0 0 0 0 0 0 0 0 0 0 0 0 0 0 0 0 0 0 0 0 0 0 0 0 0 0 0 0 0 0 0 0 0 0 0 0 0 0 0 0 0 0 0 0 0 0 0 0 0 
[CCD拟图]
CCDLRC0=6 122 119 
CCDLRC1=6 122 119 
CCDLRC2=0 0 0 
[反馈数据]
0=6
1=33
2=19
3=4358
4=2100
5=1750
6=0
7=1
8=1
9=1
10=93
11=1117
12=1082
[控制固参]
0=0
