[CCD原图]
CCD0=53 60 66 66 72 75 80 76 79 76 79 76 78 75 78 76 78 76 79 76 79 77 76 76 80 78 80 78 80 79 80 79 81 79 81 79 82 79 82 81 82 81 83 81 84 81 83 82 85 83 85 83 84 82 86 83 86 84 87 86 89 84 89 86 89 85 88 85 88 85 88 86 88 84 87 85 87 85 87 85 87 83 87 85 86 84 86 86 86 84 85 84 86 83 86 84 87 82 86 84 85 82 84 82 83 83 84 83 84 82 83 81 83 80 83 79 82 80 82 80 83 81 85 86 90 97 106 108 
CCD1=0 0 0 0 0 0 0 0 0 0 0 0 0 0 0 0 0 0 0 0 0 0 0 0 0 0 0 0 0 0 0 0 0 0 0 0 0 0 0 0 0 0 0 0 0 0 0 0 0 0 0 0 0 0 0 0 0 0 0 0 0 0 0 0 0 0 0 0 0 0 0 0 0 0 0 0 0 0 0 0 0 0 0 0 0 0 0 0 0 0 0 0 0 0 0 0 0 0 0 0 0 0 0 0 0 0 0 0 0 0 0 0 0 0 0 0 0 0 0 0 0 0 0 0 0 0 0 0 
[CCD拟图]
CCDLRC0=6 122 118 
CCDLRC1=6 122 118 
CCDLRC2=0 0 0 
[反馈数据]
0=6
1=33
2=19
3=4358
4=2100
5=1750
6=0
7=1
8=1
9=1
10=106
11=1130
12=1095
[控制固参]
0=0
