[CCD原图]
CCD0=54 60 66 66 74 76 80 77 80 77 79 77 79 76 79 77 79 77 80 78 81 78 78 78 82 80 83 81 83 81 82 81 83 82 84 81 82 79 84 96 121 129 135 132 138 133 134 137 140 137 138 137 135 134 138 133 139 137 139 138 142 132 143 136 141 138 139 139 141 138 141 140 142 137 142 138 141 139 141 140 144 138 145 148 156 157 157 160 154 151 146 137 137 131 131 130 132 128 131 128 128 125 128 124 124 125 124 114 85 77 78 76 80 77 80 77 79 77 78 77 78 76 78 76 78 77 78 77 
CCD1=0 0 0 0 0 0 0 0 0 0 0 0 0 0 0 0 0 0 0 0 0 0 0 0 0 0 0 0 0 0 0 0 0 0 0 0 0 0 0 0 0 0 0 0 0 0 0 0 0 0 0 0 0 0 0 0 0 0 0 0 0 0 0 0 0 0 0 0 0 0 0 0 0 0 0 0 0 0 0 0 0 0 0 0 0 0 0 0 0 0 0 0 0 0 0 0 0 0 0 0 0 0 0 0 0 0 0 0 0 0 0 0 0 0 0 0 0 0 0 0 0 0 0 0 0 0 0 0 
[CCD拟图]
CCDLRC0=39 109 74 
CCDLRC1=39 109 74 
CCDLRC2=0 0 0 
[反馈数据]
0=6
1=33
2=19
3=4358
4=2100
5=1750
6=0
7=1
8=1
9=1
10=143
11=1167
12=1132
[控制固参]
0=0
