[CCD原图]
CCD0=54 61 66 66 73 75 79 76 78 74 77 74 76 74 76 74 75 74 77 75 77 75 75 75 79 78 80 78 80 78 80 80 81 78 79 77 79 76 90 116 138 145 151 148 150 140 138 137 140 137 139 139 137 135 139 134 140 138 140 140 142 133 144 138 143 141 140 142 142 139 142 142 144 138 142 139 143 141 142 141 144 140 146 147 153 151 149 149 144 142 138 132 132 129 131 130 131 127 130 129 129 126 127 125 125 126 125 115 87 77 78 76 82 79 82 79 81 79 81 79 81 79 80 79 80 79 82 80 
CCD1=0 0 0 0 0 0 0 0 0 0 0 0 0 0 0 0 0 0 0 0 0 0 0 0 0 0 0 0 0 0 0 0 0 0 0 0 0 0 0 0 0 0 0 0 0 0 0 0 0 0 0 0 0 0 0 0 0 0 0 0 0 0 0 0 0 0 0 0 0 0 0 0 0 0 0 0 0 0 0 0 0 0 0 0 0 0 0 0 0 0 0 0 0 0 0 0 0 0 0 0 0 0 0 0 0 0 0 0 0 0 0 0 0 0 0 0 0 0 0 0 0 0 0 0 0 0 0 0 
[CCD拟图]
CCDLRC0=38 108 73 
CCDLRC1=38 108 73 
CCDLRC2=0 0 0 
[反馈数据]
0=6
1=33
2=19
3=4358
4=2100
5=1750
6=0
7=1
8=1
9=1
10=150
11=1174
12=1139
[控制固参]
0=0
