[CCD原图]
CCD0=54 62 67 67 75 76 81 78 81 77 79 77 79 76 80 77 79 78 80 78 82 79 78 79 83 80 83 81 83 81 83 82 84 82 81 76 79 76 78 83 110 133 144 139 141 135 136 136 140 138 140 139 136 135 140 135 140 138 139 140 142 132 145 139 143 141 141 141 142 141 142 141 144 138 144 141 144 142 142 141 143 139 144 141 143 140 140 142 139 138 136 133 135 131 132 131 132 128 131 130 130 125 127 124 124 124 124 124 100 79 78 76 81 80 82 80 82 80 81 79 81 79 81 79 80 79 83 81 
CCD1=0 0 0 0 0 0 0 0 0 0 0 0 0 0 0 0 0 0 0 0 0 0 0 0 0 0 0 0 0 0 0 0 0 0 0 0 0 0 0 0 0 0 0 0 0 0 0 0 0 0 0 0 0 0 0 0 0 0 0 0 0 0 0 0 0 0 0 0 0 0 0 0 0 0 0 0 0 0 0 0 0 0 0 0 0 0 0 0 0 0 0 0 0 0 0 0 0 0 0 0 0 0 0 0 0 0 0 0 0 0 0 0 0 0 0 0 0 0 0 0 0 0 0 0 0 0 0 0 
[CCD拟图]
CCDLRC0=38 109 73 
CCDLRC1=38 109 73 
CCDLRC2=0 0 0 
[反馈数据]
0=6
1=33
2=19
3=4358
4=2100
5=1750
6=0
7=1
8=1
9=1
10=154
11=1178
12=1143
[控制固参]
0=0
