[CCD原图]
CCD0=54 61 66 67 73 74 78 76 79 75 78 75 78 74 77 75 77 76 78 76 79 77 76 76 80 77 80 79 81 79 81 79 81 80 82 80 80 73 77 76 82 112 129 128 133 129 131 132 135 134 137 136 134 132 137 132 136 134 135 136 138 129 142 133 137 137 138 139 140 136 140 138 140 135 139 135 138 135 137 135 139 132 136 132 134 131 133 135 132 132 131 128 130 127 130 130 131 126 129 128 128 124 126 124 123 124 124 122 105 81 79 76 80 78 82 80 81 80 81 79 80 78 81 79 80 79 82 81 
CCD1=0 0 0 0 0 0 0 0 0 0 0 0 0 0 0 0 0 0 0 0 0 0 0 0 0 0 0 0 0 0 0 0 0 0 0 0 0 0 0 0 0 0 0 0 0 0 0 0 0 0 0 0 0 0 0 0 0 0 0 0 0 0 0 0 0 0 0 0 0 0 0 0 0 0 0 0 0 0 0 0 0 0 0 0 0 0 0 0 0 0 0 0 0 0 0 0 0 0 0 0 0 0 0 0 0 0 0 0 0 0 0 0 0 0 0 0 0 0 0 0 0 0 0 0 0 0 0 0 
[CCD拟图]
CCDLRC0=40 109 74 
CCDLRC1=40 109 74 
CCDLRC2=0 0 0 
[反馈数据]
0=6
1=33
2=19
3=4358
4=2100
5=1750
6=0
7=1
8=1
9=1
10=204
11=1228
12=1193
[控制固参]
0=0
