[CCD原图]
CCD0=54 60 66 66 73 73 77 74 77 74 76 73 76 73 76 74 76 75 78 75 79 75 75 75 76 73 74 72 80 99 113 118 121 123 125 125 129 124 128 127 128 126 127 125 129 126 128 128 131 130 132 131 130 129 134 130 134 133 135 135 137 130 141 133 137 136 136 136 137 134 136 134 137 130 134 132 134 131 133 132 134 130 134 131 132 130 131 133 130 129 129 125 127 124 126 122 112 89 80 76 77 75 78 77 79 78 80 79 79 77 79 77 79 76 79 76 79 76 79 76 78 76 78 76 77 77 80 78 
CCD1=0 0 0 0 0 0 0 0 0 0 0 0 0 0 0 0 0 0 0 0 0 0 0 0 0 0 0 0 0 0 0 0 0 0 0 0 0 0 0 0 0 0 0 0 0 0 0 0 0 0 0 0 0 0 0 0 0 0 0 0 0 0 0 0 0 0 0 0 0 0 0 0 0 0 0 0 0 0 0 0 0 0 0 0 0 0 0 0 0 0 0 0 0 0 0 0 0 0 0 0 0 0 0 0 0 0 0 0 0 0 0 0 0 0 0 0 0 0 0 0 0 0 0 0 0 0 0 0 
[CCD拟图]
CCDLRC0=28 98 63 
CCDLRC1=28 98 63 
CCDLRC2=0 0 0 
[反馈数据]
0=6
1=33
2=19
3=4358
4=2100
5=1750
6=0
7=1
8=1
9=1
10=238
11=1262
12=1227
[控制固参]
0=0
