[CCD原图]
CCD0=54 61 67 66 73 73 77 74 77 74 77 75 76 74 76 75 76 75 78 75 78 76 75 74 76 72 75 75 97 110 118 120 123 123 126 125 128 124 129 128 128 127 128 126 130 127 129 129 132 131 133 132 131 130 134 130 135 134 136 136 139 130 142 134 138 136 135 137 137 135 137 135 137 131 135 132 134 132 133 132 134 130 135 131 133 130 131 133 131 130 129 126 128 125 127 125 120 100 83 76 78 75 77 77 79 78 80 78 80 78 80 78 80 77 80 77 79 77 79 77 79 77 79 76 77 78 80 79 
CCD1=0 0 0 0 0 0 0 0 0 0 0 0 0 0 0 0 0 0 0 0 0 0 0 0 0 0 0 0 0 0 0 0 0 0 0 0 0 0 0 0 0 0 0 0 0 0 0 0 0 0 0 0 0 0 0 0 0 0 0 0 0 0 0 0 0 0 0 0 0 0 0 0 0 0 0 0 0 0 0 0 0 0 0 0 0 0 0 0 0 0 0 0 0 0 0 0 0 0 0 0 0 0 0 0 0 0 0 0 0 0 0 0 0 0 0 0 0 0 0 0 0 0 0 0 0 0 0 0 
[CCD拟图]
CCDLRC0=28 98 63 
CCDLRC1=28 98 63 
CCDLRC2=0 0 0 
[反馈数据]
0=6
1=33
2=19
3=4358
4=2100
5=1750
6=0
7=1
8=1
9=1
10=240
11=1264
12=1229
[控制固参]
0=0
