[CCD原图]
CCD0=53 60 66 65 72 72 77 74 76 74 76 73 76 73 76 74 76 74 78 75 78 76 75 74 75 73 77 94 119 120 122 122 124 124 126 125 129 124 128 128 127 125 127 124 129 126 128 128 132 131 132 132 131 129 134 130 135 133 135 136 138 129 140 133 137 136 136 137 137 134 136 134 135 130 135 131 132 131 132 130 132 128 131 130 131 129 130 132 131 129 128 126 127 123 124 111 86 75 77 77 80 78 81 78 79 78 80 78 79 78 79 77 79 76 79 76 78 76 78 76 78 76 78 76 78 77 80 78 
CCD1=0 0 0 0 0 0 0 0 0 0 0 0 0 0 0 0 0 0 0 0 0 0 0 0 0 0 0 0 0 0 0 0 0 0 0 0 0 0 0 0 0 0 0 0 0 0 0 0 0 0 0 0 0 0 0 0 0 0 0 0 0 0 0 0 0 0 0 0 0 0 0 0 0 0 0 0 0 0 0 0 0 0 0 0 0 0 0 0 0 0 0 0 0 0 0 0 0 0 0 0 0 0 0 0 0 0 0 0 0 0 0 0 0 0 0 0 0 0 0 0 0 0 0 0 0 0 0 0 
[CCD拟图]
CCDLRC0=27 96 61 
CCDLRC1=27 96 61 
CCDLRC2=0 0 0 
[反馈数据]
0=6
1=33
2=19
3=4358
4=2100
5=1750
6=0
7=1
8=1
9=1
10=244
11=1268
12=1233
[控制固参]
0=0
