[CCD原图]
CCD0=57 66 76 82 99 109 119 115 118 112 114 111 113 109 111 112 112 110 113 112 117 113 106 111 117 115 117 114 115 110 108 102 99 92 87 80 78 73 74 71 74 72 76 75 79 76 79 78 81 79 81 80 80 79 81 79 82 79 82 81 83 79 84 80 82 79 81 79 82 79 81 80 82 78 81 79 80 78 81 79 81 79 80 78 79 77 80 78 80 77 78 76 78 76 78 77 78 76 78 77 78 76 78 76 77 76 78 76 77 75 77 75 77 74 76 75 76 74 77 74 76 75 77 75 76 75 77 76 
CCD1=0 0 0 0 0 0 0 0 0 0 0 0 0 0 0 0 0 0 0 0 0 0 0 0 0 0 0 0 0 0 0 0 0 0 0 0 0 0 0 0 0 0 0 0 0 0 0 0 0 0 0 0 0 0 0 0 0 0 0 0 0 0 0 0 0 0 0 0 0 0 0 0 0 0 0 0 0 0 0 0 0 0 0 0 0 0 0 0 0 0 0 0 0 0 0 0 0 0 0 0 0 0 0 0 0 0 0 0 0 0 0 0 0 0 0 0 0 0 0 0 0 0 0 0 0 0 0 0 
[CCD拟图]
CCDLRC0=6 41 6 
CCDLRC1=6 41 6 
CCDLRC2=0 0 0 
[反馈数据]
0=6
1=33
2=19
3=4358
4=2100
5=1750
6=0
7=1
8=1
9=1
10=11
11=1291
12=1256
[控制固参]
0=0
