[CCD原图]
CCD0=53 60 66 66 74 74 78 74 75 70 71 69 70 67 70 68 70 68 71 69 72 70 71 70 73 72 75 73 75 73 76 74 76 75 78 75 78 75 78 76 78 76 78 76 79 76 79 77 78 77 79 78 78 77 79 77 80 78 80 78 80 77 81 78 81 79 80 79 80 78 81 79 81 78 81 79 80 78 81 78 81 78 80 78 79 77 79 77 78 76 78 75 77 75 77 76 78 75 77 75 77 74 76 74 76 74 76 76 77 75 76 74 76 73 76 73 76 74 76 74 76 73 75 73 74 74 76 74 
CCD1=0 0 0 0 0 0 0 0 0 0 0 0 0 0 0 0 0 0 0 0 0 0 0 0 0 0 0 0 0 0 0 0 0 0 0 0 0 0 0 0 0 0 0 0 0 0 0 0 0 0 0 0 0 0 0 0 0 0 0 0 0 0 0 0 0 0 0 0 0 0 0 0 0 0 0 0 0 0 0 0 0 0 0 0 0 0 0 0 0 0 0 0 0 0 0 0 0 0 0 0 0 0 0 0 0 0 0 0 0 0 0 0 0 0 0 0 0 0 0 0 0 0 0 0 0 0 0 0 
[CCD拟图]
CCDLRC0=6 13 6 
CCDLRC1=6 13 6 
CCDLRC2=0 0 0 
[反馈数据]
0=6
1=33
2=19
3=4358
4=2100
5=1750
6=0
7=1
8=1
9=1
10=17
11=1297
12=1262
[控制固参]
0=0
