[CCD原图]
CCD0=59 69 80 86 105 116 127 124 128 122 124 120 123 119 123 123 124 126 131 129 134 131 121 128 135 133 133 131 133 130 130 130 131 130 132 131 134 129 134 133 132 130 133 131 134 131 133 134 136 134 137 138 136 136 140 136 141 139 140 140 143 133 145 137 141 139 136 133 126 114 107 96 91 83 85 83 86 84 86 84 86 83 85 84 85 83 85 83 84 82 84 81 83 81 83 81 82 79 81 79 81 78 80 78 79 78 79 78 79 77 79 77 79 76 79 76 79 77 79 77 78 76 78 76 78 76 80 78 
CCD1=0 0 0 0 0 0 0 0 0 0 0 0 0 0 0 0 0 0 0 0 0 0 0 0 0 0 0 0 0 0 0 0 0 0 0 0 0 0 0 0 0 0 0 0 0 0 0 0 0 0 0 0 0 0 0 0 0 0 0 0 0 0 0 0 0 0 0 0 0 0 0 0 0 0 0 0 0 0 0 0 0 0 0 0 0 0 0 0 0 0 0 0 0 0 0 0 0 0 0 0 0 0 0 0 0 0 0 0 0 0 0 0 0 0 0 0 0 0 0 0 0 0 0 0 0 0 0 0 
[CCD拟图]
CCDLRC0=6 66 28 
CCDLRC1=6 66 28 
CCDLRC2=0 0 0 
[反馈数据]
0=6
1=33
2=19
3=4358
4=2100
5=1750
6=0
7=1
8=1
9=1
10=44
11=1324
12=1289
[控制固参]
0=0
