[CCD原图]
CCD0=58 69 79 87 107 119 131 128 130 123 124 120 121 115 117 117 116 116 120 118 122 120 112 120 127 126 129 128 131 129 130 130 132 132 134 133 136 131 137 137 137 136 140 138 142 137 139 139 142 140 141 140 138 137 141 136 142 139 140 138 135 117 117 100 92 81 80 79 83 83 87 87 90 86 89 87 88 87 88 87 89 85 87 85 87 84 86 86 87 84 86 83 86 83 85 83 85 82 84 83 84 81 83 81 82 82 84 82 82 80 82 80 82 79 81 79 81 79 82 79 81 79 81 79 80 80 83 81 
CCD1=0 0 0 0 0 0 0 0 0 0 0 0 0 0 0 0 0 0 0 0 0 0 0 0 0 0 0 0 0 0 0 0 0 0 0 0 0 0 0 0 0 0 0 0 0 0 0 0 0 0 0 0 0 0 0 0 0 0 0 0 0 0 0 0 0 0 0 0 0 0 0 0 0 0 0 0 0 0 0 0 0 0 0 0 0 0 0 0 0 0 0 0 0 0 0 0 0 0 0 0 0 0 0 0 0 0 0 0 0 0 0 0 0 0 0 0 0 0 0 0 0 0 0 0 0 0 0 0 
[CCD拟图]
CCDLRC0=6 59 18 
CCDLRC1=6 59 18 
CCDLRC2=0 0 0 
[反馈数据]
0=6
1=33
2=19
3=4358
4=2100
5=1750
6=0
7=1
8=1
9=1
10=136
11=1416
12=1381
[控制固参]
0=0
