[CCD原图]
CCD0=53 61 66 67 75 75 81 78 80 77 80 77 78 76 78 76 78 76 80 82 90 93 95 107 122 124 126 124 127 124 123 123 124 124 126 126 129 125 130 130 131 130 134 132 138 135 137 139 142 140 142 142 139 138 142 138 143 142 144 145 147 138 152 143 148 147 145 145 145 142 144 143 145 139 143 139 141 132 125 113 102 88 83 78 82 82 85 85 87 85 86 84 86 83 86 84 86 83 84 83 84 82 83 82 82 81 82 82 82 80 83 80 82 79 81 79 82 80 82 79 81 79 81 79 80 80 83 81 
CCD1=0 0 0 0 0 0 0 0 0 0 0 0 0 0 0 0 0 0 0 0 0 0 0 0 0 0 0 0 0 0 0 0 0 0 0 0 0 0 0 0 0 0 0 0 0 0 0 0 0 0 0 0 0 0 0 0 0 0 0 0 0 0 0 0 0 0 0 0 0 0 0 0 0 0 0 0 0 0 0 0 0 0 0 0 0 0 0 0 0 0 0 0 0 0 0 0 0 0 0 0 0 0 0 0 0 0 0 0 0 0 0 0 0 0 0 0 0 0 0 0 0 0 0 0 0 0 0 0 
[CCD拟图]
CCDLRC0=11 75 43 
CCDLRC1=11 75 43 
CCDLRC2=0 0 0 
[反馈数据]
0=6
1=33
2=19
3=4358
4=2100
5=1750
6=0
7=1
8=1
9=1
10=140
11=1420
12=1385
[控制固参]
0=0
