[CCD原图]
CCD0=52 60 65 66 73 74 79 75 79 76 78 74 77 74 77 75 76 75 77 75 79 76 74 75 79 76 78 75 78 76 77 75 77 75 78 76 79 76 79 77 79 76 79 77 78 75 76 73 75 74 76 75 78 78 81 79 83 82 83 83 85 82 84 78 79 76 77 75 77 76 86 100 120 125 135 136 140 139 141 141 144 139 143 140 142 139 140 142 139 139 136 133 135 132 133 132 132 127 130 128 128 124 126 124 123 125 126 126 124 124 125 125 127 123 127 123 127 125 127 122 123 120 122 118 117 121 126 126 
CCD1=0 0 0 0 0 0 0 0 0 0 0 0 0 0 0 0 0 0 0 0 0 0 0 0 0 0 0 0 0 0 0 0 0 0 0 0 0 0 0 0 0 0 0 0 0 0 0 0 0 0 0 0 0 0 0 0 0 0 0 0 0 0 0 0 0 0 0 0 0 0 0 0 0 0 0 0 0 0 0 0 0 0 0 0 0 0 0 0 0 0 0 0 0 0 0 0 0 0 0 0 0 0 0 0 0 0 0 0 0 0 0 0 0 0 0 0 0 0 0 0 0 0 0 0 0 0 0 0 
[CCD拟图]
CCDLRC0=74 122 113 
CCDLRC1=74 122 113 
CCDLRC2=0 0 0 
[反馈数据]
0=6
1=33
2=19
3=4358
4=2100
5=1750
6=0
7=1
8=1
9=1
10=173
11=1453
12=1418
[控制固参]
0=0
