[CCD原图]
CCD0=54 61 66 66 73 75 79 76 79 75 78 76 78 75 77 76 77 76 79 76 79 77 76 76 80 78 80 78 79 76 76 75 78 78 81 80 83 80 83 82 83 81 84 82 85 82 85 83 86 84 86 84 85 83 86 83 86 84 87 86 88 84 89 86 89 87 88 86 85 81 84 83 87 84 87 86 89 88 90 87 87 83 86 86 93 96 105 115 119 124 125 124 127 124 127 127 130 127 131 133 135 133 140 141 144 150 150 151 147 143 141 137 137 129 131 124 126 124 124 120 121 121 124 121 119 124 129 128 
CCD1=0 0 0 0 0 0 0 0 0 0 0 0 0 0 0 0 0 0 0 0 0 0 0 0 0 0 0 0 0 0 0 0 0 0 0 0 0 0 0 0 0 0 0 0 0 0 0 0 0 0 0 0 0 0 0 0 0 0 0 0 0 0 0 0 0 0 0 0 0 0 0 0 0 0 0 0 0 0 0 0 0 0 0 0 0 0 0 0 0 0 0 0 0 0 0 0 0 0 0 0 0 0 0 0 0 0 0 0 0 0 0 0 0 0 0 0 0 0 0 0 0 0 0 0 0 0 0 0 
[CCD拟图]
CCDLRC0=81 122 120 
CCDLRC1=81 122 120 
CCDLRC2=0 0 0 
[反馈数据]
0=6
1=33
2=19
3=4358
4=2100
5=1750
6=0
7=1
8=1
9=1
10=211
11=1491
12=1456
[控制固参]
0=0
