[CCD原图]
CCD0=54 60 67 66 73 75 80 77 79 76 79 76 78 75 77 75 77 76 78 76 79 77 75 73 76 74 76 77 80 79 80 79 82 79 83 80 83 80 83 81 83 81 83 80 84 81 84 83 85 83 85 83 85 83 87 83 86 84 87 86 88 84 90 85 88 86 88 87 88 86 89 86 89 85 88 86 88 86 88 86 86 82 83 80 80 77 78 76 78 79 84 85 94 96 104 109 116 116 123 125 129 127 131 128 126 129 129 129 127 125 124 122 124 119 124 119 123 121 122 120 122 120 123 121 119 124 130 129 
CCD1=0 0 0 0 0 0 0 0 0 0 0 0 0 0 0 0 0 0 0 0 0 0 0 0 0 0 0 0 0 0 0 0 0 0 0 0 0 0 0 0 0 0 0 0 0 0 0 0 0 0 0 0 0 0 0 0 0 0 0 0 0 0 0 0 0 0 0 0 0 0 0 0 0 0 0 0 0 0 0 0 0 0 0 0 0 0 0 0 0 0 0 0 0 0 0 0 0 0 0 0 0 0 0 0 0 0 0 0 0 0 0 0 0 0 0 0 0 0 0 0 0 0 0 0 0 0 0 0 
[CCD拟图]
CCDLRC0=86 122 122 
CCDLRC1=86 122 122 
CCDLRC2=0 0 0 
[反馈数据]
0=6
1=33
2=19
3=4358
4=2100
5=1750
6=0
7=1
8=1
9=1
10=214
11=1494
12=1459
[控制固参]
0=0
