[CCD原图]
CCD0=54 61 66 67 75 75 80 76 79 76 79 76 78 75 77 76 78 76 79 77 79 77 76 77 81 79 81 79 82 79 81 80 82 81 83 82 84 80 84 82 83 81 84 83 85 83 85 83 86 84 87 84 85 84 86 84 87 85 88 86 89 85 90 86 89 87 89 87 89 87 89 87 89 86 88 86 88 86 88 86 89 85 88 85 88 84 86 84 84 81 82 80 82 80 82 81 83 82 89 91 96 97 103 107 111 117 123 127 126 126 125 123 125 121 126 122 126 124 126 123 125 124 127 124 122 129 134 133 
CCD1=0 0 0 0 0 0 0 0 0 0 0 0 0 0 0 0 0 0 0 0 0 0 0 0 0 0 0 0 0 0 0 0 0 0 0 0 0 0 0 0 0 0 0 0 0 0 0 0 0 0 0 0 0 0 0 0 0 0 0 0 0 0 0 0 0 0 0 0 0 0 0 0 0 0 0 0 0 0 0 0 0 0 0 0 0 0 0 0 0 0 0 0 0 0 0 0 0 0 0 0 0 0 0 0 0 0 0 0 0 0 0 0 0 0 0 0 0 0 0 0 0 0 0 0 0 0 0 0 
[CCD拟图]
CCDLRC0=6 122 122 
CCDLRC1=6 122 122 
CCDLRC2=0 0 0 
[反馈数据]
0=6
1=33
2=19
3=4358
4=2100
5=1750
6=0
7=1
8=1
9=1
10=224
11=1504
12=1469
[控制固参]
0=0
