[CCD原图]
CCD0=55 63 69 71 78 81 87 83 87 83 85 82 84 77 79 81 102 120 128 126 131 129 119 126 134 133 135 133 138 137 139 140 141 142 144 142 144 138 142 140 139 136 140 137 141 139 142 142 145 144 145 147 145 145 153 152 161 162 166 167 168 153 164 153 153 149 147 148 149 145 147 145 148 141 146 143 145 143 143 142 146 140 145 141 141 132 110 88 84 82 86 87 90 87 89 88 89 86 87 85 86 83 85 82 83 81 80 77 78 76 78 75 77 74 76 74 76 73 75 73 75 74 75 75 77 77 81 80 
CCD1=0 0 0 0 0 0 0 0 0 0 0 0 0 0 0 0 0 0 0 0 0 0 0 0 0 0 0 0 0 0 0 0 0 0 0 0 0 0 0 0 0 0 0 0 0 0 0 0 0 0 0 0 0 0 0 0 0 0 0 0 0 0 0 0 0 0 0 0 0 0 0 0 0 0 0 0 0 0 0 0 0 0 0 0 0 0 0 0 0 0 0 0 0 0 0 0 0 0 0 0 0 0 0 0 0 0 0 0 0 0 0 0 0 0 0 0 0 0 0 0 0 0 0 0 0 0 0 0 
[CCD拟图]
CCDLRC0=13 85 49 
CCDLRC1=13 85 49 
CCDLRC2=0 0 0 
[反馈数据]
0=6
1=33
2=19
3=4358
4=2100
5=1750
6=0
7=1
8=1
9=1
10=196
11=196
12=161
[控制固参]
0=0
