[CCD原图]
CCD0=61 71 82 90 111 122 132 126 128 122 124 120 123 118 120 120 121 120 124 122 126 122 114 121 128 125 127 125 128 126 127 126 128 127 130 128 133 128 133 133 133 132 137 136 144 143 151 157 166 166 167 164 156 151 151 143 146 142 142 141 142 131 142 130 128 111 94 84 84 82 85 85 91 88 91 88 90 88 89 87 89 86 88 86 88 85 87 85 86 85 85 83 85 83 84 83 84 81 83 81 82 79 82 79 81 80 80 79 80 79 80 78 81 78 80 78 80 78 80 78 80 78 79 78 79 79 82 80 
CCD1=0 0 0 0 0 0 0 0 0 0 0 0 0 0 0 0 0 0 0 0 0 0 0 0 0 0 0 0 0 0 0 0 0 0 0 0 0 0 0 0 0 0 0 0 0 0 0 0 0 0 0 0 0 0 0 0 0 0 0 0 0 0 0 0 0 0 0 0 0 0 0 0 0 0 0 0 0 0 0 0 0 0 0 0 0 0 0 0 0 0 0 0 0 0 0 0 0 0 0 0 0 0 0 0 0 0 0 0 0 0 0 0 0 0 0 0 0 0 0 0 0 0 0 0 0 0 0 0 
[CCD拟图]
CCDLRC0=6 67 28 
CCDLRC1=6 67 28 
CCDLRC2=0 0 0 
[反馈数据]
0=6
1=33
2=19
3=4358
4=2100
5=1750
6=0
7=1
8=1
9=1
10=49
11=1585
12=1550
[控制固参]
0=0
