[CCD原图]
CCD0=54 61 67 67 73 76 80 77 81 77 79 76 79 76 78 76 78 76 79 77 80 78 76 76 81 78 82 79 81 80 81 80 82 81 84 83 85 82 84 83 85 79 77 75 83 114 135 137 141 139 140 141 139 138 143 139 145 143 144 145 147 137 149 142 146 143 143 143 145 142 143 144 146 140 145 142 145 142 144 142 145 140 143 140 142 138 139 142 140 138 136 134 136 133 135 135 137 133 135 134 134 130 132 129 130 131 131 131 128 125 117 91 79 75 78 79 82 80 82 79 81 80 81 80 81 80 83 81 
CCD1=0 0 0 0 0 0 0 0 0 0 0 0 0 0 0 0 0 0 0 0 0 0 0 0 0 0 0 0 0 0 0 0 0 0 0 0 0 0 0 0 0 0 0 0 0 0 0 0 0 0 0 0 0 0 0 0 0 0 0 0 0 0 0 0 0 0 0 0 0 0 0 0 0 0 0 0 0 0 0 0 0 0 0 0 0 0 0 0 0 0 0 0 0 0 0 0 0 0 0 0 0 0 0 0 0 0 0 0 0 0 0 0 0 0 0 0 0 0 0 0 0 0 0 0 0 0 0 0 
[CCD拟图]
CCDLRC0=44 111 77 
CCDLRC1=44 111 77 
CCDLRC2=0 0 0 
[反馈数据]
0=0
1=0
2=10
3=4117
4=2100
5=1750
6=0
7=1
8=0
9=0
10=227
11=1507
12=468
[控制固参]
0=0
