[CCD原图]
CCD0=53 61 66 66 73 74 78 75 78 75 77 74 77 74 76 76 78 76 79 77 80 77 76 77 81 78 79 72 73 72 87 117 127 129 131 130 135 130 135 134 134 133 137 134 139 134 137 138 140 138 140 139 137 137 141 137 143 141 142 143 145 135 147 140 144 142 141 142 143 140 142 141 144 137 142 138 141 138 141 141 143 137 142 139 140 138 139 141 139 138 138 136 138 134 136 135 136 129 128 108 85 76 78 77 79 79 82 81 82 80 82 79 81 78 81 78 81 79 80 78 80 79 80 78 80 79 83 81 
CCD1=0 0 0 0 0 0 0 0 0 0 0 0 0 0 0 0 0 0 0 0 0 0 0 0 0 0 0 0 0 0 0 0 0 0 0 0 0 0 0 0 0 0 0 0 0 0 0 0 0 0 0 0 0 0 0 0 0 0 0 0 0 0 0 0 0 0 0 0 0 0 0 0 0 0 0 0 0 0 0 0 0 0 0 0 0 0 0 0 0 0 0 0 0 0 0 0 0 0 0 0 0 0 0 0 0 0 0 0 0 0 0 0 0 0 0 0 0 0 0 0 0 0 0 0 0 0 0 0 
[CCD拟图]
CCDLRC0=30 101 65 
CCDLRC1=30 101 65 
CCDLRC2=0 0 0 
[反馈数据]
0=0
1=0
2=10
3=4117
4=2100
5=1750
6=0
7=1
8=0
9=0
10=252
11=1532
12=493
[控制固参]
0=0
