[CCD原图]
CCD0=52 58 63 62 67 66 69 67 69 66 69 66 68 66 69 67 68 67 71 69 72 69 70 70 73 71 74 72 75 73 75 73 75 74 76 74 76 74 77 75 76 75 77 75 78 76 78 77 79 77 79 77 78 76 79 77 80 78 79 78 80 76 80 77 80 77 79 78 80 78 80 79 81 78 80 78 80 78 80 78 80 77 80 79 80 78 79 78 80 78 79 77 80 77 79 78 81 77 80 78 79 77 79 77 78 77 78 75 75 73 74 71 73 72 75 76 84 87 96 98 103 104 107 106 106 111 117 117 
CCD1=0 0 0 0 0 0 0 0 0 0 0 0 0 0 0 0 0 0 0 0 0 0 0 0 0 0 0 0 0 0 0 0 0 0 0 0 0 0 0 0 0 0 0 0 0 0 0 0 0 0 0 0 0 0 0 0 0 0 0 0 0 0 0 0 0 0 0 0 0 0 0 0 0 0 0 0 0 0 0 0 0 0 0 0 0 0 0 0 0 0 0 0 0 0 0 0 0 0 0 0 0 0 0 0 0 0 0 0 0 0 0 0 0 0 0 0 0 0 0 0 0 0 0 0 0 0 0 0 
[CCD拟图]
CCDLRC0=6 122 122 
CCDLRC1=6 122 122 
CCDLRC2=0 0 0 
[反馈数据]
0=0
1=0
2=10
3=4117
4=2100
5=1750
6=0
7=1
8=0
9=0
10=41
11=1577
12=538
[控制固参]
0=0
