[CCD原图]
CCD0=55 62 68 67 74 75 80 78 79 76 85 88 97 100 109 112 114 115 119 118 123 120 113 121 131 130 133 129 130 126 126 125 126 126 129 127 131 125 131 130 130 129 132 129 134 131 133 134 138 136 138 139 136 136 141 137 142 143 145 147 149 141 155 148 151 149 148 148 149 146 147 146 148 142 146 143 144 141 136 126 119 106 101 92 88 86 88 88 89 87 88 86 87 85 87 85 88 84 86 85 86 82 85 82 84 82 85 84 84 82 84 82 84 82 84 82 84 82 85 82 84 83 85 82 83 83 86 84 
CCD1=0 0 0 0 0 0 0 0 0 0 0 0 0 0 0 0 0 0 0 0 0 0 0 0 0 0 0 0 0 0 0 0 0 0 0 0 0 0 0 0 0 0 0 0 0 0 0 0 0 0 0 0 0 0 0 0 0 0 0 0 0 0 0 0 0 0 0 0 0 0 0 0 0 0 0 0 0 0 0 0 0 0 0 0 0 0 0 0 0 0 0 0 0 0 0 0 0 0 0 0 0 0 0 0 0 0 0 0 0 0 0 0 0 0 0 0 0 0 0 0 0 0 0 0 0 0 0 0 
[CCD拟图]
CCDLRC0=17 91 54 
CCDLRC1=17 91 54 
CCDLRC2=0 0 0 
[反馈数据]
0=0
1=0
2=10
3=4117
4=2100
5=1750
6=0
7=1
8=0
9=0
10=72
11=1608
12=569
[控制固参]
0=0
