[CCD原图]
CCD0=59 69 78 85 102 114 128 128 133 127 128 122 123 118 120 118 118 116 120 117 121 117 110 116 123 120 123 121 125 123 124 124 126 126 128 127 131 127 131 132 132 131 136 137 143 142 145 146 148 145 145 142 138 135 138 132 136 134 135 131 123 103 99 85 86 85 87 88 91 88 90 88 91 87 90 87 90 88 90 88 91 87 90 87 88 85 88 87 88 86 86 85 87 85 87 86 88 85 87 86 87 84 87 84 86 84 86 85 86 83 85 82 85 81 84 81 84 82 84 81 82 79 80 77 77 75 76 74 
CCD1=0 0 0 0 0 0 0 0 0 0 0 0 0 0 0 0 0 0 0 0 0 0 0 0 0 0 0 0 0 0 0 0 0 0 0 0 0 0 0 0 0 0 0 0 0 0 0 0 0 0 0 0 0 0 0 0 0 0 0 0 0 0 0 0 0 0 0 0 0 0 0 0 0 0 0 0 0 0 0 0 0 0 0 0 0 0 0 0 0 0 0 0 0 0 0 0 0 0 0 0 0 0 0 0 0 0 0 0 0 0 0 0 0 0 0 0 0 0 0 0 0 0 0 0 0 0 0 0 
[CCD拟图]
CCDLRC0=6 69 32 
CCDLRC1=6 69 32 
CCDLRC2=0 0 0 
[反馈数据]
0=0
1=0
2=10
3=4117
4=2100
5=1750
6=0
7=1
8=0
9=0
10=76
11=1612
12=573
[控制固参]
0=0
