[CCD原图]
CCD0=53 59 64 64 70 70 72 68 72 71 74 72 74 71 74 72 74 74 77 75 77 75 75 76 79 77 80 77 80 78 80 78 80 79 81 79 79 76 79 86 116 126 131 131 137 134 137 138 142 141 143 143 141 142 145 140 145 142 143 142 144 132 145 137 141 140 140 140 141 140 142 141 143 137 142 139 142 140 141 139 143 137 141 138 140 137 139 142 141 141 141 139 142 139 143 143 143 139 141 139 138 133 135 130 130 131 131 123 95 80 80 79 84 82 85 82 84 83 84 83 84 82 84 82 82 84 87 85 
CCD1=0 0 0 0 0 0 0 0 0 0 0 0 0 0 0 0 0 0 0 0 0 0 0 0 0 0 0 0 0 0 0 0 0 0 0 0 0 0 0 0 0 0 0 0 0 0 0 0 0 0 0 0 0 0 0 0 0 0 0 0 0 0 0 0 0 0 0 0 0 0 0 0 0 0 0 0 0 0 0 0 0 0 0 0 0 0 0 0 0 0 0 0 0 0 0 0 0 0 0 0 0 0 0 0 0 0 0 0 0 0 0 0 0 0 0 0 0 0 0 0 0 0 0 0 0 0 0 0 
[CCD拟图]
CCDLRC0=37 109 73 
CCDLRC1=37 109 73 
CCDLRC2=0 0 0 
[反馈数据]
0=0
1=0
2=10
3=4117
4=2100
5=1750
6=0
7=1
8=0
9=0
10=124
11=1660
12=621
[控制固参]
0=0
