[CCD原图]
CCD0=53 60 65 64 69 69 74 69 71 67 72 72 74 72 74 73 75 73 76 74 77 74 74 74 78 76 79 77 80 78 80 79 81 79 82 80 82 77 76 75 77 76 93 119 134 133 138 139 143 143 145 144 142 143 147 142 147 144 145 144 145 135 146 139 143 139 139 140 141 138 141 139 143 136 141 137 140 138 141 139 142 136 140 137 139 136 137 139 137 136 137 137 140 139 142 142 143 139 142 141 140 134 136 133 131 130 130 128 119 97 80 77 78 76 79 81 85 83 84 82 84 82 84 82 83 83 87 85 
CCD1=0 0 0 0 0 0 0 0 0 0 0 0 0 0 0 0 0 0 0 0 0 0 0 0 0 0 0 0 0 0 0 0 0 0 0 0 0 0 0 0 0 0 0 0 0 0 0 0 0 0 0 0 0 0 0 0 0 0 0 0 0 0 0 0 0 0 0 0 0 0 0 0 0 0 0 0 0 0 0 0 0 0 0 0 0 0 0 0 0 0 0 0 0 0 0 0 0 0 0 0 0 0 0 0 0 0 0 0 0 0 0 0 0 0 0 0 0 0 0 0 0 0 0 0 0 0 0 0 
[CCD拟图]
CCDLRC0=40 110 75 
CCDLRC1=40 110 75 
CCDLRC2=0 0 0 
[反馈数据]
0=0
1=0
2=10
3=4117
4=2100
5=1750
6=0
7=1
8=0
9=0
10=128
11=1664
12=625
[控制固参]
0=0
