[CCD原图]
CCD0=53 59 64 63 68 67 71 69 71 68 71 69 70 67 68 66 70 71 74 72 75 73 72 73 76 74 76 75 77 76 77 76 78 77 80 78 81 79 81 81 83 81 83 82 85 79 80 80 87 120 139 142 140 140 143 139 144 142 143 143 145 135 147 138 142 139 138 136 136 133 136 134 136 131 137 135 138 137 138 137 140 136 140 137 138 136 137 139 137 136 136 134 136 133 136 136 137 133 137 136 135 131 133 131 130 132 132 133 129 128 129 127 128 123 126 120 119 105 83 75 77 79 84 83 83 83 87 86 
CCD1=0 0 0 0 0 0 0 0 0 0 0 0 0 0 0 0 0 0 0 0 0 0 0 0 0 0 0 0 0 0 0 0 0 0 0 0 0 0 0 0 0 0 0 0 0 0 0 0 0 0 0 0 0 0 0 0 0 0 0 0 0 0 0 0 0 0 0 0 0 0 0 0 0 0 0 0 0 0 0 0 0 0 0 0 0 0 0 0 0 0 0 0 0 0 0 0 0 0 0 0 0 0 0 0 0 0 0 0 0 0 0 0 0 0 0 0 0 0 0 0 0 0 0 0 0 0 0 0 
[CCD拟图]
CCDLRC0=47 119 83 
CCDLRC1=47 119 83 
CCDLRC2=0 0 0 
[反馈数据]
0=0
1=0
2=10
3=4117
4=2100
5=1750
6=0
7=1
8=0
9=0
10=147
11=1683
12=644
[控制固参]
0=0
