[CCD原图]
CCD0=53 59 64 63 68 67 71 68 71 69 71 69 71 68 69 66 69 70 74 72 75 72 72 72 76 74 77 75 78 75 77 75 78 77 80 79 82 78 81 80 83 81 84 82 83 79 80 77 80 95 131 136 133 134 138 132 138 137 139 137 140 131 142 134 139 137 136 135 136 134 135 134 137 132 136 133 136 134 136 135 137 132 136 134 135 133 134 136 133 133 131 129 131 128 131 131 133 128 132 131 131 127 130 127 127 128 129 129 126 124 124 123 124 118 121 115 115 93 81 77 80 81 84 83 84 84 87 86 
CCD1=0 0 0 0 0 0 0 0 0 0 0 0 0 0 0 0 0 0 0 0 0 0 0 0 0 0 0 0 0 0 0 0 0 0 0 0 0 0 0 0 0 0 0 0 0 0 0 0 0 0 0 0 0 0 0 0 0 0 0 0 0 0 0 0 0 0 0 0 0 0 0 0 0 0 0 0 0 0 0 0 0 0 0 0 0 0 0 0 0 0 0 0 0 0 0 0 0 0 0 0 0 0 0 0 0 0 0 0 0 0 0 0 0 0 0 0 0 0 0 0 0 0 0 0 0 0 0 0 
[CCD拟图]
CCDLRC0=48 117 82 
CCDLRC1=48 117 82 
CCDLRC2=0 0 0 
[反馈数据]
0=0
1=0
2=10
3=4117
4=2100
5=1750
6=0
7=1
8=0
9=0
10=154
11=1690
12=651
[控制固参]
0=0
