[CCD原图]
CCD0=52 59 64 63 67 68 71 69 71 69 71 69 71 66 68 68 72 71 73 71 74 71 72 73 76 74 77 75 78 76 78 77 78 78 81 79 82 80 83 82 83 81 81 75 78 76 79 93 127 133 136 135 134 132 137 133 138 135 136 136 137 128 139 132 136 133 133 133 135 132 136 134 137 131 136 133 136 135 136 135 138 132 137 134 135 134 135 139 137 136 135 134 138 135 138 140 141 134 135 131 129 124 126 124 124 125 125 127 124 122 123 121 122 116 120 115 105 84 82 80 83 83 85 83 84 84 87 85 
CCD1=0 0 0 0 0 0 0 0 0 0 0 0 0 0 0 0 0 0 0 0 0 0 0 0 0 0 0 0 0 0 0 0 0 0 0 0 0 0 0 0 0 0 0 0 0 0 0 0 0 0 0 0 0 0 0 0 0 0 0 0 0 0 0 0 0 0 0 0 0 0 0 0 0 0 0 0 0 0 0 0 0 0 0 0 0 0 0 0 0 0 0 0 0 0 0 0 0 0 0 0 0 0 0 0 0 0 0 0 0 0 0 0 0 0 0 0 0 0 0 0 0 0 0 0 0 0 0 0 
[CCD拟图]
CCDLRC0=47 119 83 
CCDLRC1=47 119 83 
CCDLRC2=0 0 0 
[反馈数据]
0=0
1=0
2=10
3=4117
4=2100
5=1750
6=0
7=1
8=0
9=0
10=158
11=1694
12=655
[控制固参]
0=0
