[CCD原图]
CCD0=53 59 64 63 68 68 71 69 71 68 69 68 72 70 74 72 74 73 76 74 76 72 71 71 74 77 103 113 118 117 118 119 121 121 124 124 129 125 129 128 129 127 130 128 131 128 131 131 135 134 136 136 134 133 137 132 136 134 135 135 137 128 140 133 138 135 135 135 136 133 136 135 137 132 136 133 135 133 135 134 137 133 138 134 136 134 135 138 135 135 132 129 130 120 109 95 87 81 84 84 86 83 85 82 83 81 83 82 83 82 84 81 84 81 84 80 83 82 84 81 83 81 84 81 82 82 85 83 
CCD1=0 0 0 0 0 0 0 0 0 0 0 0 0 0 0 0 0 0 0 0 0 0 0 0 0 0 0 0 0 0 0 0 0 0 0 0 0 0 0 0 0 0 0 0 0 0 0 0 0 0 0 0 0 0 0 0 0 0 0 0 0 0 0 0 0 0 0 0 0 0 0 0 0 0 0 0 0 0 0 0 0 0 0 0 0 0 0 0 0 0 0 0 0 0 0 0 0 0 0 0 0 0 0 0 0 0 0 0 0 0 0 0 0 0 0 0 0 0 0 0 0 0 0 0 0 0 0 0 
[CCD拟图]
CCDLRC0=25 101 63 
CCDLRC1=25 101 63 
CCDLRC2=0 0 0 
[反馈数据]
0=0
1=0
2=10
3=4117
4=2100
5=1750
6=0
7=1
8=0
9=0
10=173
11=1709
12=670
[控制固参]
0=0
