[CCD原图]
CCD0=53 60 65 63 68 68 72 69 72 70 71 67 69 68 73 72 74 72 75 73 76 73 73 74 77 76 78 75 79 77 78 74 77 76 79 78 81 78 80 78 80 86 117 138 151 150 152 150 147 140 137 134 131 129 132 127 132 130 132 132 133 125 137 131 135 133 132 133 134 132 135 133 136 131 135 133 135 135 137 140 146 143 149 147 148 144 143 142 138 134 132 129 130 126 128 127 128 123 126 125 125 120 123 120 119 120 120 120 118 107 90 80 81 80 84 83 85 83 86 84 86 85 86 83 84 84 86 85 
CCD1=0 0 0 0 0 0 0 0 0 0 0 0 0 0 0 0 0 0 0 0 0 0 0 0 0 0 0 0 0 0 0 0 0 0 0 0 0 0 0 0 0 0 0 0 0 0 0 0 0 0 0 0 0 0 0 0 0 0 0 0 0 0 0 0 0 0 0 0 0 0 0 0 0 0 0 0 0 0 0 0 0 0 0 0 0 0 0 0 0 0 0 0 0 0 0 0 0 0 0 0 0 0 0 0 0 0 0 0 0 0 0 0 0 0 0 0 0 0 0 0 0 0 0 0 0 0 0 0 
[CCD拟图]
CCDLRC0=43 111 77 
CCDLRC1=43 111 77 
CCDLRC2=0 0 0 
[反馈数据]
0=0
1=0
2=10
3=4117
4=2100
5=1750
6=0
7=1
8=0
9=0
10=199
11=1735
12=696
[控制固参]
0=0
