[CCD原图]
CCD0=53 60 65 64 68 67 68 66 72 71 73 71 72 69 73 70 71 69 73 74 97 111 106 113 120 118 122 119 124 122 123 123 126 126 127 127 131 127 133 135 136 134 136 133 137 132 134 133 136 136 136 136 133 132 136 131 134 134 136 135 138 129 141 135 138 136 135 136 136 133 135 134 137 132 137 135 137 136 138 137 141 136 141 138 140 138 138 136 104 83 82 80 86 84 87 85 86 84 85 84 85 81 84 82 83 82 83 81 83 81 82 80 82 80 82 80 83 81 83 82 84 82 85 82 83 83 86 85 
CCD1=0 0 0 0 0 0 0 0 0 0 0 0 0 0 0 0 0 0 0 0 0 0 0 0 0 0 0 0 0 0 0 0 0 0 0 0 0 0 0 0 0 0 0 0 0 0 0 0 0 0 0 0 0 0 0 0 0 0 0 0 0 0 0 0 0 0 0 0 0 0 0 0 0 0 0 0 0 0 0 0 0 0 0 0 0 0 0 0 0 0 0 0 0 0 0 0 0 0 0 0 0 0 0 0 0 0 0 0 0 0 0 0 0 0 0 0 0 0 0 0 0 0 0 0 0 0 0 0 
[CCD拟图]
CCDLRC0=19 90 54 
CCDLRC1=19 90 54 
CCDLRC2=0 0 0 
[反馈数据]
0=0
1=0
2=10
3=4117
4=2100
5=1750
6=0
7=1
8=0
9=0
10=218
11=1754
12=715
[控制固参]
0=0
