[CCD原图]
CCD0=53 59 64 63 68 67 70 66 69 69 73 71 73 71 73 72 73 72 74 72 75 72 73 83 105 113 119 119 122 120 122 122 124 124 126 126 130 126 131 131 130 129 134 132 137 133 136 135 138 135 136 135 132 131 135 131 136 134 136 136 137 128 139 132 137 135 134 135 136 132 135 134 136 130 136 133 137 134 137 136 138 135 139 137 140 138 139 142 138 136 130 107 88 79 81 80 85 81 84 81 82 79 81 81 82 82 83 81 82 81 83 81 83 80 83 80 82 81 83 81 83 82 85 82 84 83 86 84 
CCD1=0 0 0 0 0 0 0 0 0 0 0 0 0 0 0 0 0 0 0 0 0 0 0 0 0 0 0 0 0 0 0 0 0 0 0 0 0 0 0 0 0 0 0 0 0 0 0 0 0 0 0 0 0 0 0 0 0 0 0 0 0 0 0 0 0 0 0 0 0 0 0 0 0 0 0 0 0 0 0 0 0 0 0 0 0 0 0 0 0 0 0 0 0 0 0 0 0 0 0 0 0 0 0 0 0 0 0 0 0 0 0 0 0 0 0 0 0 0 0 0 0 0 0 0 0 0 0 0 
[CCD拟图]
CCDLRC0=22 91 56 
CCDLRC1=22 91 56 
CCDLRC2=0 0 0 
[反馈数据]
0=0
1=0
2=10
3=4117
4=2100
5=1750
6=0
7=1
8=0
9=0
10=222
11=1758
12=719
[控制固参]
0=0
