[CCD原图]
CCD0=52 60 64 63 68 67 69 66 72 70 73 70 73 71 73 71 73 72 75 73 76 74 73 74 78 75 79 77 79 78 80 78 81 80 83 79 77 73 75 74 79 100 126 128 133 130 131 131 133 131 132 131 129 129 133 129 134 132 133 134 136 128 139 133 136 135 135 135 137 134 137 136 139 133 138 134 138 136 138 137 139 133 138 135 135 133 135 138 135 135 134 132 134 131 133 133 134 129 132 130 130 125 128 124 124 123 120 113 95 78 78 76 78 76 81 79 82 81 82 80 82 80 83 80 82 82 86 84 
CCD1=0 0 0 0 0 0 0 0 0 0 0 0 0 0 0 0 0 0 0 0 0 0 0 0 0 0 0 0 0 0 0 0 0 0 0 0 0 0 0 0 0 0 0 0 0 0 0 0 0 0 0 0 0 0 0 0 0 0 0 0 0 0 0 0 0 0 0 0 0 0 0 0 0 0 0 0 0 0 0 0 0 0 0 0 0 0 0 0 0 0 0 0 0 0 0 0 0 0 0 0 0 0 0 0 0 0 0 0 0 0 0 0 0 0 0 0 0 0 0 0 0 0 0 0 0 0 0 0 
[CCD拟图]
CCDLRC0=38 108 73 
CCDLRC1=38 108 73 
CCDLRC2=0 0 0 
[反馈数据]
0=0
1=0
2=10
3=4117
4=2100
5=1750
6=0
7=1
8=0
9=0
10=231
11=1767
12=728
[控制固参]
0=0
