[CCD原图]
CCD0=53 59 64 63 68 68 73 71 74 71 74 71 73 71 74 73 74 70 73 72 84 97 99 104 111 109 113 111 114 112 113 113 115 116 118 118 122 118 123 122 123 121 124 122 126 123 125 124 128 126 127 127 126 124 128 124 129 127 130 129 132 122 134 127 131 129 128 128 129 127 129 127 129 124 128 125 128 125 127 125 128 123 127 124 127 126 128 128 126 123 114 99 89 78 78 76 80 79 82 81 82 79 82 80 81 79 80 79 80 78 80 78 79 76 79 76 79 78 79 78 79 78 79 77 79 79 82 80 
CCD1=0 0 0 0 0 0 0 0 0 0 0 0 0 0 0 0 0 0 0 0 0 0 0 0 0 0 0 0 0 0 0 0 0 0 0 0 0 0 0 0 0 0 0 0 0 0 0 0 0 0 0 0 0 0 0 0 0 0 0 0 0 0 0 0 0 0 0 0 0 0 0 0 0 0 0 0 0 0 0 0 0 0 0 0 0 0 0 0 0 0 0 0 0 0 0 0 0 0 0 0 0 0 0 0 0 0 0 0 0 0 0 0 0 0 0 0 0 0 0 0 0 0 0 0 0 0 0 0 
[CCD拟图]
CCDLRC0=20 91 55 
CCDLRC1=20 91 55 
CCDLRC2=0 0 0 
[反馈数据]
0=0
1=0
2=10
3=4117
4=2100
5=1750
6=0
7=1
8=0
9=0
10=4
11=1796
12=757
[控制固参]
0=0
