[CCD原图]
CCD0=53 58 63 61 65 64 70 68 70 68 70 68 71 69 71 70 72 70 73 71 73 70 71 70 74 73 76 75 77 75 77 76 79 77 79 73 76 73 82 104 116 117 121 118 122 118 121 120 122 120 121 120 119 118 121 116 120 118 120 120 123 116 126 119 124 122 122 123 124 121 124 123 125 120 124 121 125 122 123 121 124 120 124 121 123 120 122 124 124 123 123 120 123 120 123 122 123 119 122 120 120 116 118 113 113 107 89 78 77 75 78 78 80 77 80 77 79 78 79 78 79 78 79 77 78 78 81 79 
CCD1=0 0 0 0 0 0 0 0 0 0 0 0 0 0 0 0 0 0 0 0 0 0 0 0 0 0 0 0 0 0 0 0 0 0 0 0 0 0 0 0 0 0 0 0 0 0 0 0 0 0 0 0 0 0 0 0 0 0 0 0 0 0 0 0 0 0 0 0 0 0 0 0 0 0 0 0 0 0 0 0 0 0 0 0 0 0 0 0 0 0 0 0 0 0 0 0 0 0 0 0 0 0 0 0 0 0 0 0 0 0 0 0 0 0 0 0 0 0 0 0 0 0 0 0 0 0 0 0 
[CCD拟图]
CCDLRC0=37 107 72 
CCDLRC1=37 107 72 
CCDLRC2=0 0 0 
[反馈数据]
0=0
1=0
2=10
3=4117
4=2100
5=1750
6=0
7=1
8=0
9=0
10=12
11=1804
12=765
[控制固参]
0=0
