[CCD原图]
CCD0=52 58 63 61 67 65 69 66 68 66 68 66 68 66 69 67 68 67 70 69 71 69 69 68 72 70 72 70 72 70 72 71 73 71 74 72 74 71 74 72 74 73 74 71 74 72 73 72 74 73 76 73 73 71 74 72 76 80 90 98 109 110 123 118 123 121 121 121 122 119 123 120 123 117 123 119 122 120 121 120 122 117 121 119 121 118 119 121 118 117 118 114 118 115 118 117 118 114 117 115 116 111 115 111 112 113 114 114 112 111 112 111 112 106 111 107 111 109 110 107 109 107 110 108 108 111 115 113 
CCD1=0 0 0 0 0 0 0 0 0 0 0 0 0 0 0 0 0 0 0 0 0 0 0 0 0 0 0 0 0 0 0 0 0 0 0 0 0 0 0 0 0 0 0 0 0 0 0 0 0 0 0 0 0 0 0 0 0 0 0 0 0 0 0 0 0 0 0 0 0 0 0 0 0 0 0 0 0 0 0 0 0 0 0 0 0 0 0 0 0 0 0 0 0 0 0 0 0 0 0 0 0 0 0 0 0 0 0 0 0 0 0 0 0 0 0 0 0 0 0 0 0 0 0 0 0 0 0 0 
[CCD拟图]
CCDLRC0=51 122 88 
CCDLRC1=51 122 88 
CCDLRC2=0 0 0 
[反馈数据]
0=0
1=0
2=10
3=4117
4=2100
5=1750
6=0
7=1
8=0
9=0
10=59
11=1851
12=812
[控制固参]
0=0
