[CCD原图]
CCD0=51 57 62 61 65 65 68 66 68 65 68 65 68 66 69 66 67 65 68 66 69 66 67 67 69 67 70 67 69 67 69 67 69 68 71 69 71 68 71 69 72 70 72 70 73 70 72 70 72 71 74 72 73 72 75 73 75 73 75 74 76 73 76 74 76 74 76 75 76 74 77 74 77 74 77 74 77 74 76 73 75 73 76 77 84 86 94 100 106 111 113 111 114 112 115 114 116 112 116 113 114 110 113 110 110 111 112 112 111 109 110 108 110 104 109 105 108 107 108 105 107 106 108 105 105 108 112 110 
CCD1=0 0 0 0 0 0 0 0 0 0 0 0 0 0 0 0 0 0 0 0 0 0 0 0 0 0 0 0 0 0 0 0 0 0 0 0 0 0 0 0 0 0 0 0 0 0 0 0 0 0 0 0 0 0 0 0 0 0 0 0 0 0 0 0 0 0 0 0 0 0 0 0 0 0 0 0 0 0 0 0 0 0 0 0 0 0 0 0 0 0 0 0 0 0 0 0 0 0 0 0 0 0 0 0 0 0 0 0 0 0 0 0 0 0 0 0 0 0 0 0 0 0 0 0 0 0 0 0 
[CCD拟图]
CCDLRC0=6 122 102 
CCDLRC1=6 122 102 
CCDLRC2=0 0 0 
[反馈数据]
0=0
1=0
2=10
3=4117
4=2100
5=1750
6=0
7=1
8=0
9=0
10=65
11=1857
12=818
[控制固参]
0=0
