[CCD原图]
CCD0=51 58 62 61 65 64 68 65 68 65 68 65 67 64 67 65 66 65 67 66 67 65 66 65 68 66 68 66 68 67 68 66 69 67 69 67 70 68 70 68 70 68 71 69 71 69 72 69 71 70 72 71 72 69 73 70 73 71 73 71 73 70 74 72 74 72 73 72 73 71 74 72 74 71 74 71 74 72 74 72 75 72 74 72 74 72 74 72 73 72 74 72 74 72 74 72 73 72 74 72 73 71 73 71 72 70 72 70 70 69 70 69 71 69 72 73 81 85 93 95 101 103 105 103 103 107 110 108 
CCD1=0 0 0 0 0 0 0 0 0 0 0 0 0 0 0 0 0 0 0 0 0 0 0 0 0 0 0 0 0 0 0 0 0 0 0 0 0 0 0 0 0 0 0 0 0 0 0 0 0 0 0 0 0 0 0 0 0 0 0 0 0 0 0 0 0 0 0 0 0 0 0 0 0 0 0 0 0 0 0 0 0 0 0 0 0 0 0 0 0 0 0 0 0 0 0 0 0 0 0 0 0 0 0 0 0 0 0 0 0 0 0 0 0 0 0 0 0 0 0 0 0 0 0 0 0 0 0 0 
[CCD拟图]
CCDLRC0=6 122 122 
CCDLRC1=6 122 122 
CCDLRC2=0 0 0 
[反馈数据]
0=0
1=0
2=10
3=4117
4=2100
5=1750
6=0
7=1
8=0
9=0
10=72
11=1864
12=825
[控制固参]
0=0
