[CCD原图]
CCD0=51 57 62 61 64 63 66 64 66 64 66 64 66 64 66 64 66 64 67 65 67 65 66 65 68 66 68 66 68 66 68 66 68 67 69 67 69 66 69 67 69 68 70 67 70 68 70 69 70 69 71 70 70 68 71 69 72 70 72 70 73 70 73 70 72 70 72 70 72 70 72 71 73 70 73 70 72 70 72 70 72 70 72 70 72 70 72 70 72 70 71 70 72 69 72 70 72 70 72 70 72 70 72 70 72 70 72 70 71 69 71 69 71 69 71 69 72 69 71 69 71 69 71 69 71 69 71 69 
CCD1=0 0 0 0 0 0 0 0 0 0 0 0 0 0 0 0 0 0 0 0 0 0 0 0 0 0 0 0 0 0 0 0 0 0 0 0 0 0 0 0 0 0 0 0 0 0 0 0 0 0 0 0 0 0 0 0 0 0 0 0 0 0 0 0 0 0 0 0 0 0 0 0 0 0 0 0 0 0 0 0 0 0 0 0 0 0 0 0 0 0 0 0 0 0 0 0 0 0 0 0 0 0 0 0 0 0 0 0 0 0 0 0 0 0 0 0 0 0 0 0 0 0 0 0 0 0 0 0 
[CCD拟图]
CCDLRC0=6 122 118 
CCDLRC1=6 122 118 
CCDLRC2=0 0 0 
[反馈数据]
0=0
1=0
2=10
3=4117
4=2100
5=1750
6=0
7=1
8=0
9=0
10=82
11=1874
12=835
[控制固参]
0=0
