[CCD原图]
CCD0=61 71 82 91 112 124 136 132 136 129 131 128 131 126 128 127 128 127 131 127 131 127 118 125 132 130 132 131 134 131 132 131 134 134 137 136 139 134 139 138 139 137 141 139 144 141 143 145 148 148 149 150 148 148 153 148 152 150 150 149 150 127 105 87 88 85 89 89 90 88 90 89 90 86 89 86 89 87 88 86 88 85 88 86 87 85 87 86 88 86 87 85 87 85 88 87 89 85 87 85 86 83 86 84 84 83 85 84 85 83 84 83 85 81 84 81 83 81 83 80 80 74 74 70 73 74 79 83 
CCD1=0 0 0 0 0 0 0 0 0 0 0 0 0 0 0 0 0 0 0 0 0 0 0 0 0 0 0 0 0 0 0 0 0 0 0 0 0 0 0 0 0 0 0 0 0 0 0 0 0 0 0 0 0 0 0 0 0 0 0 0 0 0 0 0 0 0 0 0 0 0 0 0 0 0 0 0 0 0 0 0 0 0 0 0 0 0 0 0 0 0 0 0 0 0 0 0 0 0 0 0 0 0 0 0 0 0 0 0 0 0 0 0 0 0 0 0 0 0 0 0 0 0 0 0 0 0 0 0 
[CCD拟图]
CCDLRC0=6 62 28 
CCDLRC1=6 62 28 
CCDLRC2=0 0 0 
[反馈数据]
0=0
1=0
2=10
3=4117
4=2100
5=1750
6=0
7=1
8=0
9=0
10=101
11=1381
12=342
[控制固参]
0=0
