[CCD原图]
CCD0=51 58 62 61 65 64 67 65 67 65 67 65 67 65 67 65 66 64 67 65 68 65 66 65 68 66 68 66 67 66 68 66 68 66 69 67 69 67 69 67 68 66 69 67 70 67 69 68 70 68 70 68 69 68 70 67 70 68 70 69 71 68 71 69 70 68 70 68 70 68 69 68 70 67 70 68 71 70 72 70 73 71 73 71 72 70 73 71 72 70 72 70 72 70 73 71 73 71 74 72 73 71 73 71 73 70 73 71 73 72 73 72 74 72 74 72 75 74 74 72 73 71 77 82 90 100 107 107 
CCD1=0 0 0 0 0 0 0 0 0 0 0 0 0 0 0 0 0 0 0 0 0 0 0 0 0 0 0 0 0 0 0 0 0 0 0 0 0 0 0 0 0 0 0 0 0 0 0 0 0 0 0 0 0 0 0 0 0 0 0 0 0 0 0 0 0 0 0 0 0 0 0 0 0 0 0 0 0 0 0 0 0 0 0 0 0 0 0 0 0 0 0 0 0 0 0 0 0 0 0 0 0 0 0 0 0 0 0 0 0 0 0 0 0 0 0 0 0 0 0 0 0 0 0 0 0 0 0 0 
[CCD拟图]
CCDLRC0=6 122 118 
CCDLRC1=6 122 118 
CCDLRC2=0 0 0 
[反馈数据]
0=0
1=0
2=10
3=4117
4=2100
5=1750
6=0
7=1
8=0
9=0
10=90
11=1882
12=843
[控制固参]
0=0
