[CCD原图]
CCD0=53 59 65 63 69 69 73 70 73 70 73 70 73 70 73 71 73 72 74 72 75 73 73 73 75 71 74 74 100 110 112 111 113 114 117 116 120 115 120 119 119 118 121 118 121 116 116 114 116 113 114 117 119 119 125 121 126 125 128 128 131 123 134 129 133 131 130 131 133 130 132 128 125 119 126 127 132 131 133 133 135 129 133 131 132 130 129 132 130 128 126 123 122 113 102 83 78 74 76 76 80 79 83 81 82 81 82 82 82 80 82 80 82 79 81 78 81 80 82 79 80 79 81 78 80 79 82 81 
CCD1=0 0 0 0 0 0 0 0 0 0 0 0 0 0 0 0 0 0 0 0 0 0 0 0 0 0 0 0 0 0 0 0 0 0 0 0 0 0 0 0 0 0 0 0 0 0 0 0 0 0 0 0 0 0 0 0 0 0 0 0 0 0 0 0 0 0 0 0 0 0 0 0 0 0 0 0 0 0 0 0 0 0 0 0 0 0 0 0 0 0 0 0 0 0 0 0 0 0 0 0 0 0 0 0 0 0 0 0 0 0 0 0 0 0 0 0 0 0 0 0 0 0 0 0 0 0 0 0 
[CCD拟图]
CCDLRC0=27 99 63 
CCDLRC1=27 99 63 
CCDLRC2=0 0 0 
[反馈数据]
0=0
1=0
2=10
3=4117
4=2100
5=1750
6=0
7=1
8=0
9=0
10=154
11=1946
12=907
[控制固参]
0=0
