[CCD原图]
CCD0=53 60 64 63 67 67 72 71 74 70 73 71 74 86 107 109 109 108 113 111 116 114 108 113 120 118 120 117 119 116 117 116 117 115 115 112 114 111 117 118 119 118 122 120 125 121 124 124 126 125 126 126 124 124 127 122 124 122 123 124 127 121 134 130 134 134 136 138 140 138 141 141 145 138 143 140 143 140 140 135 131 104 83 75 77 76 78 79 84 83 84 82 85 82 85 83 84 82 84 83 84 80 83 81 82 81 82 81 82 81 82 79 82 78 82 79 81 80 81 79 81 79 81 78 80 80 83 81 
CCD1=0 0 0 0 0 0 0 0 0 0 0 0 0 0 0 0 0 0 0 0 0 0 0 0 0 0 0 0 0 0 0 0 0 0 0 0 0 0 0 0 0 0 0 0 0 0 0 0 0 0 0 0 0 0 0 0 0 0 0 0 0 0 0 0 0 0 0 0 0 0 0 0 0 0 0 0 0 0 0 0 0 0 0 0 0 0 0 0 0 0 0 0 0 0 0 0 0 0 0 0 0 0 0 0 0 0 0 0 0 0 0 0 0 0 0 0 0 0 0 0 0 0 0 0 0 0 0 0 
[CCD拟图]
CCDLRC0=13 83 48 
CCDLRC1=13 83 48 
CCDLRC2=0 0 0 
[反馈数据]
0=0
1=0
2=10
3=4117
4=2100
5=1750
6=0
7=1
8=0
9=0
10=178
11=1970
12=931
[控制固参]
0=0
