[CCD原图]
CCD0=53 60 65 65 70 69 72 69 72 70 72 70 79 91 99 100 102 102 106 104 108 106 100 106 112 110 113 111 114 112 113 113 114 113 116 114 117 114 118 117 119 117 120 118 123 119 122 122 126 123 124 124 123 121 125 120 125 124 126 127 130 122 133 125 130 128 127 127 129 127 130 131 133 128 132 129 128 110 86 78 80 77 80 82 85 83 85 84 85 84 85 83 84 82 84 82 84 81 83 82 84 80 82 79 81 80 82 81 81 80 81 79 81 78 80 79 80 79 81 78 80 78 80 78 80 80 82 81 
CCD1=0 0 0 0 0 0 0 0 0 0 0 0 0 0 0 0 0 0 0 0 0 0 0 0 0 0 0 0 0 0 0 0 0 0 0 0 0 0 0 0 0 0 0 0 0 0 0 0 0 0 0 0 0 0 0 0 0 0 0 0 0 0 0 0 0 0 0 0 0 0 0 0 0 0 0 0 0 0 0 0 0 0 0 0 0 0 0 0 0 0 0 0 0 0 0 0 0 0 0 0 0 0 0 0 0 0 0 0 0 0 0 0 0 0 0 0 0 0 0 0 0 0 0 0 0 0 0 0 
[CCD拟图]
CCDLRC0=11 78 44 
CCDLRC1=11 78 44 
CCDLRC2=0 0 0 
[反馈数据]
0=0
1=0
2=10
3=4117
4=2100
5=1750
6=0
7=1
8=0
9=0
10=215
11=2007
12=968
[控制固参]
0=0
