[CCD原图]
CCD0=53 59 65 64 69 69 73 70 71 68 72 72 74 72 75 73 75 72 73 71 79 90 98 106 114 113 116 115 118 115 117 117 119 119 121 121 124 119 124 123 122 121 124 121 127 124 127 128 131 128 132 131 130 130 134 130 134 133 135 134 136 127 139 132 135 133 132 132 133 130 133 131 133 128 134 131 133 132 133 132 135 129 133 131 133 131 133 136 126 95 87 84 85 83 85 84 85 82 84 82 84 81 83 80 82 81 82 80 81 80 81 79 81 79 80 78 80 79 80 78 81 79 81 78 80 80 82 81 
CCD1=0 0 0 0 0 0 0 0 0 0 0 0 0 0 0 0 0 0 0 0 0 0 0 0 0 0 0 0 0 0 0 0 0 0 0 0 0 0 0 0 0 0 0 0 0 0 0 0 0 0 0 0 0 0 0 0 0 0 0 0 0 0 0 0 0 0 0 0 0 0 0 0 0 0 0 0 0 0 0 0 0 0 0 0 0 0 0 0 0 0 0 0 0 0 0 0 0 0 0 0 0 0 0 0 0 0 0 0 0 0 0 0 0 0 0 0 0 0 0 0 0 0 0 0 0 0 0 0 
[CCD拟图]
CCDLRC0=19 122 70 
CCDLRC1=19 122 70 
CCDLRC2=0 0 0 
[反馈数据]
0=0
1=0
2=10
3=4117
4=2100
5=1750
6=0
7=1
8=0
9=0
10=245
11=2037
12=998
[控制固参]
0=0
