[CCD原图]
CCD0=53 59 64 64 71 72 76 73 75 72 74 72 74 72 74 72 73 72 74 72 74 72 71 71 74 73 75 73 75 73 75 73 75 74 76 75 77 74 77 75 77 75 78 76 78 76 79 77 80 79 81 78 81 78 81 79 82 80 82 81 83 79 83 80 82 80 81 80 82 80 83 80 82 79 80 76 78 77 78 79 85 89 100 108 118 121 128 132 132 132 130 128 131 128 131 131 132 127 129 128 128 124 126 123 123 124 124 124 122 121 121 119 120 116 120 116 119 118 119 116 117 117 119 116 115 120 125 124 
CCD1=0 0 0 0 0 0 0 0 0 0 0 0 0 0 0 0 0 0 0 0 0 0 0 0 0 0 0 0 0 0 0 0 0 0 0 0 0 0 0 0 0 0 0 0 0 0 0 0 0 0 0 0 0 0 0 0 0 0 0 0 0 0 0 0 0 0 0 0 0 0 0 0 0 0 0 0 0 0 0 0 0 0 0 0 0 0 0 0 0 0 0 0 0 0 0 0 0 0 0 0 0 0 0 0 0 0 0 0 0 0 0 0 0 0 0 0 0 0 0 0 0 0 0 0 0 0 0 0 
[CCD拟图]
CCDLRC0=73 122 111 
CCDLRC1=73 122 111 
CCDLRC2=0 0 0 
[反馈数据]
0=0
1=0
2=10
3=4117
4=2100
5=1750
6=0
7=1
8=0
9=0
10=14
11=2062
12=1023
[控制固参]
0=0
