[CCD原图]
CCD0=55 62 68 69 76 78 84 81 83 80 83 80 83 79 79 76 77 75 83 97 116 119 112 122 134 137 144 146 154 152 149 143 140 135 134 132 135 130 134 133 132 131 134 133 137 133 135 135 138 137 139 139 137 137 140 136 143 141 141 141 144 135 147 141 146 145 144 145 147 144 147 147 149 144 150 147 147 143 144 141 142 130 112 87 84 82 87 86 87 86 86 84 86 83 85 84 85 82 85 82 83 81 83 81 82 80 83 81 82 81 82 80 82 80 82 79 82 80 82 81 82 80 82 80 81 81 85 82 
CCD1=0 0 0 0 0 0 0 0 0 0 0 0 0 0 0 0 0 0 0 0 0 0 0 0 0 0 0 0 0 0 0 0 0 0 0 0 0 0 0 0 0 0 0 0 0 0 0 0 0 0 0 0 0 0 0 0 0 0 0 0 0 0 0 0 0 0 0 0 0 0 0 0 0 0 0 0 0 0 0 0 0 0 0 0 0 0 0 0 0 0 0 0 0 0 0 0 0 0 0 0 0 0 0 0 0 0 0 0 0 0 0 0 0 0 0 0 0 0 0 0 0 0 0 0 0 0 0 0 
[CCD拟图]
CCDLRC0=17 82 49 
CCDLRC1=17 82 49 
CCDLRC2=0 0 0 
[反馈数据]
0=0
1=0
2=10
3=4117
4=2100
5=1750
6=0
7=1
8=0
9=0
10=125
11=1405
12=366
[控制固参]
0=0
