[CCD原图]
CCD0=53 61 67 67 75 76 82 78 81 77 79 76 78 73 76 73 75 72 76 74 77 75 74 75 79 77 80 78 81 79 80 79 81 80 81 80 82 79 83 80 83 80 83 81 85 81 84 83 85 83 85 83 84 83 85 83 86 84 86 85 87 83 88 84 87 85 86 85 86 84 88 85 87 84 87 84 86 85 87 85 87 85 87 85 87 85 87 85 87 85 86 83 85 80 81 77 78 75 77 76 80 82 91 97 105 114 122 126 127 128 129 129 131 125 131 127 130 129 130 127 128 128 130 126 123 126 133 134 
CCD1=0 0 0 0 0 0 0 0 0 0 0 0 0 0 0 0 0 0 0 0 0 0 0 0 0 0 0 0 0 0 0 0 0 0 0 0 0 0 0 0 0 0 0 0 0 0 0 0 0 0 0 0 0 0 0 0 0 0 0 0 0 0 0 0 0 0 0 0 0 0 0 0 0 0 0 0 0 0 0 0 0 0 0 0 0 0 0 0 0 0 0 0 0 0 0 0 0 0 0 0 0 0 0 0 0 0 0 0 0 0 0 0 0 0 0 0 0 0 0 0 0 0 0 0 0 0 0 0 
[CCD拟图]
CCDLRC0=6 122 64 
CCDLRC1=6 122 64 
CCDLRC2=0 0 0 
[反馈数据]
0=0
1=0
2=10
3=4117
4=2100
5=1750
6=0
7=1
8=0
9=0
10=78
11=2126
12=1087
[控制固参]
0=0
