[CCD原图]
CCD0=54 61 66 66 73 74 79 76 78 75 78 75 78 75 78 76 77 76 79 77 79 76 76 76 80 78 80 78 81 80 80 80 81 79 81 80 83 79 83 81 82 80 83 81 84 81 84 82 84 83 86 84 84 83 85 83 86 84 86 85 87 82 87 84 87 84 86 85 86 84 86 84 86 82 86 83 86 84 86 84 86 83 86 84 85 83 85 84 85 84 85 83 85 82 85 83 85 82 84 82 84 82 83 81 81 78 78 75 76 74 77 79 92 101 116 118 125 125 127 125 126 125 127 125 123 129 133 132 
CCD1=0 0 0 0 0 0 0 0 0 0 0 0 0 0 0 0 0 0 0 0 0 0 0 0 0 0 0 0 0 0 0 0 0 0 0 0 0 0 0 0 0 0 0 0 0 0 0 0 0 0 0 0 0 0 0 0 0 0 0 0 0 0 0 0 0 0 0 0 0 0 0 0 0 0 0 0 0 0 0 0 0 0 0 0 0 0 0 0 0 0 0 0 0 0 0 0 0 0 0 0 0 0 0 0 0 0 0 0 0 0 0 0 0 0 0 0 0 0 0 0 0 0 0 0 0 0 0 0 
[CCD拟图]
CCDLRC0=6 104 55 
CCDLRC1=6 104 55 
CCDLRC2=0 0 0 
[反馈数据]
0=0
1=0
2=10
3=4117
4=2100
5=1750
6=0
7=1
8=0
9=0
10=97
11=2145
12=1106
[控制固参]
0=0
