[CCD原图]
CCD0=54 61 67 67 73 75 79 77 79 75 78 76 78 76 78 76 78 76 79 77 80 77 76 77 81 79 82 79 81 79 81 79 81 80 82 80 82 79 83 80 82 80 82 80 83 82 84 82 85 83 85 82 83 82 85 82 85 83 86 84 87 82 88 83 86 84 85 85 86 84 87 85 86 83 86 84 87 84 86 84 87 84 86 84 86 83 85 83 85 83 84 82 85 82 85 83 85 82 84 82 83 79 83 80 81 80 81 81 81 80 82 79 82 79 81 79 81 80 82 80 82 79 81 80 81 81 84 83 
CCD1=0 0 0 0 0 0 0 0 0 0 0 0 0 0 0 0 0 0 0 0 0 0 0 0 0 0 0 0 0 0 0 0 0 0 0 0 0 0 0 0 0 0 0 0 0 0 0 0 0 0 0 0 0 0 0 0 0 0 0 0 0 0 0 0 0 0 0 0 0 0 0 0 0 0 0 0 0 0 0 0 0 0 0 0 0 0 0 0 0 0 0 0 0 0 0 0 0 0 0 0 0 0 0 0 0 0 0 0 0 0 0 0 0 0 0 0 0 0 0 0 0 0 0 0 0 0 0 0 
[CCD拟图]
CCDLRC0=6 122 10 
CCDLRC1=6 122 10 
CCDLRC2=0 0 0 
[反馈数据]
0=0
1=0
2=10
3=4117
4=2100
5=1750
6=0
7=1
8=0
9=0
10=138
11=2186
12=1147
[控制固参]
0=0
