[CCD原图]
CCD0=54 61 66 67 74 75 81 77 79 76 77 74 76 74 76 75 76 75 77 75 78 76 75 75 79 78 80 77 80 79 79 78 80 79 82 81 83 82 85 85 87 86 89 88 91 89 92 91 92 88 89 86 85 83 85 82 84 82 84 82 84 79 84 81 83 82 83 82 84 83 86 84 86 83 85 82 84 81 83 81 83 80 82 77 77 74 76 76 76 73 74 73 76 75 80 89 106 117 130 133 134 130 134 131 131 132 133 133 130 128 128 127 128 122 126 122 125 124 125 122 124 123 125 123 120 125 131 130 
CCD1=0 0 0 0 0 0 0 0 0 0 0 0 0 0 0 0 0 0 0 0 0 0 0 0 0 0 0 0 0 0 0 0 0 0 0 0 0 0 0 0 0 0 0 0 0 0 0 0 0 0 0 0 0 0 0 0 0 0 0 0 0 0 0 0 0 0 0 0 0 0 0 0 0 0 0 0 0 0 0 0 0 0 0 0 0 0 0 0 0 0 0 0 0 0 0 0 0 0 0 0 0 0 0 0 0 0 0 0 0 0 0 0 0 0 0 0 0 0 0 0 0 0 0 0 0 0 0 0 
[CCD拟图]
CCDLRC0=6 122 64 
CCDLRC1=6 122 64 
CCDLRC2=0 0 0 
[反馈数据]
0=0
1=0
2=10
3=4117
4=2100
5=1750
6=0
7=1
8=0
9=0
10=165
11=2213
12=1174
[控制固参]
0=0
