[CCD原图]
CCD0=53 60 66 66 72 74 78 75 77 74 76 73 76 72 75 74 75 74 76 74 76 74 73 74 76 74 77 75 78 76 79 78 80 79 81 79 82 79 82 80 82 80 83 81 84 83 85 84 88 86 89 88 89 87 91 87 90 87 89 87 88 83 88 84 85 82 84 82 84 81 83 81 84 80 84 82 85 83 86 85 88 84 87 84 83 78 81 86 119 135 135 131 134 131 133 133 135 129 133 131 131 127 130 128 127 129 130 130 127 126 126 126 127 121 126 122 126 125 126 123 125 125 127 124 123 128 132 132 
CCD1=0 0 0 0 0 0 0 0 0 0 0 0 0 0 0 0 0 0 0 0 0 0 0 0 0 0 0 0 0 0 0 0 0 0 0 0 0 0 0 0 0 0 0 0 0 0 0 0 0 0 0 0 0 0 0 0 0 0 0 0 0 0 0 0 0 0 0 0 0 0 0 0 0 0 0 0 0 0 0 0 0 0 0 0 0 0 0 0 0 0 0 0 0 0 0 0 0 0 0 0 0 0 0 0 0 0 0 0 0 0 0 0 0 0 0 0 0 0 0 0 0 0 0 0 0 0 0 0 
[CCD拟图]
CCDLRC0=6 122 45 
CCDLRC1=6 122 45 
CCDLRC2=0 0 0 
[反馈数据]
0=0
1=0
2=10
3=4117
4=2100
5=1750
6=0
7=1
8=0
9=0
10=183
11=2231
12=1192
[控制固参]
0=0
