[CCD原图]
CCD0=52 59 64 64 70 71 74 72 74 71 73 70 72 69 72 69 71 70 72 71 74 71 71 71 75 73 75 73 75 74 76 75 77 77 81 79 82 79 81 79 81 78 81 79 82 81 83 83 85 84 88 87 89 88 91 88 91 88 90 89 89 83 89 84 85 83 84 82 83 81 83 81 83 80 82 80 83 81 84 83 86 84 88 85 87 86 85 79 80 86 119 130 133 130 133 133 134 129 132 131 130 126 129 126 126 127 128 129 127 125 126 124 126 120 125 121 124 123 124 121 123 122 125 122 120 127 132 132 
CCD1=0 0 0 0 0 0 0 0 0 0 0 0 0 0 0 0 0 0 0 0 0 0 0 0 0 0 0 0 0 0 0 0 0 0 0 0 0 0 0 0 0 0 0 0 0 0 0 0 0 0 0 0 0 0 0 0 0 0 0 0 0 0 0 0 0 0 0 0 0 0 0 0 0 0 0 0 0 0 0 0 0 0 0 0 0 0 0 0 0 0 0 0 0 0 0 0 0 0 0 0 0 0 0 0 0 0 0 0 0 0 0 0 0 0 0 0 0 0 0 0 0 0 0 0 0 0 0 0 
[CCD拟图]
CCDLRC0=6 122 45 
CCDLRC1=6 122 45 
CCDLRC2=0 0 0 
[反馈数据]
0=0
1=0
2=10
3=4117
4=2100
5=1750
6=0
7=1
8=0
9=0
10=187
11=2235
12=1196
[控制固参]
0=0
