[CCD原图]
CCD0=51 58 62 60 65 63 67 65 68 66 68 66 68 66 68 66 69 68 71 69 72 71 72 71 75 73 75 74 77 75 76 76 78 77 80 78 81 79 82 81 81 79 82 79 82 80 83 82 84 84 86 85 87 86 91 89 94 91 93 91 91 85 90 84 86 83 84 82 84 81 83 82 84 80 83 81 83 81 83 82 85 82 86 85 87 84 85 83 82 78 76 72 74 73 86 108 125 125 129 130 130 126 129 127 127 128 129 130 127 125 125 124 126 120 125 120 124 123 123 121 123 121 124 121 120 125 131 131 
CCD1=0 0 0 0 0 0 0 0 0 0 0 0 0 0 0 0 0 0 0 0 0 0 0 0 0 0 0 0 0 0 0 0 0 0 0 0 0 0 0 0 0 0 0 0 0 0 0 0 0 0 0 0 0 0 0 0 0 0 0 0 0 0 0 0 0 0 0 0 0 0 0 0 0 0 0 0 0 0 0 0 0 0 0 0 0 0 0 0 0 0 0 0 0 0 0 0 0 0 0 0 0 0 0 0 0 0 0 0 0 0 0 0 0 0 0 0 0 0 0 0 0 0 0 0 0 0 0 0 
[CCD拟图]
CCDLRC0=6 89 47 
CCDLRC1=6 89 47 
CCDLRC2=0 0 0 
[反馈数据]
0=0
1=0
2=10
3=4117
4=2100
5=1750
6=0
7=1
8=0
9=0
10=192
11=2240
12=1201
[控制固参]
0=0
