[CCD原图]
CCD0=55 63 72 74 87 92 99 95 96 91 92 88 90 85 87 85 87 86 90 89 95 94 94 104 102 89 83 78 82 79 80 80 81 80 82 80 82 79 83 82 83 81 83 81 84 81 83 82 83 83 84 82 84 82 85 83 87 85 87 87 89 85 91 88 90 87 89 88 88 86 87 84 86 82 84 82 84 81 83 80 82 79 81 79 81 79 81 79 79 78 79 76 78 76 78 78 79 76 78 76 78 75 77 75 77 74 77 75 76 74 76 74 76 73 75 73 75 73 76 74 75 73 75 72 74 71 73 72 
CCD1=0 0 0 0 0 0 0 0 0 0 0 0 0 0 0 0 0 0 0 0 0 0 0 0 0 0 0 0 0 0 0 0 0 0 0 0 0 0 0 0 0 0 0 0 0 0 0 0 0 0 0 0 0 0 0 0 0 0 0 0 0 0 0 0 0 0 0 0 0 0 0 0 0 0 0 0 0 0 0 0 0 0 0 0 0 0 0 0 0 0 0 0 0 0 0 0 0 0 0 0 0 0 0 0 0 0 0 0 0 0 0 0 0 0 0 0 0 0 0 0 0 0 0 0 0 0 0 0 
[CCD拟图]
CCDLRC0=6 122 48 
CCDLRC1=6 122 48 
CCDLRC2=0 0 0 
[反馈数据]
0=0
1=0
2=10
3=4117
4=2100
5=1750
6=0
7=1
8=0
9=0
10=207
11=2255
12=1216
[控制固参]
0=0
