[CCD原图]
CCD0=55 64 71 73 86 91 99 96 99 94 94 91 92 84 78 69 70 75 90 98 107 108 104 111 118 117 120 117 113 95 86 81 82 81 83 81 83 81 84 83 85 83 86 83 86 83 85 83 84 83 86 83 84 83 85 83 86 85 88 86 89 85 91 87 91 88 89 88 89 86 88 86 87 82 85 82 84 81 83 81 83 80 82 80 81 78 80 79 80 78 79 77 80 77 79 77 79 76 79 77 79 76 78 76 77 76 78 76 77 75 76 74 77 74 75 73 76 74 76 74 76 74 76 74 75 74 77 75 
CCD1=0 0 0 0 0 0 0 0 0 0 0 0 0 0 0 0 0 0 0 0 0 0 0 0 0 0 0 0 0 0 0 0 0 0 0 0 0 0 0 0 0 0 0 0 0 0 0 0 0 0 0 0 0 0 0 0 0 0 0 0 0 0 0 0 0 0 0 0 0 0 0 0 0 0 0 0 0 0 0 0 0 0 0 0 0 0 0 0 0 0 0 0 0 0 0 0 0 0 0 0 0 0 0 0 0 0 0 0 0 0 0 0 0 0 0 0 0 0 0 0 0 0 0 0 0 0 0 0 
[CCD拟图]
CCDLRC0=6 122 48 
CCDLRC1=6 122 48 
CCDLRC2=0 0 0 
[反馈数据]
0=0
1=0
2=10
3=4117
4=2100
5=1750
6=0
7=1
8=0
9=0
10=210
11=2258
12=1219
[控制固参]
0=0
