[CCD原图]
CCD0=54 62 68 68 76 78 83 80 82 79 82 79 82 79 82 80 82 80 83 81 84 82 80 81 83 82 89 96 112 123 131 134 138 142 147 148 151 146 150 147 145 141 141 137 140 135 137 137 139 137 137 138 136 136 139 136 141 141 142 142 143 135 147 140 145 143 144 143 144 142 144 142 145 139 145 144 146 146 149 150 155 150 155 152 153 150 150 151 147 145 141 137 137 132 131 110 90 80 81 82 84 82 84 82 84 82 84 82 82 80 81 80 82 79 81 79 81 80 81 79 81 79 82 79 80 81 83 81 
CCD1=0 0 0 0 0 0 0 0 0 0 0 0 0 0 0 0 0 0 0 0 0 0 0 0 0 0 0 0 0 0 0 0 0 0 0 0 0 0 0 0 0 0 0 0 0 0 0 0 0 0 0 0 0 0 0 0 0 0 0 0 0 0 0 0 0 0 0 0 0 0 0 0 0 0 0 0 0 0 0 0 0 0 0 0 0 0 0 0 0 0 0 0 0 0 0 0 0 0 0 0 0 0 0 0 0 0 0 0 0 0 0 0 0 0 0 0 0 0 0 0 0 0 0 0 0 0 0 0 
[CCD拟图]
CCDLRC0=27 98 62 
CCDLRC1=27 98 62 
CCDLRC2=0 0 0 
[反馈数据]
0=0
1=0
2=10
3=4117
4=2100
5=1750
6=0
7=1
8=0
9=0
10=142
11=1422
12=383
[控制固参]
0=0
