[CCD原图]
CCD0=53 60 66 67 75 77 82 79 82 79 81 79 81 78 80 78 79 77 80 78 81 78 77 78 81 79 82 80 81 78 77 74 73 71 73 71 74 72 76 76 78 77 80 78 78 73 74 71 73 71 76 74 76 75 79 77 80 79 82 80 82 79 85 85 89 89 91 91 96 97 102 103 105 100 102 96 95 90 90 88 90 87 91 89 92 91 94 94 95 94 94 93 95 92 95 92 94 90 91 88 89 84 86 82 82 80 80 78 78 75 76 73 75 73 74 72 75 73 74 72 74 72 75 73 75 75 79 78 
CCD1=0 0 0 0 0 0 0 0 0 0 0 0 0 0 0 0 0 0 0 0 0 0 0 0 0 0 0 0 0 0 0 0 0 0 0 0 0 0 0 0 0 0 0 0 0 0 0 0 0 0 0 0 0 0 0 0 0 0 0 0 0 0 0 0 0 0 0 0 0 0 0 0 0 0 0 0 0 0 0 0 0 0 0 0 0 0 0 0 0 0 0 0 0 0 0 0 0 0 0 0 0 0 0 0 0 0 0 0 0 0 0 0 0 0 0 0 0 0 0 0 0 0 0 0 0 0 0 0 
[CCD拟图]
CCDLRC0=6 122 64 
CCDLRC1=6 122 64 
CCDLRC2=0 0 0 
[反馈数据]
0=0
1=0
2=10
3=4117
4=2100
5=1750
6=0
7=1
8=0
9=0
10=238
11=2286
12=1247
[控制固参]
0=0
