[CCD原图]
CCD0=53 61 67 68 77 79 85 83 87 83 86 84 87 84 86 85 87 87 90 87 88 84 81 80 81 77 77 75 78 78 81 80 82 79 79 77 79 77 80 78 80 77 80 78 81 79 82 82 86 84 87 85 86 84 87 84 87 83 84 81 81 75 77 73 74 72 73 71 72 70 72 70 72 69 72 70 71 69 71 69 71 69 71 68 71 68 71 69 71 69 72 69 72 70 72 71 73 71 75 74 75 73 75 72 73 71 73 71 72 71 76 79 83 81 83 81 84 82 84 82 84 82 84 82 82 77 74 69 
CCD1=0 0 0 0 0 0 0 0 0 0 0 0 0 0 0 0 0 0 0 0 0 0 0 0 0 0 0 0 0 0 0 0 0 0 0 0 0 0 0 0 0 0 0 0 0 0 0 0 0 0 0 0 0 0 0 0 0 0 0 0 0 0 0 0 0 0 0 0 0 0 0 0 0 0 0 0 0 0 0 0 0 0 0 0 0 0 0 0 0 0 0 0 0 0 0 0 0 0 0 0 0 0 0 0 0 0 0 0 0 0 0 0 0 0 0 0 0 0 0 0 0 0 0 0 0 0 0 0 
[CCD拟图]
CCDLRC0=6 122 64 
CCDLRC1=6 122 64 
CCDLRC2=0 0 0 
[反馈数据]
0=0
1=0
2=10
3=4117
4=2100
5=1750
6=0
7=1
8=0
9=0
10=244
11=2292
12=1253
[控制固参]
0=0
