[CCD原图]
CCD0=54 62 67 67 75 77 82 79 83 79 82 79 81 79 81 79 81 80 83 81 84 82 80 82 86 84 85 81 82 84 99 117 130 132 136 136 138 132 137 136 136 134 135 134 137 133 135 135 138 136 137 137 134 134 140 136 141 140 142 142 145 136 149 142 147 145 145 145 146 143 145 143 146 139 145 143 146 146 149 150 153 144 147 144 147 146 148 150 142 140 137 134 136 132 134 131 125 96 80 77 79 80 83 82 84 82 84 82 83 81 82 81 83 79 81 79 82 80 82 80 81 79 81 79 80 80 83 81 
CCD1=0 0 0 0 0 0 0 0 0 0 0 0 0 0 0 0 0 0 0 0 0 0 0 0 0 0 0 0 0 0 0 0 0 0 0 0 0 0 0 0 0 0 0 0 0 0 0 0 0 0 0 0 0 0 0 0 0 0 0 0 0 0 0 0 0 0 0 0 0 0 0 0 0 0 0 0 0 0 0 0 0 0 0 0 0 0 0 0 0 0 0 0 0 0 0 0 0 0 0 0 0 0 0 0 0 0 0 0 0 0 0 0 0 0 0 0 0 0 0 0 0 0 0 0 0 0 0 0 
[CCD拟图]
CCDLRC0=27 97 62 
CCDLRC1=27 97 62 
CCDLRC2=0 0 0 
[反馈数据]
0=0
1=0
2=10
3=4117
4=2100
5=1750
6=0
7=1
8=0
9=0
10=158
11=1438
12=399
[控制固参]
0=0
