[CCD原图]
CCD0=53 60 66 67 73 75 80 78 80 77 79 77 79 77 79 77 79 78 81 79 82 79 78 79 82 81 82 81 83 82 83 82 83 83 85 84 87 83 86 85 86 80 81 79 83 96 119 122 127 127 131 132 130 132 137 132 137 137 139 139 141 132 145 136 141 138 138 139 140 137 140 139 142 136 141 138 141 140 142 141 145 141 145 141 143 141 141 143 140 138 135 132 132 129 134 133 133 130 132 131 130 126 127 125 125 126 126 127 124 122 123 119 117 90 80 76 78 78 81 78 81 79 81 80 80 80 83 81 
CCD1=0 0 0 0 0 0 0 0 0 0 0 0 0 0 0 0 0 0 0 0 0 0 0 0 0 0 0 0 0 0 0 0 0 0 0 0 0 0 0 0 0 0 0 0 0 0 0 0 0 0 0 0 0 0 0 0 0 0 0 0 0 0 0 0 0 0 0 0 0 0 0 0 0 0 0 0 0 0 0 0 0 0 0 0 0 0 0 0 0 0 0 0 0 0 0 0 0 0 0 0 0 0 0 0 0 0 0 0 0 0 0 0 0 0 0 0 0 0 0 0 0 0 0 0 0 0 0 0 
[CCD拟图]
CCDLRC0=43 113 78 
CCDLRC1=43 113 78 
CCDLRC2=0 0 0 
[反馈数据]
0=0
1=0
2=10
3=4117
4=2100
5=1750
6=0
7=1
8=0
9=0
10=191
11=1471
12=432
[控制固参]
0=0
