[CCD原图]
CCD0=91 101 103 110 111 116 111 113 110 113 111 115 113 119 118 120 119 122 125 120 120 117 122 120 120 120 120 120 120 120 120 120 120 120 120 120 120 120 120 120 120 120 120 120 120 120 120 120 120 120 120 120 120 120 120 120 120 120 120 120 120 120 120 120 120 120 120 120 120 120 120 120 120 120 120 120 120 120 120 120 120 120 120 120 120 120 125 125 121 118 113 110 105 110 106 106 103 106 104 105 104 107 108 111 106 105 102 102 101 103 100 105 102 107 107 111 107 104 99 98 95 96 93 94 91 94 93 87 
CCD1=0 0 0 0 0 0 0 0 0 0 0 0 0 0 0 0 0 0 0 0 0 0 0 0 0 0 0 0 0 0 0 0 0 0 0 0 0 0 0 0 0 0 0 0 0 0 0 0 0 0 0 0 0 0 0 0 0 0 0 0 0 0 0 0 0 0 0 0 0 0 0 0 0 0 0 0 0 0 0 0 0 0 0 0 0 0 0 0 0 0 0 0 0 0 0 0 0 0 0 0 0 0 0 0 0 0 0 0 0 0 0 0 0 0 0 0 0 0 0 0 0 0 0 0 0 0 0 0 
[CCD拟图]
CCDLRC0=120 120 119 
CCDLRC1=120 120 119 
CCDLRC2=0 0 0 
[反馈数据]
0=6
1=122
2=64
3=4880
4=2100
5=1750
6=43
7=0
8=0
9=0
10=231
11=539
12=566
[控制固参]
0=0
