[CCD原图]
CCD0=62 70 70 74 73 79 73 75 71 72 69 72 69 74 72 73 72 75 76 82 78 73 72 75 72 74 72 74 73 75 74 75 74 76 75 78 75 78 78 79 78 81 80 84 82 85 85 89 87 91 90 92 90 97 99 106 102 104 104 109 101 107 103 108 111 115 114 114 109 112 109 111 106 107 101 103 97 99 95 98 93 93 90 92 87 88 84 85 83 83 81 82 79 81 80 81 79 81 77 77 75 78 76 78 75 78 77 78 77 79 76 79 77 83 85 90 86 83 77 78 73 74 74 76 75 74 71 65 
CCD1=0 0 0 0 0 0 0 0 0 0 0 0 0 0 0 0 0 0 0 0 0 0 0 0 0 0 0 0 0 0 0 0 0 0 0 0 0 0 0 0 0 0 0 0 0 0 0 0 0 0 0 0 0 0 0 0 0 0 0 0 0 0 0 0 0 0 0 0 0 0 0 0 0 0 0 0 0 0 0 0 0 0 0 0 0 0 0 0 0 0 0 0 0 0 0 0 0 0 0 0 0 0 0 0 0 0 0 0 0 0 0 0 0 0 0 0 0 0 0 0 0 0 0 0 0 0 0 0 
[CCD拟图]
CCDLRC0=120 120 119 
CCDLRC1=120 120 119 
CCDLRC2=0 0 0 
[反馈数据]
0=6
1=122
2=64
3=4880
4=2100
5=1750
6=43
7=0
8=0
9=0
10=23
11=587
12=614
[控制固参]
0=0
