[CCD原图]
CCD0=80 90 91 95 96 99 93 96 93 96 93 97 94 99 96 99 97 99 100 107 103 94 97 104 102 103 100 103 99 102 101 103 103 106 104 106 102 108 107 108 106 108 108 111 109 111 110 111 110 112 111 112 108 112 109 111 110 113 111 114 109 113 111 114 114 117 117 116 113 114 111 112 105 106 101 103 100 103 100 100 97 99 97 100 95 96 93 95 93 93 91 93 89 92 91 92 89 91 89 91 88 91 89 91 89 92 91 92 90 93 93 100 98 102 100 103 99 96 90 89 85 85 82 85 82 84 83 77 
CCD1=0 0 0 0 0 0 0 0 0 0 0 0 0 0 0 0 0 0 0 0 0 0 0 0 0 0 0 0 0 0 0 0 0 0 0 0 0 0 0 0 0 0 0 0 0 0 0 0 0 0 0 0 0 0 0 0 0 0 0 0 0 0 0 0 0 0 0 0 0 0 0 0 0 0 0 0 0 0 0 0 0 0 0 0 0 0 0 0 0 0 0 0 0 0 0 0 0 0 0 0 0 0 0 0 0 0 0 0 0 0 0 0 0 0 0 0 0 0 0 0 0 0 0 0 0 0 0 0 
[CCD拟图]
CCDLRC0=7 7 8 
CCDLRC1=7 7 8 
CCDLRC2=0 0 0 
[反馈数据]
0=6
1=122
2=64
3=4880
4=2100
5=1750
6=43
7=0
8=0
9=0
10=30
11=594
12=621
[控制固参]
0=0
