[CCD原图]
CCD0=82 91 93 98 98 100 95 98 96 98 95 99 96 101 99 101 99 100 101 109 107 97 99 107 104 105 102 105 102 105 104 106 105 108 106 109 106 110 109 110 108 110 111 114 112 113 113 114 113 115 114 114 111 114 111 113 113 115 114 117 111 116 113 118 117 120 119 118 116 116 114 115 108 109 104 106 102 105 102 103 100 101 99 102 97 98 96 97 95 95 93 95 92 94 93 94 90 93 91 93 90 93 91 93 90 93 92 93 92 94 93 100 100 105 103 105 101 98 91 91 86 86 83 86 84 86 85 79 
CCD1=0 0 0 0 0 0 0 0 0 0 0 0 0 0 0 0 0 0 0 0 0 0 0 0 0 0 0 0 0 0 0 0 0 0 0 0 0 0 0 0 0 0 0 0 0 0 0 0 0 0 0 0 0 0 0 0 0 0 0 0 0 0 0 0 0 0 0 0 0 0 0 0 0 0 0 0 0 0 0 0 0 0 0 0 0 0 0 0 0 0 0 0 0 0 0 0 0 0 0 0 0 0 0 0 0 0 0 0 0 0 0 0 0 0 0 0 0 0 0 0 0 0 0 0 0 0 0 0 
[CCD拟图]
CCDLRC0=7 120 64 
CCDLRC1=7 120 64 
CCDLRC2=0 0 0 
[反馈数据]
0=6
1=122
2=64
3=4880
4=2100
5=1750
6=43
7=0
8=0
9=0
10=43
11=607
12=634
[控制固参]
0=0
