[CCD原图]
CCD0=74 84 85 89 89 89 85 88 86 88 85 87 84 89 86 88 86 87 88 95 93 85 86 91 88 91 89 92 88 91 90 92 90 93 92 95 91 94 94 96 93 96 95 98 96 100 101 104 103 107 105 108 107 113 110 113 113 117 122 120 120 120 120 120 120 120 120 120 120 120 120 120 125 125 121 124 114 113 106 106 102 103 101 102 96 96 93 94 92 93 90 92 89 91 91 92 87 87 84 87 85 87 85 88 84 87 86 86 85 88 85 88 87 93 94 99 95 92 88 90 86 85 80 81 78 82 80 74 
CCD1=0 0 0 0 0 0 0 0 0 0 0 0 0 0 0 0 0 0 0 0 0 0 0 0 0 0 0 0 0 0 0 0 0 0 0 0 0 0 0 0 0 0 0 0 0 0 0 0 0 0 0 0 0 0 0 0 0 0 0 0 0 0 0 0 0 0 0 0 0 0 0 0 0 0 0 0 0 0 0 0 0 0 0 0 0 0 0 0 0 0 0 0 0 0 0 0 0 0 0 0 0 0 0 0 0 0 0 0 0 0 0 0 0 0 0 0 0 0 0 0 0 0 0 0 0 0 0 0 
[CCD拟图]
CCDLRC0=120 120 119 
CCDLRC1=120 120 119 
CCDLRC2=0 0 0 
[反馈数据]
0=6
1=122
2=64
3=4880
4=2100
5=1750
6=43
7=0
8=0
9=0
10=56
11=620
12=647
[控制固参]
0=0
