[CCD原图]
CCD0=80 91 92 96 96 99 93 97 93 95 93 97 93 98 95 97 94 97 98 106 103 94 96 101 98 100 99 101 99 102 104 105 102 105 103 105 102 106 104 105 103 106 104 108 105 108 108 109 108 109 109 109 107 110 107 109 108 110 110 113 109 113 111 116 114 117 117 117 114 115 111 112 105 106 102 103 100 102 100 101 97 99 97 99 94 96 94 95 93 93 91 93 90 92 91 93 89 92 89 91 88 91 88 91 89 92 90 91 90 93 90 93 92 100 103 109 104 98 91 89 85 85 83 85 81 85 84 78 
CCD1=0 0 0 0 0 0 0 0 0 0 0 0 0 0 0 0 0 0 0 0 0 0 0 0 0 0 0 0 0 0 0 0 0 0 0 0 0 0 0 0 0 0 0 0 0 0 0 0 0 0 0 0 0 0 0 0 0 0 0 0 0 0 0 0 0 0 0 0 0 0 0 0 0 0 0 0 0 0 0 0 0 0 0 0 0 0 0 0 0 0 0 0 0 0 0 0 0 0 0 0 0 0 0 0 0 0 0 0 0 0 0 0 0 0 0 0 0 0 0 0 0 0 0 0 0 0 0 0 
[CCD拟图]
CCDLRC0=7 115 80 
CCDLRC1=7 115 80 
CCDLRC2=0 0 0 
[反馈数据]
0=6
1=122
2=64
3=4880
4=2100
5=1750
6=43
7=0
8=0
9=0
10=99
11=663
12=690
[控制固参]
0=0
