[CCD原图]
CCD0=77 87 88 92 93 94 89 92 88 91 88 91 88 92 90 92 90 93 93 101 98 88 90 95 92 94 93 95 93 95 95 96 95 98 96 100 96 100 99 101 99 102 101 103 101 104 104 106 105 108 106 108 106 110 107 111 110 113 115 122 117 123 120 120 120 120 120 120 120 120 120 120 121 117 111 111 104 105 101 101 98 99 97 99 94 95 93 94 92 93 91 92 89 92 91 91 87 89 87 89 86 88 87 88 86 89 88 88 88 89 86 91 90 95 96 102 98 98 94 93 86 84 81 83 81 82 82 76 
CCD1=0 0 0 0 0 0 0 0 0 0 0 0 0 0 0 0 0 0 0 0 0 0 0 0 0 0 0 0 0 0 0 0 0 0 0 0 0 0 0 0 0 0 0 0 0 0 0 0 0 0 0 0 0 0 0 0 0 0 0 0 0 0 0 0 0 0 0 0 0 0 0 0 0 0 0 0 0 0 0 0 0 0 0 0 0 0 0 0 0 0 0 0 0 0 0 0 0 0 0 0 0 0 0 0 0 0 0 0 0 0 0 0 0 0 0 0 0 0 0 0 0 0 0 0 0 0 0 0 
[CCD拟图]
CCDLRC0=7 115 80 
CCDLRC1=7 115 80 
CCDLRC2=0 0 0 
[反馈数据]
0=6
1=122
2=64
3=4880
4=2100
5=1750
6=43
7=0
8=0
9=0
10=103
11=667
12=694
[控制固参]
0=0
