[CCD原图]
CCD0=53 61 67 67 74 76 81 78 81 77 80 77 79 77 79 77 79 78 80 79 82 79 77 78 82 80 82 79 82 81 81 80 81 80 82 80 83 79 78 75 77 75 82 81 84 81 83 81 83 83 86 83 84 83 85 83 87 84 87 85 87 83 88 84 87 85 86 84 85 83 86 84 86 82 86 83 85 83 85 83 85 82 84 82 85 81 83 82 83 81 82 80 82 79 82 80 82 80 82 80 81 78 81 79 80 78 80 77 79 77 79 77 79 74 73 71 72 71 72 70 74 73 71 68 71 74 81 82 
CCD1=0 0 0 0 0 0 0 0 0 0 0 0 0 0 0 0 0 0 0 0 0 0 0 0 0 0 0 0 0 0 0 0 0 0 0 0 0 0 0 0 0 0 0 0 0 0 0 0 0 0 0 0 0 0 0 0 0 0 0 0 0 0 0 0 0 0 0 0 0 0 0 0 0 0 0 0 0 0 0 0 0 0 0 0 0 0 0 0 0 0 0 0 0 0 0 0 0 0 0 0 0 0 0 0 0 0 0 0 0 0 0 0 0 0 0 0 0 0 0 0 0 0 0 0 0 0 0 0 
[CCD拟图]
CCDLRC0=6 122 6 
CCDLRC1=6 122 6 
CCDLRC2=0 0 0 
[反馈数据]
0=6
1=122
2=8
3=4080
4=2100
5=1750
6=0
7=1
8=0
9=0
10=79
11=1615
12=1545
[控制固参]
0=0
