[CCD原图]
CCD0=53 60 67 66 74 76 80 78 80 77 79 76 79 76 78 77 78 77 80 78 81 78 77 78 81 79 81 80 82 80 81 79 81 80 82 80 82 80 83 81 82 78 78 75 77 78 83 82 84 82 85 83 84 82 85 83 85 84 86 85 86 82 87 84 86 84 86 85 86 84 87 84 86 83 86 83 85 83 85 83 85 83 85 82 84 82 84 83 83 82 83 80 83 80 83 81 83 79 82 81 82 79 81 79 80 79 81 80 80 79 80 78 80 77 80 77 79 78 79 77 79 78 79 77 78 78 81 80 
CCD1=0 0 0 0 0 0 0 0 0 0 0 0 0 0 0 0 0 0 0 0 0 0 0 0 0 0 0 0 0 0 0 0 0 0 0 0 0 0 0 0 0 0 0 0 0 0 0 0 0 0 0 0 0 0 0 0 0 0 0 0 0 0 0 0 0 0 0 0 0 0 0 0 0 0 0 0 0 0 0 0 0 0 0 0 0 0 0 0 0 0 0 0 0 0 0 0 0 0 0 0 0 0 0 0 0 0 0 0 0 0 0 0 0 0 0 0 0 0 0 0 0 0 0 0 0 0 0 0 
[CCD拟图]
CCDLRC0=6 122 6 
CCDLRC1=6 122 6 
CCDLRC2=0 0 0 
[反馈数据]
0=6
1=122
2=8
3=4080
4=2100
5=1750
6=0
7=1
8=0
9=0
10=93
11=1629
12=1559
[控制固参]
0=0
