[CCD原图]
CCD0=54 60 66 66 74 76 80 78 80 77 80 76 79 76 78 77 78 77 79 77 80 78 77 77 81 79 82 79 82 80 81 79 82 81 83 81 84 81 83 83 84 81 84 82 86 83 85 84 85 83 86 83 84 82 85 82 86 84 86 84 87 82 86 81 81 77 79 80 83 82 86 84 86 82 86 83 86 84 86 84 86 83 85 84 85 83 85 84 84 83 84 82 84 81 84 83 84 81 84 82 83 81 82 80 81 80 82 80 82 80 81 80 81 78 81 78 81 79 81 78 80 78 80 78 80 80 82 81 
CCD1=0 0 0 0 0 0 0 0 0 0 0 0 0 0 0 0 0 0 0 0 0 0 0 0 0 0 0 0 0 0 0 0 0 0 0 0 0 0 0 0 0 0 0 0 0 0 0 0 0 0 0 0 0 0 0 0 0 0 0 0 0 0 0 0 0 0 0 0 0 0 0 0 0 0 0 0 0 0 0 0 0 0 0 0 0 0 0 0 0 0 0 0 0 0 0 0 0 0 0 0 0 0 0 0 0 0 0 0 0 0 0 0 0 0 0 0 0 0 0 0 0 0 0 0 0 0 0 0 
[CCD拟图]
CCDLRC0=6 122 6 
CCDLRC1=6 122 6 
CCDLRC2=0 0 0 
[反馈数据]
0=6
1=122
2=8
3=4080
4=2100
5=1750
6=0
7=1
8=0
9=0
10=104
11=1640
12=1570
[控制固参]
0=0
