[CCD原图]
CCD0=56 63 71 70 76 75 78 75 79 78 81 79 81 78 80 79 80 79 82 80 82 81 79 79 83 80 83 81 83 82 83 81 84 82 84 83 85 82 85 83 84 83 85 83 85 83 85 84 85 84 86 85 85 83 86 83 86 84 86 85 88 83 88 85 87 85 87 85 87 84 87 85 87 83 86 84 86 84 86 84 86 83 86 84 85 83 85 84 85 83 84 81 84 82 84 82 84 81 84 82 83 80 82 80 82 82 82 81 82 80 82 81 81 78 81 79 81 79 81 79 80 79 81 79 80 80 83 82 
CCD1=0 0 0 0 0 0 0 0 0 0 0 0 0 0 0 0 0 0 0 0 0 0 0 0 0 0 0 0 0 0 0 0 0 0 0 0 0 0 0 0 0 0 0 0 0 0 0 0 0 0 0 0 0 0 0 0 0 0 0 0 0 0 0 0 0 0 0 0 0 0 0 0 0 0 0 0 0 0 0 0 0 0 0 0 0 0 0 0 0 0 0 0 0 0 0 0 0 0 0 0 0 0 0 0 0 0 0 0 0 0 0 0 0 0 0 0 0 0 0 0 0 0 0 0 0 0 0 0 
[CCD拟图]
CCDLRC0=6 122 6 
CCDLRC1=6 122 6 
CCDLRC2=0 0 0 
[反馈数据]
0=6
1=122
2=8
3=4080
4=2100
5=1750
6=0
7=1
8=0
9=0
10=139
11=1675
12=1605
[控制固参]
0=0
