[CCD原图]
CCD0=53 60 65 65 71 71 75 72 74 72 74 69 71 69 82 99 104 103 107 104 108 105 100 104 111 108 111 109 112 110 111 111 112 111 113 111 114 110 114 114 116 115 118 115 120 117 119 118 120 117 118 117 116 115 119 114 119 116 117 117 121 113 123 117 121 118 118 118 119 117 120 118 121 116 121 118 119 117 118 116 118 109 91 74 76 73 76 77 78 76 77 74 77 74 77 74 76 74 76 74 75 72 74 72 73 72 73 71 73 71 73 70 73 70 71 69 71 69 71 69 70 68 70 69 70 69 71 70 
CCD1=0 0 0 0 0 0 0 0 0 0 0 0 0 0 0 0 0 0 0 0 0 0 0 0 0 0 0 0 0 0 0 0 0 0 0 0 0 0 0 0 0 0 0 0 0 0 0 0 0 0 0 0 0 0 0 0 0 0 0 0 0 0 0 0 0 0 0 0 0 0 0 0 0 0 0 0 0 0 0 0 0 0 0 0 0 0 0 0 0 0 0 0 0 0 0 0 0 0 0 0 0 0 0 0 0 0 0 0 0 0 0 0 0 0 0 0 0 0 0 0 0 0 0 0 0 0 0 0 
[CCD拟图]
CCDLRC0=13 83 48 
CCDLRC1=13 83 48 
CCDLRC2=0 0 0 
[反馈数据]
0=6
1=122
2=8
3=4080
4=2100
5=1750
6=0
7=1
8=0
9=0
10=241
11=241
12=171
[控制固参]
0=0
