[CCD原图]
CCD0=55 62 68 69 76 78 83 81 83 80 83 80 82 78 79 78 82 103 128 127 131 126 116 123 130 128 131 129 132 128 129 128 131 130 133 132 136 132 136 136 135 134 138 135 141 138 141 141 145 144 145 147 146 148 157 158 169 171 175 174 171 155 163 150 153 149 149 148 149 146 148 146 149 143 148 144 146 143 144 143 142 135 136 124 107 83 81 78 80 80 85 84 87 86 90 90 95 94 100 105 109 107 111 111 115 118 122 124 122 122 123 125 126 122 127 124 129 128 130 125 127 127 130 128 127 133 139 138 
CCD1=0 0 0 0 0 0 0 0 0 0 0 0 0 0 0 0 0 0 0 0 0 0 0 0 0 0 0 0 0 0 0 0 0 0 0 0 0 0 0 0 0 0 0 0 0 0 0 0 0 0 0 0 0 0 0 0 0 0 0 0 0 0 0 0 0 0 0 0 0 0 0 0 0 0 0 0 0 0 0 0 0 0 0 0 0 0 0 0 0 0 0 0 0 0 0 0 0 0 0 0 0 0 0 0 0 0 0 0 0 0 0 0 0 0 0 0 0 0 0 0 0 0 0 0 0 0 0 0 
[CCD拟图]
CCDLRC0=15 84 49 
CCDLRC1=15 84 49 
CCDLRC2=0 0 0 
[反馈数据]
0=6
1=122
2=8
3=4080
4=2100
5=1750
6=0
7=1
8=0
9=0
10=212
11=1748
12=1678
[控制固参]
0=0
