[CCD原图]
CCD0=55 62 69 68 75 78 83 80 82 79 82 79 81 78 81 80 81 78 80 79 95 123 121 129 135 131 133 129 132 130 130 130 131 131 133 132 136 131 135 135 134 133 136 134 140 136 139 140 143 142 143 143 141 141 146 143 148 150 157 163 172 163 181 171 174 166 160 155 153 147 149 148 149 143 148 145 147 145 145 145 147 141 144 141 140 135 129 115 90 79 81 78 80 81 88 87 89 87 89 87 88 85 87 84 85 83 85 82 83 80 83 80 82 79 82 80 82 82 83 81 83 82 85 84 86 89 93 92 
CCD1=0 0 0 0 0 0 0 0 0 0 0 0 0 0 0 0 0 0 0 0 0 0 0 0 0 0 0 0 0 0 0 0 0 0 0 0 0 0 0 0 0 0 0 0 0 0 0 0 0 0 0 0 0 0 0 0 0 0 0 0 0 0 0 0 0 0 0 0 0 0 0 0 0 0 0 0 0 0 0 0 0 0 0 0 0 0 0 0 0 0 0 0 0 0 0 0 0 0 0 0 0 0 0 0 0 0 0 0 0 0 0 0 0 0 0 0 0 0 0 0 0 0 0 0 0 0 0 0 
[CCD拟图]
CCDLRC0=18 87 52 
CCDLRC1=18 87 52 
CCDLRC2=0 0 0 
[反馈数据]
0=6
1=122
2=8
3=4080
4=2100
5=1750
6=0
7=1
8=0
9=0
10=216
11=1752
12=1682
[控制固参]
0=0
