[CCD原图]
CCD0=53 60 65 64 70 70 74 72 74 72 75 72 72 69 72 87 102 103 107 105 108 105 100 104 108 108 110 107 111 109 110 109 110 110 112 111 115 110 113 114 115 114 117 115 119 116 118 118 120 117 118 118 117 115 119 114 118 117 118 117 119 112 121 115 120 117 117 118 120 117 119 117 120 115 119 116 119 116 118 116 118 110 91 74 75 73 76 76 77 75 76 74 76 73 76 73 74 73 74 73 74 71 73 72 73 72 74 72 73 71 73 71 72 70 72 69 72 69 71 69 70 68 70 68 69 68 71 69 
CCD1=0 0 0 0 0 0 0 0 0 0 0 0 0 0 0 0 0 0 0 0 0 0 0 0 0 0 0 0 0 0 0 0 0 0 0 0 0 0 0 0 0 0 0 0 0 0 0 0 0 0 0 0 0 0 0 0 0 0 0 0 0 0 0 0 0 0 0 0 0 0 0 0 0 0 0 0 0 0 0 0 0 0 0 0 0 0 0 0 0 0 0 0 0 0 0 0 0 0 0 0 0 0 0 0 0 0 0 0 0 0 0 0 0 0 0 0 0 0 0 0 0 0 0 0 0 0 0 0 
[CCD拟图]
CCDLRC0=14 83 48 
CCDLRC1=14 83 48 
CCDLRC2=0 0 0 
[反馈数据]
0=6
1=122
2=8
3=4080
4=2100
5=1750
6=0
7=1
8=0
9=0
10=245
11=245
12=175
[控制固参]
0=0
