[CCD原图]
CCD0=54 61 67 67 73 75 80 77 80 76 79 76 79 77 79 77 79 78 80 78 82 79 78 79 83 80 82 81 83 80 79 77 78 76 83 105 126 126 133 133 133 131 135 132 137 134 137 138 141 139 140 139 136 135 139 135 139 139 141 142 144 134 147 140 145 143 143 143 145 142 146 146 151 147 157 159 165 162 159 154 154 146 149 145 145 143 142 145 142 140 139 138 140 136 138 138 138 133 136 133 133 128 122 94 84 80 83 84 87 84 86 84 86 83 86 83 86 85 87 84 85 81 84 84 84 84 87 86 
CCD1=0 0 0 0 0 0 0 0 0 0 0 0 0 0 0 0 0 0 0 0 0 0 0 0 0 0 0 0 0 0 0 0 0 0 0 0 0 0 0 0 0 0 0 0 0 0 0 0 0 0 0 0 0 0 0 0 0 0 0 0 0 0 0 0 0 0 0 0 0 0 0 0 0 0 0 0 0 0 0 0 0 0 0 0 0 0 0 0 0 0 0 0 0 0 0 0 0 0 0 0 0 0 0 0 0 0 0 0 0 0 0 0 0 0 0 0 0 0 0 0 0 0 0 0 0 0 0 0 
[CCD拟图]
CCDLRC0=34 104 69 
CCDLRC1=34 104 69 
CCDLRC2=0 0 0 
[反馈数据]
0=6
1=122
2=8
3=4080
4=2100
5=1750
6=0
7=1
8=0
9=0
10=29
11=1821
12=1751
[控制固参]
0=0
