[CCD原图]
CCD0=54 61 67 67 74 75 80 77 80 77 79 77 79 76 79 78 79 77 80 79 82 80 79 79 83 81 83 81 83 80 79 76 78 77 83 104 127 126 133 133 133 131 135 132 137 134 137 137 140 138 140 140 137 136 138 135 140 140 141 142 143 135 148 140 145 143 142 144 145 143 147 147 152 146 155 154 158 155 155 152 154 146 149 146 145 142 143 145 142 141 140 137 140 136 138 138 139 134 136 135 131 128 128 101 85 81 83 83 86 84 87 84 86 83 86 83 86 85 87 84 86 84 86 84 85 84 87 86 
CCD1=0 0 0 0 0 0 0 0 0 0 0 0 0 0 0 0 0 0 0 0 0 0 0 0 0 0 0 0 0 0 0 0 0 0 0 0 0 0 0 0 0 0 0 0 0 0 0 0 0 0 0 0 0 0 0 0 0 0 0 0 0 0 0 0 0 0 0 0 0 0 0 0 0 0 0 0 0 0 0 0 0 0 0 0 0 0 0 0 0 0 0 0 0 0 0 0 0 0 0 0 0 0 0 0 0 0 0 0 0 0 0 0 0 0 0 0 0 0 0 0 0 0 0 0 0 0 0 0 
[CCD拟图]
CCDLRC0=34 104 69 
CCDLRC1=34 104 69 
CCDLRC2=0 0 0 
[反馈数据]
0=6
1=122
2=8
3=4080
4=2100
5=1750
6=0
7=1
8=0
9=0
10=30
11=1822
12=1752
[控制固参]
0=0
