[CCD原图]
CCD0=53 61 66 65 72 72 76 73 76 73 76 73 76 73 76 74 76 74 76 75 78 75 75 75 80 77 80 78 80 78 79 78 79 79 80 78 79 74 77 74 76 76 93 111 129 131 134 136 140 139 141 141 139 138 142 137 142 141 143 144 146 137 150 142 148 146 146 149 151 149 153 153 157 149 156 152 154 152 153 150 153 145 150 147 148 145 146 148 144 143 141 139 142 138 141 140 141 137 140 139 139 134 136 133 134 135 136 137 133 131 131 126 119 96 84 77 78 76 78 76 81 82 86 84 85 85 89 87 
CCD1=0 0 0 0 0 0 0 0 0 0 0 0 0 0 0 0 0 0 0 0 0 0 0 0 0 0 0 0 0 0 0 0 0 0 0 0 0 0 0 0 0 0 0 0 0 0 0 0 0 0 0 0 0 0 0 0 0 0 0 0 0 0 0 0 0 0 0 0 0 0 0 0 0 0 0 0 0 0 0 0 0 0 0 0 0 0 0 0 0 0 0 0 0 0 0 0 0 0 0 0 0 0 0 0 0 0 0 0 0 0 0 0 0 0 0 0 0 0 0 0 0 0 0 0 0 0 0 0 
[CCD拟图]
CCDLRC0=40 111 75 
CCDLRC1=40 111 75 
CCDLRC2=0 0 0 
[反馈数据]
0=6
1=122
2=8
3=4080
4=2100
5=1750
6=0
7=1
8=0
9=0
10=52
11=1844
12=1774
[控制固参]
0=0
