[CCD原图]
CCD0=53 60 65 65 72 73 77 76 78 75 78 76 79 75 79 77 79 78 81 78 81 79 78 78 82 79 81 79 81 79 81 79 81 80 82 80 82 79 82 80 81 80 82 80 82 79 82 81 83 81 84 81 83 81 84 82 85 83 84 83 84 81 92 102 125 140 146 149 150 147 151 150 152 146 151 147 150 148 149 148 150 144 149 146 146 143 144 146 143 142 140 138 139 136 138 138 139 134 137 136 135 131 134 131 131 132 133 135 131 130 131 131 133 128 133 128 132 132 134 131 133 132 136 134 131 136 139 138 
CCD1=0 0 0 0 0 0 0 0 0 0 0 0 0 0 0 0 0 0 0 0 0 0 0 0 0 0 0 0 0 0 0 0 0 0 0 0 0 0 0 0 0 0 0 0 0 0 0 0 0 0 0 0 0 0 0 0 0 0 0 0 0 0 0 0 0 0 0 0 0 0 0 0 0 0 0 0 0 0 0 0 0 0 0 0 0 0 0 0 0 0 0 0 0 0 0 0 0 0 0 0 0 0 0 0 0 0 0 0 0 0 0 0 0 0 0 0 0 0 0 0 0 0 0 0 0 0 0 0 
[CCD拟图]
CCDLRC0=59 122 97 
CCDLRC1=59 122 97 
CCDLRC2=0 0 0 
[反馈数据]
0=6
1=122
2=8
3=4080
4=2100
5=1750
6=0
7=1
8=0
9=0
10=71
11=1863
12=1793
[控制固参]
0=0
