[CCD原图]
CCD0=53 59 65 64 69 69 75 77 82 84 89 82 80 73 74 73 78 77 81 79 84 81 81 81 85 83 86 82 84 82 83 80 82 80 82 80 82 79 82 80 82 80 82 81 83 80 83 81 84 82 85 82 84 82 85 82 86 83 86 86 88 83 88 85 87 85 86 85 86 84 87 86 88 85 89 86 89 88 90 87 89 87 88 85 86 83 84 82 82 80 81 78 81 78 80 77 80 76 79 76 76 74 76 73 75 73 75 73 74 73 75 74 80 82 94 101 112 116 120 118 120 120 122 120 118 123 127 125 
CCD1=0 0 0 0 0 0 0 0 0 0 0 0 0 0 0 0 0 0 0 0 0 0 0 0 0 0 0 0 0 0 0 0 0 0 0 0 0 0 0 0 0 0 0 0 0 0 0 0 0 0 0 0 0 0 0 0 0 0 0 0 0 0 0 0 0 0 0 0 0 0 0 0 0 0 0 0 0 0 0 0 0 0 0 0 0 0 0 0 0 0 0 0 0 0 0 0 0 0 0 0 0 0 0 0 0 0 0 0 0 0 0 0 0 0 0 0 0 0 0 0 0 0 0 0 0 0 0 0 
[CCD拟图]
CCDLRC0=110 122 122 
CCDLRC1=110 122 122 
CCDLRC2=0 0 0 
[反馈数据]
0=6
1=122
2=8
3=4080
4=2100
5=1750
6=0
7=1
8=0
9=0
10=99
11=1891
12=1821
[控制固参]
0=0
