[CCD原图]
CCD0=54 60 66 65 72 74 78 75 78 74 76 74 77 74 77 75 76 76 78 76 79 77 76 76 81 78 80 78 79 78 78 76 77 74 76 74 76 73 76 74 75 74 75 74 76 73 75 74 76 75 77 75 77 74 78 76 79 78 80 78 80 77 80 77 79 77 78 76 78 76 78 77 79 75 78 75 78 76 78 76 78 76 78 76 78 75 78 77 78 76 78 76 78 75 78 76 77 73 74 72 74 71 73 71 75 80 92 103 112 115 117 117 118 114 119 115 120 120 122 118 121 120 123 120 120 125 130 129 
CCD1=0 0 0 0 0 0 0 0 0 0 0 0 0 0 0 0 0 0 0 0 0 0 0 0 0 0 0 0 0 0 0 0 0 0 0 0 0 0 0 0 0 0 0 0 0 0 0 0 0 0 0 0 0 0 0 0 0 0 0 0 0 0 0 0 0 0 0 0 0 0 0 0 0 0 0 0 0 0 0 0 0 0 0 0 0 0 0 0 0 0 0 0 0 0 0 0 0 0 0 0 0 0 0 0 0 0 0 0 0 0 0 0 0 0 0 0 0 0 0 0 0 0 0 0 0 0 0 0 
[CCD拟图]
CCDLRC0=107 122 122 
CCDLRC1=107 122 122 
CCDLRC2=0 0 0 
[反馈数据]
0=6
1=122
2=8
3=4080
4=2100
5=1750
6=0
7=1
8=0
9=0
10=108
11=1900
12=1830
[控制固参]
0=0
