[CCD原图]
CCD0=53 60 65 64 69 69 73 71 73 70 72 68 69 66 68 67 69 68 70 68 71 68 69 68 72 70 72 70 72 71 72 71 73 71 73 71 74 71 74 72 75 72 75 74 76 74 77 74 76 73 74 71 73 71 75 76 81 80 83 82 84 80 85 82 84 80 80 77 78 75 78 81 95 106 123 128 133 133 136 135 138 134 137 134 136 134 135 138 136 134 135 132 135 132 135 136 138 134 140 140 140 136 139 135 135 134 135 134 130 129 129 127 128 122 126 121 126 125 126 123 126 124 128 125 123 130 135 136 
CCD1=0 0 0 0 0 0 0 0 0 0 0 0 0 0 0 0 0 0 0 0 0 0 0 0 0 0 0 0 0 0 0 0 0 0 0 0 0 0 0 0 0 0 0 0 0 0 0 0 0 0 0 0 0 0 0 0 0 0 0 0 0 0 0 0 0 0 0 0 0 0 0 0 0 0 0 0 0 0 0 0 0 0 0 0 0 0 0 0 0 0 0 0 0 0 0 0 0 0 0 0 0 0 0 0 0 0 0 0 0 0 0 0 0 0 0 0 0 0 0 0 0 0 0 0 0 0 0 0 
[CCD拟图]
CCDLRC0=71 122 109 
CCDLRC1=71 122 109 
CCDLRC2=0 0 0 
[反馈数据]
0=6
1=122
2=8
3=4080
4=2100
5=1750
6=0
7=1
8=0
9=0
10=130
11=1922
12=1852
[控制固参]
0=0
