[CCD原图]
CCD0=53 59 64 62 68 71 80 73 75 70 71 70 71 68 70 68 70 68 70 68 74 73 74 75 78 76 79 76 79 76 78 78 79 78 80 78 81 78 81 79 81 80 82 80 83 81 84 84 87 85 88 86 88 86 89 84 82 79 82 88 123 137 156 149 153 151 150 150 151 147 149 148 151 144 148 146 148 146 147 147 149 143 147 145 146 143 144 147 145 146 144 144 147 143 145 143 144 138 141 140 141 137 140 137 137 141 142 144 141 140 140 139 141 134 139 134 136 135 135 132 132 131 134 131 128 134 136 127 
CCD1=0 0 0 0 0 0 0 0 0 0 0 0 0 0 0 0 0 0 0 0 0 0 0 0 0 0 0 0 0 0 0 0 0 0 0 0 0 0 0 0 0 0 0 0 0 0 0 0 0 0 0 0 0 0 0 0 0 0 0 0 0 0 0 0 0 0 0 0 0 0 0 0 0 0 0 0 0 0 0 0 0 0 0 0 0 0 0 0 0 0 0 0 0 0 0 0 0 0 0 0 0 0 0 0 0 0 0 0 0 0 0 0 0 0 0 0 0 0 0 0 0 0 0 0 0 0 0 0 
[CCD拟图]
CCDLRC0=59 122 97 
CCDLRC1=59 122 97 
CCDLRC2=0 0 0 
[反馈数据]
0=6
1=122
2=8
3=4080
4=2100
5=1750
6=0
7=1
8=0
9=0
10=148
11=1940
12=1870
[控制固参]
0=0
