[CCD原图]
CCD0=59 69 79 86 104 115 125 122 125 119 122 119 120 117 120 119 120 119 124 122 126 126 120 130 136 135 139 137 140 136 135 133 132 132 133 132 136 132 137 137 136 134 138 135 139 136 138 139 142 140 140 139 136 132 131 122 117 105 97 88 87 83 87 83 84 80 82 81 85 84 89 89 91 87 90 88 89 87 88 85 86 83 84 81 84 80 82 81 81 79 79 77 79 76 78 75 77 74 76 73 75 73 75 73 75 74 78 76 78 76 78 76 78 75 77 74 77 74 76 74 75 74 76 74 75 75 77 76 
CCD1=0 0 0 0 0 0 0 0 0 0 0 0 0 0 0 0 0 0 0 0 0 0 0 0 0 0 0 0 0 0 0 0 0 0 0 0 0 0 0 0 0 0 0 0 0 0 0 0 0 0 0 0 0 0 0 0 0 0 0 0 0 0 0 0 0 0 0 0 0 0 0 0 0 0 0 0 0 0 0 0 0 0 0 0 0 0 0 0 0 0 0 0 0 0 0 0 0 0 0 0 0 0 0 0 0 0 0 0 0 0 0 0 0 0 0 0 0 0 0 0 0 0 0 0 0 0 0 0 
[CCD拟图]
CCDLRC0=6 63 18 
CCDLRC1=6 63 18 
CCDLRC2=0 0 0 
[反馈数据]
0=6
1=122
2=8
3=4080
4=2100
5=1750
6=0
7=1
8=0
9=0
10=182
11=1974
12=1904
[控制固参]
0=0
