[CCD原图]
CCD0=58 68 79 85 102 113 124 121 124 118 120 117 119 115 118 118 118 117 122 120 124 121 113 119 126 125 127 125 128 126 127 127 124 109 94 81 79 76 80 82 86 86 89 86 89 86 88 87 89 87 89 87 88 86 89 86 88 86 88 87 90 84 89 86 89 87 89 88 89 88 91 89 91 87 90 88 90 88 89 87 89 85 87 85 86 83 83 81 79 75 75 72 73 71 74 74 77 75 79 78 81 79 82 79 81 79 80 77 78 76 76 75 76 75 78 75 77 75 76 73 73 71 72 70 71 71 73 71 
CCD1=0 0 0 0 0 0 0 0 0 0 0 0 0 0 0 0 0 0 0 0 0 0 0 0 0 0 0 0 0 0 0 0 0 0 0 0 0 0 0 0 0 0 0 0 0 0 0 0 0 0 0 0 0 0 0 0 0 0 0 0 0 0 0 0 0 0 0 0 0 0 0 0 0 0 0 0 0 0 0 0 0 0 0 0 0 0 0 0 0 0 0 0 0 0 0 0 0 0 0 0 0 0 0 0 0 0 0 0 0 0 0 0 0 0 0 0 0 0 0 0 0 0 0 0 0 0 0 0 
[CCD拟图]
CCDLRC0=6 122 6 
CCDLRC1=6 122 6 
CCDLRC2=0 0 0 
[反馈数据]
0=6
1=122
2=8
3=4080
4=2100
5=1750
6=0
7=1
8=0
9=0
10=190
11=1982
12=1912
[控制固参]
0=0
