[CCD原图]
CCD0=58 69 78 85 102 113 124 120 123 118 119 116 118 115 117 117 118 117 121 119 123 120 112 119 125 124 126 124 127 125 125 123 122 113 98 78 76 72 74 74 82 85 88 86 89 86 89 87 89 87 89 87 88 86 89 85 88 86 88 87 89 85 90 86 88 87 88 87 89 86 89 88 90 88 91 88 90 88 89 88 89 85 87 85 86 83 84 83 83 81 79 74 75 73 76 74 76 75 79 79 82 79 81 78 79 77 77 76 78 76 76 73 73 70 72 70 72 72 74 74 76 76 79 78 78 77 79 77 
CCD1=0 0 0 0 0 0 0 0 0 0 0 0 0 0 0 0 0 0 0 0 0 0 0 0 0 0 0 0 0 0 0 0 0 0 0 0 0 0 0 0 0 0 0 0 0 0 0 0 0 0 0 0 0 0 0 0 0 0 0 0 0 0 0 0 0 0 0 0 0 0 0 0 0 0 0 0 0 0 0 0 0 0 0 0 0 0 0 0 0 0 0 0 0 0 0 0 0 0 0 0 0 0 0 0 0 0 0 0 0 0 0 0 0 0 0 0 0 0 0 0 0 0 0 0 0 0 0 0 
[CCD拟图]
CCDLRC0=6 35 6 
CCDLRC1=6 35 6 
CCDLRC2=0 0 0 
[反馈数据]
0=6
1=122
2=8
3=4080
4=2100
5=1750
6=0
7=1
8=0
9=0
10=191
11=1983
12=1913
[控制固参]
0=0
