[CCD原图]
CCD0=58 69 79 87 107 119 130 126 127 120 122 118 119 116 118 117 118 117 121 119 122 119 111 117 123 122 125 123 126 124 125 124 127 127 130 129 133 127 131 126 120 102 86 74 75 73 76 76 80 82 87 88 88 87 90 87 90 88 90 89 91 85 90 87 89 87 88 87 88 85 88 86 88 84 87 85 88 85 88 86 88 85 88 86 88 86 88 87 88 86 87 84 87 83 84 83 84 81 83 81 82 79 80 78 79 79 81 80 81 79 80 76 78 74 74 71 73 71 74 72 74 72 74 71 73 71 73 72 
CCD1=0 0 0 0 0 0 0 0 0 0 0 0 0 0 0 0 0 0 0 0 0 0 0 0 0 0 0 0 0 0 0 0 0 0 0 0 0 0 0 0 0 0 0 0 0 0 0 0 0 0 0 0 0 0 0 0 0 0 0 0 0 0 0 0 0 0 0 0 0 0 0 0 0 0 0 0 0 0 0 0 0 0 0 0 0 0 0 0 0 0 0 0 0 0 0 0 0 0 0 0 0 0 0 0 0 0 0 0 0 0 0 0 0 0 0 0 0 0 0 0 0 0 0 0 0 0 0 0 
[CCD拟图]
CCDLRC0=6 40 6 
CCDLRC1=6 40 6 
CCDLRC2=0 0 0 
[反馈数据]
0=6
1=122
2=8
3=4080
4=2100
5=1750
6=0
7=1
8=0
9=0
10=197
11=1989
12=1919
[控制固参]
0=0
