[CCD原图]
CCD0=53 60 65 64 69 67 71 68 78 84 86 86 84 80 92 93 84 81 91 90 94 90 81 73 71 68 71 69 72 69 71 70 72 70 73 71 74 72 75 74 76 74 76 74 77 74 77 76 78 76 79 78 79 78 81 78 81 79 81 80 83 81 86 84 87 85 86 82 81 78 81 80 87 95 111 121 131 131 134 133 136 131 135 132 133 130 131 133 129 129 130 129 131 129 131 131 133 128 132 130 130 126 129 127 127 130 131 133 129 127 128 126 128 123 126 122 125 124 126 122 124 123 126 124 122 127 131 131 
CCD1=0 0 0 0 0 0 0 0 0 0 0 0 0 0 0 0 0 0 0 0 0 0 0 0 0 0 0 0 0 0 0 0 0 0 0 0 0 0 0 0 0 0 0 0 0 0 0 0 0 0 0 0 0 0 0 0 0 0 0 0 0 0 0 0 0 0 0 0 0 0 0 0 0 0 0 0 0 0 0 0 0 0 0 0 0 0 0 0 0 0 0 0 0 0 0 0 0 0 0 0 0 0 0 0 0 0 0 0 0 0 0 0 0 0 0 0 0 0 0 0 0 0 0 0 0 0 0 0 
[CCD拟图]
CCDLRC0=6 122 100 
CCDLRC1=6 122 100 
CCDLRC2=0 0 0 
[反馈数据]
0=6
1=122
2=8
3=4080
4=2100
5=1750
6=0
7=1
8=0
9=0
10=229
11=2021
12=1951
[控制固参]
0=0
