[CCD原图]
CCD0=53 60 66 68 78 79 80 71 73 67 68 66 69 66 68 66 68 67 69 67 69 68 69 68 71 69 72 70 72 71 72 71 73 72 74 73 75 73 76 74 76 74 76 74 76 75 77 76 79 80 85 84 85 84 86 82 85 83 84 83 85 81 86 82 84 82 84 83 84 81 84 81 82 80 82 79 81 81 87 93 106 116 129 131 135 132 134 138 135 135 135 133 136 133 136 135 137 132 135 134 133 128 131 127 128 128 129 129 127 126 126 124 126 121 126 122 125 124 125 121 124 122 125 122 121 127 133 133 
CCD1=0 0 0 0 0 0 0 0 0 0 0 0 0 0 0 0 0 0 0 0 0 0 0 0 0 0 0 0 0 0 0 0 0 0 0 0 0 0 0 0 0 0 0 0 0 0 0 0 0 0 0 0 0 0 0 0 0 0 0 0 0 0 0 0 0 0 0 0 0 0 0 0 0 0 0 0 0 0 0 0 0 0 0 0 0 0 0 0 0 0 0 0 0 0 0 0 0 0 0 0 0 0 0 0 0 0 0 0 0 0 0 0 0 0 0 0 0 0 0 0 0 0 0 0 0 0 0 0 
[CCD拟图]
CCDLRC0=6 122 105 
CCDLRC1=6 122 105 
CCDLRC2=0 0 0 
[反馈数据]
0=6
1=122
2=8
3=4080
4=2100
5=1750
6=0
7=1
8=0
9=0
10=235
11=2027
12=1957
[控制固参]
0=0
