[CCD原图]
CCD0=56 66 74 78 93 101 110 107 109 104 106 103 105 102 103 102 103 103 106 104 108 104 99 103 109 107 109 106 110 108 109 109 110 109 111 110 113 109 114 113 113 112 114 112 117 113 117 116 119 116 117 117 115 115 118 114 119 117 119 119 121 113 124 117 121 119 119 120 121 118 120 118 117 101 85 73 74 72 74 73 76 75 78 76 77 75 77 75 76 74 75 74 75 72 75 73 75 72 75 73 74 72 74 72 74 72 74 72 73 72 73 71 74 71 73 71 74 71 73 71 73 71 73 71 73 71 74 72 
CCD1=0 0 0 0 0 0 0 0 0 0 0 0 0 0 0 0 0 0 0 0 0 0 0 0 0 0 0 0 0 0 0 0 0 0 0 0 0 0 0 0 0 0 0 0 0 0 0 0 0 0 0 0 0 0 0 0 0 0 0 0 0 0 0 0 0 0 0 0 0 0 0 0 0 0 0 0 0 0 0 0 0 0 0 0 0 0 0 0 0 0 0 0 0 0 0 0 0 0 0 0 0 0 0 0 0 0 0 0 0 0 0 0 0 0 0 0 0 0 0 0 0 0 0 0 0 0 0 0 
[CCD拟图]
CCDLRC0=6 77 40 
CCDLRC1=6 77 40 
CCDLRC2=0 0 0 
[反馈数据]
0=6
1=122
2=8
3=4080
4=2100
5=1750
6=0
7=1
8=0
9=0
10=14
11=270
12=200
[控制固参]
0=0
