[CCD原图]
CCD0=54 60 66 65 71 72 76 74 76 74 75 72 75 73 75 73 74 73 76 74 77 75 74 75 79 76 79 77 79 78 80 78 80 79 82 80 82 79 81 77 75 73 76 74 77 76 80 84 93 108 133 138 136 136 140 137 143 144 146 146 148 139 152 144 149 148 147 147 148 145 149 147 149 143 148 145 148 147 148 147 150 144 148 145 148 143 145 148 145 145 143 141 144 140 143 143 145 140 143 141 141 136 139 136 135 135 134 135 132 131 132 131 131 125 130 126 130 129 130 128 130 129 132 130 128 134 141 141 
CCD1=0 0 0 0 0 0 0 0 0 0 0 0 0 0 0 0 0 0 0 0 0 0 0 0 0 0 0 0 0 0 0 0 0 0 0 0 0 0 0 0 0 0 0 0 0 0 0 0 0 0 0 0 0 0 0 0 0 0 0 0 0 0 0 0 0 0 0 0 0 0 0 0 0 0 0 0 0 0 0 0 0 0 0 0 0 0 0 0 0 0 0 0 0 0 0 0 0 0 0 0 0 0 0 0 0 0 0 0 0 0 0 0 0 0 0 0 0 0 0 0 0 0 0 0 0 0 0 0 
[CCD拟图]
CCDLRC0=49 122 85 
CCDLRC1=49 122 85 
CCDLRC2=0 0 0 
[反馈数据]
0=6
1=122
2=8
3=4080
4=2100
5=1750
6=0
7=1
8=0
9=0
10=15
11=2063
12=1993
[控制固参]
0=0
