[CCD原图]
CCD0=54 61 65 65 70 70 75 72 75 72 75 71 74 70 73 72 73 72 74 72 75 72 72 73 75 73 76 74 77 74 73 71 73 75 104 122 130 127 132 131 132 130 133 131 136 133 136 136 139 138 141 140 136 137 142 137 142 141 142 142 144 134 147 140 144 143 142 142 144 141 144 143 145 139 144 141 144 143 144 143 145 140 144 141 142 139 141 142 140 140 138 136 139 136 138 138 138 134 136 135 133 129 131 129 128 128 125 109 91 80 80 78 81 80 83 81 83 82 83 81 83 81 82 80 81 81 84 83 
CCD1=0 0 0 0 0 0 0 0 0 0 0 0 0 0 0 0 0 0 0 0 0 0 0 0 0 0 0 0 0 0 0 0 0 0 0 0 0 0 0 0 0 0 0 0 0 0 0 0 0 0 0 0 0 0 0 0 0 0 0 0 0 0 0 0 0 0 0 0 0 0 0 0 0 0 0 0 0 0 0 0 0 0 0 0 0 0 0 0 0 0 0 0 0 0 0 0 0 0 0 0 0 0 0 0 0 0 0 0 0 0 0 0 0 0 0 0 0 0 0 0 0 0 0 0 0 0 0 0 
[CCD拟图]
CCDLRC0=34 110 72 
CCDLRC1=34 110 72 
CCDLRC2=0 0 0 
[反馈数据]
0=6
1=122
2=8
3=4080
4=2100
5=1750
6=0
7=1
8=0
9=0
10=67
11=2115
12=2045
[控制固参]
0=0
