[CCD原图]
CCD0=54 61 66 66 71 72 75 73 75 72 74 72 75 72 75 73 74 72 78 90 111 114 107 114 120 118 122 120 124 123 125 125 127 127 129 128 132 128 132 133 133 131 135 133 138 134 135 137 140 138 140 140 138 137 141 136 141 141 143 143 145 135 147 141 145 144 141 142 144 141 144 143 146 139 145 141 143 141 142 138 124 90 83 80 84 84 88 87 88 86 86 84 85 83 85 82 85 81 84 82 83 80 83 81 82 81 82 81 82 80 81 79 81 78 81 79 81 79 81 78 80 78 80 78 80 80 84 81 
CCD1=0 0 0 0 0 0 0 0 0 0 0 0 0 0 0 0 0 0 0 0 0 0 0 0 0 0 0 0 0 0 0 0 0 0 0 0 0 0 0 0 0 0 0 0 0 0 0 0 0 0 0 0 0 0 0 0 0 0 0 0 0 0 0 0 0 0 0 0 0 0 0 0 0 0 0 0 0 0 0 0 0 0 0 0 0 0 0 0 0 0 0 0 0 0 0 0 0 0 0 0 0 0 0 0 0 0 0 0 0 0 0 0 0 0 0 0 0 0 0 0 0 0 0 0 0 0 0 0 
[CCD拟图]
CCDLRC0=17 83 50 
CCDLRC1=17 83 50 
CCDLRC2=0 0 0 
[反馈数据]
0=6
1=122
2=8
3=4080
4=2100
5=1750
6=0
7=1
8=0
9=0
10=100
11=2148
12=2078
[控制固参]
0=0
