[CCD原图]
CCD0=55 62 67 66 72 72 77 73 74 76 95 108 114 111 114 114 116 116 121 119 124 120 112 119 125 123 126 124 128 126 126 127 129 129 131 131 134 129 134 134 133 132 136 133 139 136 137 137 140 138 140 140 137 137 140 135 141 140 142 143 145 135 148 141 145 143 141 141 130 92 84 81 83 85 90 87 89 87 88 86 87 85 88 85 86 83 85 84 84 83 84 82 84 81 83 82 83 81 83 82 82 80 82 80 81 81 82 81 81 80 82 80 82 79 82 80 82 80 82 80 82 81 82 80 81 81 84 82 
CCD1=0 0 0 0 0 0 0 0 0 0 0 0 0 0 0 0 0 0 0 0 0 0 0 0 0 0 0 0 0 0 0 0 0 0 0 0 0 0 0 0 0 0 0 0 0 0 0 0 0 0 0 0 0 0 0 0 0 0 0 0 0 0 0 0 0 0 0 0 0 0 0 0 0 0 0 0 0 0 0 0 0 0 0 0 0 0 0 0 0 0 0 0 0 0 0 0 0 0 0 0 0 0 0 0 0 0 0 0 0 0 0 0 0 0 0 0 0 0 0 0 0 0 0 0 0 0 0 0 
[CCD拟图]
CCDLRC0=9 71 40 
CCDLRC1=9 71 40 
CCDLRC2=0 0 0 
[反馈数据]
0=6
1=122
2=8
3=4080
4=2100
5=1750
6=0
7=1
8=0
9=0
10=105
11=2153
12=2083
[控制固参]
0=0
