[CCD原图]
CCD0=54 61 67 67 73 72 76 72 83 100 114 113 116 112 115 116 117 117 121 119 122 119 111 118 125 123 126 125 127 126 128 127 130 129 131 130 134 129 135 134 134 133 136 133 139 135 136 137 141 139 141 139 136 135 141 137 141 140 142 142 145 135 148 140 144 142 139 115 87 79 82 84 89 86 90 87 88 86 87 85 88 85 86 83 85 82 84 83 84 83 84 82 83 81 83 82 84 81 83 81 82 80 82 80 81 80 82 81 81 80 81 80 81 79 81 79 81 79 82 79 81 80 81 80 81 81 83 82 
CCD1=0 0 0 0 0 0 0 0 0 0 0 0 0 0 0 0 0 0 0 0 0 0 0 0 0 0 0 0 0 0 0 0 0 0 0 0 0 0 0 0 0 0 0 0 0 0 0 0 0 0 0 0 0 0 0 0 0 0 0 0 0 0 0 0 0 0 0 0 0 0 0 0 0 0 0 0 0 0 0 0 0 0 0 0 0 0 0 0 0 0 0 0 0 0 0 0 0 0 0 0 0 0 0 0 0 0 0 0 0 0 0 0 0 0 0 0 0 0 0 0 0 0 0 0 0 0 0 0 
[CCD拟图]
CCDLRC0=8 69 38 
CCDLRC1=8 69 38 
CCDLRC2=0 0 0 
[反馈数据]
0=6
1=122
2=8
3=4080
4=2100
5=1750
6=0
7=1
8=0
9=0
10=130
11=2178
12=2108
[控制固参]
0=0
