[CCD原图]
CCD0=55 64 72 77 90 98 106 104 107 101 103 100 102 99 102 100 101 99 104 101 104 102 96 101 106 104 106 105 107 106 106 106 108 107 109 108 111 106 110 107 107 99 96 85 80 71 71 69 71 69 72 70 73 73 75 73 76 74 76 74 76 73 77 74 76 74 76 74 76 73 75 73 74 72 74 73 75 73 75 73 75 72 74 72 72 68 71 70 72 70 71 70 73 71 73 71 73 70 73 72 73 70 73 70 72 70 72 70 71 69 71 69 71 69 71 69 71 69 71 69 71 69 71 69 72 70 73 71 
CCD1=0 0 0 0 0 0 0 0 0 0 0 0 0 0 0 0 0 0 0 0 0 0 0 0 0 0 0 0 0 0 0 0 0 0 0 0 0 0 0 0 0 0 0 0 0 0 0 0 0 0 0 0 0 0 0 0 0 0 0 0 0 0 0 0 0 0 0 0 0 0 0 0 0 0 0 0 0 0 0 0 0 0 0 0 0 0 0 0 0 0 0 0 0 0 0 0 0 0 0 0 0 0 0 0 0 0 0 0 0 0 0 0 0 0 0 0 0 0 0 0 0 0 0 0 0 0 0 0 
[CCD拟图]
CCDLRC0=6 48 11 
CCDLRC1=6 48 11 
CCDLRC2=0 0 0 
[反馈数据]
0=6
1=122
2=8
3=4080
4=2100
5=1750
6=0
7=1
8=0
9=0
10=33
11=289
12=219
[控制固参]
0=0
