[CCD原图]
CCD0=55 61 66 67 72 73 75 73 84 100 114 113 115 112 115 116 116 117 121 119 122 120 112 118 125 123 126 125 128 127 128 127 129 129 131 130 134 129 134 135 134 133 136 133 138 134 136 137 140 139 141 141 137 136 140 136 142 140 142 142 145 135 147 139 144 142 139 115 87 80 81 84 90 87 89 87 88 86 88 85 87 84 86 84 85 83 84 84 85 83 83 81 83 81 84 82 83 81 83 81 83 80 82 80 81 80 82 80 82 80 82 80 81 79 82 79 81 79 81 79 81 80 82 79 80 80 83 81 
CCD1=0 0 0 0 0 0 0 0 0 0 0 0 0 0 0 0 0 0 0 0 0 0 0 0 0 0 0 0 0 0 0 0 0 0 0 0 0 0 0 0 0 0 0 0 0 0 0 0 0 0 0 0 0 0 0 0 0 0 0 0 0 0 0 0 0 0 0 0 0 0 0 0 0 0 0 0 0 0 0 0 0 0 0 0 0 0 0 0 0 0 0 0 0 0 0 0 0 0 0 0 0 0 0 0 0 0 0 0 0 0 0 0 0 0 0 0 0 0 0 0 0 0 0 0 0 0 0 0 
[CCD拟图]
CCDLRC0=8 69 38 
CCDLRC1=8 69 38 
CCDLRC2=0 0 0 
[反馈数据]
0=6
1=122
2=8
3=4080
4=2100
5=1750
6=0
7=1
8=0
9=0
10=173
11=2221
12=2151
[控制固参]
0=0
