[CCD原图]
CCD0=54 61 66 66 73 73 75 72 83 99 114 114 116 112 115 116 117 117 121 118 123 119 111 118 125 123 126 124 128 126 127 127 128 129 130 131 134 129 134 134 133 132 136 133 139 135 136 137 140 139 140 140 136 136 140 137 141 140 142 142 144 135 148 140 144 141 139 115 87 80 82 84 90 87 89 86 88 86 88 85 88 85 86 84 85 83 84 83 84 83 83 81 83 81 83 82 84 81 83 81 83 80 82 80 81 80 82 81 81 80 81 79 82 78 81 79 81 79 82 80 81 80 82 80 81 80 83 82 
CCD1=0 0 0 0 0 0 0 0 0 0 0 0 0 0 0 0 0 0 0 0 0 0 0 0 0 0 0 0 0 0 0 0 0 0 0 0 0 0 0 0 0 0 0 0 0 0 0 0 0 0 0 0 0 0 0 0 0 0 0 0 0 0 0 0 0 0 0 0 0 0 0 0 0 0 0 0 0 0 0 0 0 0 0 0 0 0 0 0 0 0 0 0 0 0 0 0 0 0 0 0 0 0 0 0 0 0 0 0 0 0 0 0 0 0 0 0 0 0 0 0 0 0 0 0 0 0 0 0 
[CCD拟图]
CCDLRC0=8 69 38 
CCDLRC1=8 69 38 
CCDLRC2=0 0 0 
[反馈数据]
0=6
1=122
2=8
3=4080
4=2100
5=1750
6=0
7=1
8=0
9=0
10=179
11=2227
12=2157
[控制固参]
0=0
