[CCD原图]
CCD0=55 62 67 67 74 72 75 73 86 103 114 112 116 113 116 115 117 117 121 119 122 119 111 118 124 123 126 123 128 126 127 126 128 128 131 130 133 129 134 133 134 132 135 134 138 134 136 136 140 138 140 140 136 135 139 137 142 139 142 142 145 135 147 139 144 141 138 110 86 80 83 84 90 87 89 87 88 86 88 85 87 85 86 84 85 82 84 82 85 83 83 82 84 82 84 82 84 81 83 81 83 80 82 80 81 81 81 81 81 80 81 80 81 79 81 79 82 80 82 80 81 80 82 80 81 81 83 82 
CCD1=0 0 0 0 0 0 0 0 0 0 0 0 0 0 0 0 0 0 0 0 0 0 0 0 0 0 0 0 0 0 0 0 0 0 0 0 0 0 0 0 0 0 0 0 0 0 0 0 0 0 0 0 0 0 0 0 0 0 0 0 0 0 0 0 0 0 0 0 0 0 0 0 0 0 0 0 0 0 0 0 0 0 0 0 0 0 0 0 0 0 0 0 0 0 0 0 0 0 0 0 0 0 0 0 0 0 0 0 0 0 0 0 0 0 0 0 0 0 0 0 0 0 0 0 0 0 0 0 
[CCD拟图]
CCDLRC0=8 69 38 
CCDLRC1=8 69 38 
CCDLRC2=0 0 0 
[反馈数据]
0=6
1=122
2=8
3=4080
4=2100
5=1750
6=0
7=1
8=0
9=0
10=225
11=2273
12=2203
[控制固参]
0=0
