[CCD原图]
CCD0=54 61 66 66 72 72 76 72 77 92 111 112 114 111 114 115 116 116 121 117 122 119 111 117 124 123 125 123 127 125 126 127 128 128 130 129 133 129 134 133 133 132 135 133 137 134 136 136 139 138 140 139 135 134 138 135 141 139 140 142 143 134 146 139 143 141 140 127 94 81 82 81 89 86 89 86 88 86 88 85 88 85 87 83 86 82 85 84 84 82 83 81 83 81 83 82 83 80 83 81 82 80 82 80 81 80 81 80 82 80 81 79 82 79 81 79 81 79 81 79 81 79 81 80 81 80 84 82 
CCD1=0 0 0 0 0 0 0 0 0 0 0 0 0 0 0 0 0 0 0 0 0 0 0 0 0 0 0 0 0 0 0 0 0 0 0 0 0 0 0 0 0 0 0 0 0 0 0 0 0 0 0 0 0 0 0 0 0 0 0 0 0 0 0 0 0 0 0 0 0 0 0 0 0 0 0 0 0 0 0 0 0 0 0 0 0 0 0 0 0 0 0 0 0 0 0 0 0 0 0 0 0 0 0 0 0 0 0 0 0 0 0 0 0 0 0 0 0 0 0 0 0 0 0 0 0 0 0 0 
[CCD拟图]
CCDLRC0=8 69 38 
CCDLRC1=8 69 38 
CCDLRC2=0 0 0 
[反馈数据]
0=6
1=122
2=8
3=4080
4=2100
5=1750
6=0
7=1
8=0
9=0
10=237
11=2285
12=2215
[控制固参]
0=0
