[CCD原图]
CCD0=54 61 67 66 72 73 76 72 76 90 109 112 114 110 114 115 116 116 120 117 123 119 111 117 124 122 126 123 127 125 126 127 128 128 130 129 132 129 134 133 133 132 135 133 138 134 135 136 140 138 139 139 137 135 139 135 141 140 141 142 144 134 147 139 143 141 140 128 95 80 82 82 88 86 89 86 88 86 88 85 87 84 86 83 85 83 84 83 84 82 84 81 83 81 84 81 84 81 83 81 82 80 81 80 81 80 82 80 81 79 81 79 82 78 82 78 81 79 82 80 81 80 81 80 81 81 83 82 
CCD1=0 0 0 0 0 0 0 0 0 0 0 0 0 0 0 0 0 0 0 0 0 0 0 0 0 0 0 0 0 0 0 0 0 0 0 0 0 0 0 0 0 0 0 0 0 0 0 0 0 0 0 0 0 0 0 0 0 0 0 0 0 0 0 0 0 0 0 0 0 0 0 0 0 0 0 0 0 0 0 0 0 0 0 0 0 0 0 0 0 0 0 0 0 0 0 0 0 0 0 0 0 0 0 0 0 0 0 0 0 0 0 0 0 0 0 0 0 0 0 0 0 0 0 0 0 0 0 0 
[CCD拟图]
CCDLRC0=8 69 38 
CCDLRC1=8 69 38 
CCDLRC2=0 0 0 
[反馈数据]
0=6
1=122
2=8
3=4080
4=2100
5=1750
6=0
7=1
8=0
9=0
10=247
11=2295
12=2225
[控制固参]
0=0
