[CCD原图]
CCD0=55 62 67 67 73 73 77 72 76 85 106 111 115 111 114 116 116 116 120 118 122 119 111 118 124 123 126 124 127 125 126 126 128 128 131 129 134 128 134 133 134 132 135 133 137 134 136 136 139 138 140 139 136 135 140 136 141 140 141 141 143 133 146 139 143 141 139 134 103 81 82 81 88 86 90 87 88 86 88 85 87 85 86 83 85 83 84 83 84 83 84 81 84 82 84 82 83 81 83 81 82 80 82 80 81 81 82 81 81 80 82 79 81 78 81 79 81 80 82 80 81 80 82 80 81 81 84 82 
CCD1=0 0 0 0 0 0 0 0 0 0 0 0 0 0 0 0 0 0 0 0 0 0 0 0 0 0 0 0 0 0 0 0 0 0 0 0 0 0 0 0 0 0 0 0 0 0 0 0 0 0 0 0 0 0 0 0 0 0 0 0 0 0 0 0 0 0 0 0 0 0 0 0 0 0 0 0 0 0 0 0 0 0 0 0 0 0 0 0 0 0 0 0 0 0 0 0 0 0 0 0 0 0 0 0 0 0 0 0 0 0 0 0 0 0 0 0 0 0 0 0 0 0 0 0 0 0 0 0 
[CCD拟图]
CCDLRC0=9 69 39 
CCDLRC1=9 69 39 
CCDLRC2=0 0 0 
[反馈数据]
0=6
1=122
2=8
3=4080
4=2100
5=1750
6=0
7=1
8=0
9=0
10=9
11=2313
12=2243
[控制固参]
0=0
