[CCD原图]
CCD0=54 61 66 65 72 72 76 71 76 87 108 110 114 110 113 114 115 115 119 117 121 117 110 116 123 120 124 122 126 124 125 125 127 127 129 128 132 127 132 132 131 131 133 131 137 132 134 135 137 136 138 138 135 134 137 133 139 137 139 140 141 132 145 137 141 139 138 130 97 80 81 81 87 86 88 86 87 85 86 85 87 83 86 83 85 81 84 82 83 82 82 81 83 80 83 81 83 80 82 81 82 79 81 79 80 79 81 79 81 79 81 78 81 78 81 78 81 79 81 79 80 79 81 79 81 80 83 82 
CCD1=0 0 0 0 0 0 0 0 0 0 0 0 0 0 0 0 0 0 0 0 0 0 0 0 0 0 0 0 0 0 0 0 0 0 0 0 0 0 0 0 0 0 0 0 0 0 0 0 0 0 0 0 0 0 0 0 0 0 0 0 0 0 0 0 0 0 0 0 0 0 0 0 0 0 0 0 0 0 0 0 0 0 0 0 0 0 0 0 0 0 0 0 0 0 0 0 0 0 0 0 0 0 0 0 0 0 0 0 0 0 0 0 0 0 0 0 0 0 0 0 0 0 0 0 0 0 0 0 
[CCD拟图]
CCDLRC0=8 69 38 
CCDLRC1=8 69 38 
CCDLRC2=0 0 0 
[反馈数据]
0=6
1=122
2=8
3=4080
4=2100
5=1750
6=0
7=1
8=0
9=0
10=45
11=2349
12=2279
[控制固参]
0=0
