[CCD原图]
CCD0=53 61 66 66 71 72 75 71 75 84 105 110 113 109 113 113 115 114 119 117 120 117 109 115 123 121 123 122 126 124 125 125 127 127 129 127 132 127 132 132 132 130 134 131 136 132 134 134 138 137 138 138 135 134 137 133 139 138 139 140 141 132 145 137 142 140 138 133 103 80 81 80 86 85 88 85 87 85 87 84 86 84 86 82 84 82 83 82 83 82 83 80 82 80 83 81 83 81 82 80 81 79 82 79 80 80 81 79 81 79 81 79 81 77 80 78 80 79 81 78 81 79 81 78 80 80 83 81 
CCD1=0 0 0 0 0 0 0 0 0 0 0 0 0 0 0 0 0 0 0 0 0 0 0 0 0 0 0 0 0 0 0 0 0 0 0 0 0 0 0 0 0 0 0 0 0 0 0 0 0 0 0 0 0 0 0 0 0 0 0 0 0 0 0 0 0 0 0 0 0 0 0 0 0 0 0 0 0 0 0 0 0 0 0 0 0 0 0 0 0 0 0 0 0 0 0 0 0 0 0 0 0 0 0 0 0 0 0 0 0 0 0 0 0 0 0 0 0 0 0 0 0 0 0 0 0 0 0 0 
[CCD拟图]
CCDLRC0=8 69 38 
CCDLRC1=8 69 38 
CCDLRC2=0 0 0 
[反馈数据]
0=6
1=122
2=8
3=4080
4=2100
5=1750
6=0
7=1
8=0
9=0
10=58
11=2362
12=2292
[控制固参]
0=0
