[CCD原图]
CCD0=53 60 65 65 70 71 75 72 75 72 75 71 73 71 73 71 73 72 75 74 77 75 74 75 79 77 80 77 80 78 83 87 97 105 115 118 125 121 127 126 126 124 127 124 128 124 126 126 129 127 128 128 126 125 129 125 130 128 129 129 130 122 134 128 132 129 129 130 131 128 132 130 132 127 131 128 131 129 130 129 132 127 132 129 131 128 131 133 131 130 129 127 128 125 129 128 130 124 127 127 126 122 125 122 122 123 124 124 122 121 120 120 121 117 121 117 120 118 120 116 118 117 119 117 116 120 125 124 
CCD1=0 0 0 0 0 0 0 0 0 0 0 0 0 0 0 0 0 0 0 0 0 0 0 0 0 0 0 0 0 0 0 0 0 0 0 0 0 0 0 0 0 0 0 0 0 0 0 0 0 0 0 0 0 0 0 0 0 0 0 0 0 0 0 0 0 0 0 0 0 0 0 0 0 0 0 0 0 0 0 0 0 0 0 0 0 0 0 0 0 0 0 0 0 0 0 0 0 0 0 0 0 0 0 0 0 0 0 0 0 0 0 0 0 0 0 0 0 0 0 0 0 0 0 0 0 0 0 0 
[CCD拟图]
CCDLRC0=31 122 76 
CCDLRC1=31 122 76 
CCDLRC2=0 0 0 
[反馈数据]
0=6
1=122
2=8
3=4080
4=2100
5=1750
6=0
7=1
8=0
9=0
10=101
11=2405
12=2335
[控制固参]
0=0
