[CCD原图]
CCD0=54 61 66 67 74 74 80 77 80 78 80 77 80 77 80 79 80 79 82 80 83 81 80 79 81 73 74 72 78 107 126 130 132 133 136 136 140 134 140 140 139 138 142 140 145 142 144 145 148 147 148 148 146 147 152 149 154 153 154 153 155 144 157 148 152 150 149 149 149 146 148 147 148 143 148 145 148 147 149 148 150 145 149 147 149 148 146 150 146 145 143 141 143 138 140 140 142 135 123 92 85 81 84 86 88 87 87 84 86 85 87 86 88 84 87 84 87 86 87 85 86 85 86 84 84 85 87 85 
CCD1=0 0 0 0 0 0 0 0 0 0 0 0 0 0 0 0 0 0 0 0 0 0 0 0 0 0 0 0 0 0 0 0 0 0 0 0 0 0 0 0 0 0 0 0 0 0 0 0 0 0 0 0 0 0 0 0 0 0 0 0 0 0 0 0 0 0 0 0 0 0 0 0 0 0 0 0 0 0 0 0 0 0 0 0 0 0 0 0 0 0 0 0 0 0 0 0 0 0 0 0 0 0 0 0 0 0 0 0 0 0 0 0 0 0 0 0 0 0 0 0 0 0 0 0 0 0 0 0 
[CCD拟图]
CCDLRC0=28 100 64 
CCDLRC1=28 100 64 
CCDLRC2=0 0 0 
[反馈数据]
0=6
1=122
2=8
3=4080
4=2100
5=1750
6=0
7=1
8=0
9=0
10=156
11=2460
12=2390
[控制固参]
0=0
