[CCD原图]
CCD0=54 61 66 67 73 75 79 77 79 77 79 76 79 76 79 77 79 78 80 78 81 78 77 78 82 79 81 80 83 81 83 81 83 82 85 83 84 79 80 76 78 75 78 83 102 116 131 138 145 145 148 151 151 156 165 163 172 171 171 165 160 144 154 143 147 144 142 143 144 140 143 141 144 137 142 139 142 141 142 141 144 139 146 150 161 164 166 167 158 154 146 140 140 136 139 137 139 135 138 137 137 134 137 134 134 136 137 138 135 134 134 133 135 129 133 130 133 132 133 130 132 130 133 131 129 129 113 92 
CCD1=0 0 0 0 0 0 0 0 0 0 0 0 0 0 0 0 0 0 0 0 0 0 0 0 0 0 0 0 0 0 0 0 0 0 0 0 0 0 0 0 0 0 0 0 0 0 0 0 0 0 0 0 0 0 0 0 0 0 0 0 0 0 0 0 0 0 0 0 0 0 0 0 0 0 0 0 0 0 0 0 0 0 0 0 0 0 0 0 0 0 0 0 0 0 0 0 0 0 0 0 0 0 0 0 0 0 0 0 0 0 0 0 0 0 0 0 0 0 0 0 0 0 0 0 0 0 0 0 
[CCD拟图]
CCDLRC0=42 122 83 
CCDLRC1=42 122 83 
CCDLRC2=0 0 0 
[反馈数据]
0=6
1=122
2=8
3=4080
4=2100
5=1750
6=0
7=1
8=0
9=0
10=7
11=2567
12=2497
[控制固参]
0=0
