[CCD原图]
CCD0=54 60 66 67 73 74 79 77 79 76 79 76 78 75 78 76 78 76 80 78 81 78 78 79 82 79 82 80 83 80 82 81 83 82 85 83 86 83 87 85 84 79 79 77 79 75 78 79 95 113 129 139 142 145 150 145 148 145 144 143 145 135 147 139 143 141 141 142 142 139 142 141 144 138 142 139 141 140 142 142 146 141 147 146 148 146 147 151 148 147 144 141 142 139 141 139 141 135 137 136 136 131 134 131 132 134 135 136 132 129 127 130 131 127 133 129 133 132 134 131 132 131 135 133 130 136 143 142 
CCD1=0 0 0 0 0 0 0 0 0 0 0 0 0 0 0 0 0 0 0 0 0 0 0 0 0 0 0 0 0 0 0 0 0 0 0 0 0 0 0 0 0 0 0 0 0 0 0 0 0 0 0 0 0 0 0 0 0 0 0 0 0 0 0 0 0 0 0 0 0 0 0 0 0 0 0 0 0 0 0 0 0 0 0 0 0 0 0 0 0 0 0 0 0 0 0 0 0 0 0 0 0 0 0 0 0 0 0 0 0 0 0 0 0 0 0 0 0 0 0 0 0 0 0 0 0 0 0 0 
[CCD拟图]
CCDLRC0=46 122 87 
CCDLRC1=46 122 87 
CCDLRC2=0 0 0 
[反馈数据]
0=6
1=122
2=8
3=4080
4=2100
5=1750
6=0
7=1
8=0
9=0
10=11
11=2571
12=2501
[控制固参]
0=0
