[CCD原图]
CCD0=54 61 66 66 73 74 80 77 79 76 79 76 78 75 78 77 79 78 80 78 80 76 75 73 80 87 101 110 124 129 131 130 131 129 131 129 131 124 129 127 125 123 125 122 125 121 123 123 126 125 126 125 125 124 128 124 128 127 129 129 131 123 135 129 134 134 136 139 142 142 147 146 147 139 142 136 137 131 131 129 130 124 127 123 124 121 122 122 120 118 117 115 116 109 104 92 84 74 74 73 75 74 76 75 76 74 75 74 75 74 75 72 75 72 75 71 74 72 74 71 72 71 72 70 72 71 72 70 
CCD1=0 0 0 0 0 0 0 0 0 0 0 0 0 0 0 0 0 0 0 0 0 0 0 0 0 0 0 0 0 0 0 0 0 0 0 0 0 0 0 0 0 0 0 0 0 0 0 0 0 0 0 0 0 0 0 0 0 0 0 0 0 0 0 0 0 0 0 0 0 0 0 0 0 0 0 0 0 0 0 0 0 0 0 0 0 0 0 0 0 0 0 0 0 0 0 0 0 0 0 0 0 0 0 0 0 0 0 0 0 0 0 0 0 0 0 0 0 0 0 0 0 0 0 0 0 0 0 0 
[CCD拟图]
CCDLRC0=19 91 55 
CCDLRC1=19 91 55 
CCDLRC2=0 0 0 
[反馈数据]
0=6
1=122
2=8
3=4080
4=2100
5=1750
6=0
7=1
8=0
9=0
10=74
11=330
12=260
[控制固参]
0=0
