[CCD原图]
CCD0=54 61 66 67 74 76 81 78 81 78 80 77 80 77 79 78 79 78 80 78 81 79 78 79 82 78 78 78 95 122 131 132 133 134 136 136 140 135 140 140 140 138 142 141 145 141 144 145 148 146 147 146 145 144 149 144 150 148 150 149 151 140 153 146 150 147 148 148 148 145 148 146 148 141 144 142 144 143 144 144 147 142 146 143 145 142 143 145 142 141 140 137 140 136 139 137 129 92 83 80 82 81 84 82 83 82 84 82 83 81 83 80 82 79 81 79 81 79 81 79 81 78 81 79 80 80 83 81 
CCD1=0 0 0 0 0 0 0 0 0 0 0 0 0 0 0 0 0 0 0 0 0 0 0 0 0 0 0 0 0 0 0 0 0 0 0 0 0 0 0 0 0 0 0 0 0 0 0 0 0 0 0 0 0 0 0 0 0 0 0 0 0 0 0 0 0 0 0 0 0 0 0 0 0 0 0 0 0 0 0 0 0 0 0 0 0 0 0 0 0 0 0 0 0 0 0 0 0 0 0 0 0 0 0 0 0 0 0 0 0 0 0 0 0 0 0 0 0 0 0 0 0 0 0 0 0 0 0 0 
[CCD拟图]
CCDLRC0=28 99 63 
CCDLRC1=28 99 63 
CCDLRC2=0 0 0 
[反馈数据]
0=6
1=122
2=8
3=4080
4=2100
5=1750
6=0
7=1
8=0
9=0
10=65
11=2625
12=2555
[控制固参]
0=0
