[CCD原图]
CCD0=54 60 67 67 74 75 80 77 80 77 79 77 79 77 78 76 78 77 80 78 80 77 77 74 76 75 93 116 123 123 124 124 125 127 129 128 132 127 132 132 132 130 135 132 137 135 137 137 140 138 139 138 136 134 140 135 140 139 140 141 143 133 146 139 143 141 141 141 142 138 142 140 142 137 141 138 140 137 139 137 138 133 137 134 136 133 130 135 133 131 129 123 111 85 80 77 78 76 80 80 82 79 81 79 81 79 81 79 80 78 79 78 80 76 80 77 79 77 79 78 79 78 79 77 79 78 81 79 
CCD1=0 0 0 0 0 0 0 0 0 0 0 0 0 0 0 0 0 0 0 0 0 0 0 0 0 0 0 0 0 0 0 0 0 0 0 0 0 0 0 0 0 0 0 0 0 0 0 0 0 0 0 0 0 0 0 0 0 0 0 0 0 0 0 0 0 0 0 0 0 0 0 0 0 0 0 0 0 0 0 0 0 0 0 0 0 0 0 0 0 0 0 0 0 0 0 0 0 0 0 0 0 0 0 0 0 0 0 0 0 0 0 0 0 0 0 0 0 0 0 0 0 0 0 0 0 0 0 0 
[CCD拟图]
CCDLRC0=25 94 59 
CCDLRC1=25 94 59 
CCDLRC2=0 0 0 
[反馈数据]
0=6
1=122
2=8
3=4080
4=2100
5=1750
6=0
7=1
8=0
9=0
10=90
11=2650
12=2580
[控制固参]
0=0
