[CCD原图]
CCD0=54 60 66 66 73 73 78 75 78 75 77 74 76 75 77 76 77 76 79 77 79 75 74 73 75 72 74 77 97 114 124 127 131 131 133 133 137 131 136 136 136 134 138 135 139 135 138 138 141 138 140 139 136 135 140 135 141 139 141 142 143 134 146 139 143 141 141 141 143 139 142 141 143 137 143 139 142 140 142 140 143 138 142 139 141 138 138 141 139 138 137 134 136 133 136 136 137 132 135 134 132 127 129 119 108 94 85 79 79 76 76 74 75 74 78 77 81 79 81 79 81 80 82 79 81 80 83 81 
CCD1=0 0 0 0 0 0 0 0 0 0 0 0 0 0 0 0 0 0 0 0 0 0 0 0 0 0 0 0 0 0 0 0 0 0 0 0 0 0 0 0 0 0 0 0 0 0 0 0 0 0 0 0 0 0 0 0 0 0 0 0 0 0 0 0 0 0 0 0 0 0 0 0 0 0 0 0 0 0 0 0 0 0 0 0 0 0 0 0 0 0 0 0 0 0 0 0 0 0 0 0 0 0 0 0 0 0 0 0 0 0 0 0 0 0 0 0 0 0 0 0 0 0 0 0 0 0 0 0 
[CCD拟图]
CCDLRC0=27 103 65 
CCDLRC1=27 103 65 
CCDLRC2=0 0 0 
[反馈数据]
0=6
1=122
2=8
3=4080
4=2100
5=1750
6=0
7=1
8=0
9=0
10=149
11=2709
12=2639
[控制固参]
0=0
