[CCD原图]
CCD0=53 60 65 65 71 72 77 74 77 74 76 74 76 73 76 74 76 75 78 76 78 76 75 75 79 78 80 77 79 78 80 79 80 78 81 79 82 79 81 80 81 80 82 80 84 82 84 82 84 81 84 80 79 75 77 75 79 78 82 80 81 76 81 82 93 104 115 126 133 133 138 137 141 134 138 136 139 137 139 138 139 134 139 136 138 135 136 138 136 136 135 133 135 132 134 134 135 131 134 133 132 129 132 128 129 130 131 131 128 127 127 126 128 123 126 122 125 124 126 122 122 122 124 122 121 126 130 129 
CCD1=0 0 0 0 0 0 0 0 0 0 0 0 0 0 0 0 0 0 0 0 0 0 0 0 0 0 0 0 0 0 0 0 0 0 0 0 0 0 0 0 0 0 0 0 0 0 0 0 0 0 0 0 0 0 0 0 0 0 0 0 0 0 0 0 0 0 0 0 0 0 0 0 0 0 0 0 0 0 0 0 0 0 0 0 0 0 0 0 0 0 0 0 0 0 0 0 0 0 0 0 0 0 0 0 0 0 0 0 0 0 0 0 0 0 0 0 0 0 0 0 0 0 0 0 0 0 0 0 
[CCD拟图]
CCDLRC0=58 122 103 
CCDLRC1=58 122 103 
CCDLRC2=0 0 0 
[反馈数据]
0=6
1=122
2=8
3=4080
4=2100
5=1750
6=0
7=1
8=0
9=0
10=168
11=2728
12=2658
[控制固参]
0=0
