[CCD原图]
CCD0=53 60 66 65 71 72 78 77 80 78 80 78 80 76 79 77 80 79 82 79 82 80 79 79 82 80 83 80 82 80 81 80 82 80 82 81 84 81 84 82 84 82 84 82 86 84 86 85 88 87 88 86 86 84 87 83 86 84 86 85 87 82 87 83 85 84 85 85 86 83 86 84 86 83 86 83 86 84 87 84 88 84 87 83 83 80 82 88 104 123 134 134 137 133 136 135 136 131 133 130 128 122 124 120 120 120 119 120 117 115 116 114 115 110 114 110 114 113 113 111 113 111 114 110 110 114 118 118 
CCD1=0 0 0 0 0 0 0 0 0 0 0 0 0 0 0 0 0 0 0 0 0 0 0 0 0 0 0 0 0 0 0 0 0 0 0 0 0 0 0 0 0 0 0 0 0 0 0 0 0 0 0 0 0 0 0 0 0 0 0 0 0 0 0 0 0 0 0 0 0 0 0 0 0 0 0 0 0 0 0 0 0 0 0 0 0 0 0 0 0 0 0 0 0 0 0 0 0 0 0 0 0 0 0 0 0 0 0 0 0 0 0 0 0 0 0 0 0 0 0 0 0 0 0 0 0 0 0 0 
[CCD拟图]
CCDLRC0=6 122 113 
CCDLRC1=6 122 113 
CCDLRC2=0 0 0 
[反馈数据]
0=6
1=122
2=8
3=4080
4=2100
5=1750
6=0
7=1
8=0
9=0
10=90
11=346
12=276
[控制固参]
0=0
