[CCD原图]
CCD0=51 57 62 60 64 63 66 63 65 63 65 63 65 63 65 63 65 64 66 64 66 64 66 64 67 65 67 65 67 66 67 65 67 66 68 67 69 67 69 67 69 67 69 68 70 67 70 68 70 68 70 68 70 68 70 68 71 69 70 69 71 68 71 68 70 68 70 68 70 67 70 68 69 67 69 67 69 67 69 68 69 67 69 67 69 66 69 67 68 67 68 66 68 66 69 67 68 66 68 68 68 66 68 66 68 66 69 67 69 67 68 67 69 67 69 66 69 67 67 63 66 64 67 65 68 68 70 68 
CCD1=0 0 0 0 0 0 0 0 0 0 0 0 0 0 0 0 0 0 0 0 0 0 0 0 0 0 0 0 0 0 0 0 0 0 0 0 0 0 0 0 0 0 0 0 0 0 0 0 0 0 0 0 0 0 0 0 0 0 0 0 0 0 0 0 0 0 0 0 0 0 0 0 0 0 0 0 0 0 0 0 0 0 0 0 0 0 0 0 0 0 0 0 0 0 0 0 0 0 0 0 0 0 0 0 0 0 0 0 0 0 0 0 0 0 0 0 0 0 0 0 0 0 0 0 0 0 0 0 
[CCD拟图]
CCDLRC0=6 122 67 
CCDLRC1=6 122 67 
CCDLRC2=0 0 0 
[反馈数据]
0=6
1=122
2=8
3=4080
4=2100
5=1750
6=0
7=1
8=0
9=0
10=44
11=2860
12=2790
[控制固参]
0=0
