[CCD原图]
CCD0=51 57 62 60 65 67 72 67 68 65 63 60 63 60 63 62 66 66 69 67 69 66 67 65 67 63 65 63 65 63 65 63 65 64 66 64 67 65 69 69 74 71 73 71 72 69 70 68 72 71 73 68 68 66 68 65 66 65 66 65 67 66 69 67 68 67 69 67 69 66 69 67 69 66 69 66 69 66 69 67 69 67 69 67 69 67 69 67 69 67 68 66 68 66 67 66 68 66 68 66 68 66 67 65 67 66 67 66 67 65 67 65 67 65 67 65 66 64 67 64 66 64 65 64 65 64 67 65 
CCD1=0 0 0 0 0 0 0 0 0 0 0 0 0 0 0 0 0 0 0 0 0 0 0 0 0 0 0 0 0 0 0 0 0 0 0 0 0 0 0 0 0 0 0 0 0 0 0 0 0 0 0 0 0 0 0 0 0 0 0 0 0 0 0 0 0 0 0 0 0 0 0 0 0 0 0 0 0 0 0 0 0 0 0 0 0 0 0 0 0 0 0 0 0 0 0 0 0 0 0 0 0 0 0 0 0 0 0 0 0 0 0 0 0 0 0 0 0 0 0 0 0 0 0 0 0 0 0 0 
[CCD拟图]
CCDLRC0=6 122 67 
CCDLRC1=6 122 67 
CCDLRC2=0 0 0 
[反馈数据]
0=6
1=122
2=8
3=4080
4=2100
5=1750
6=0
7=1
8=0
9=0
10=81
11=2897
12=2827
[控制固参]
0=0
