[CCD原图]
CCD0=50 55 60 58 61 59 62 59 62 60 63 60 62 59 62 60 63 61 64 62 64 63 64 62 64 61 62 60 63 60 63 62 63 61 64 61 64 62 64 61 63 61 63 61 64 61 64 62 65 63 65 62 65 62 65 63 65 63 66 63 66 63 66 63 65 64 66 63 66 64 66 64 66 63 65 64 65 63 66 63 66 64 66 64 66 63 66 64 66 64 66 64 66 64 66 64 66 63 66 64 66 64 66 63 66 64 65 64 66 64 66 63 65 63 65 63 65 63 65 64 65 63 65 63 65 63 65 63 
CCD1=0 0 0 0 0 0 0 0 0 0 0 0 0 0 0 0 0 0 0 0 0 0 0 0 0 0 0 0 0 0 0 0 0 0 0 0 0 0 0 0 0 0 0 0 0 0 0 0 0 0 0 0 0 0 0 0 0 0 0 0 0 0 0 0 0 0 0 0 0 0 0 0 0 0 0 0 0 0 0 0 0 0 0 0 0 0 0 0 0 0 0 0 0 0 0 0 0 0 0 0 0 0 0 0 0 0 0 0 0 0 0 0 0 0 0 0 0 0 0 0 0 0 0 0 0 0 0 0 
[CCD拟图]
CCDLRC0=6 122 67 
CCDLRC1=6 122 67 
CCDLRC2=0 0 0 
[反馈数据]
0=6
1=122
2=8
3=4080
4=2100
5=1750
6=0
7=1
8=0
9=0
10=184
11=3000
12=2930
[控制固参]
0=0
