[CCD原图]
CCD0=69 80 87 107 117 127 124 126 120 123 120 121 117 119 119 120 120 124 123 127 126 118 128 137 134 142 145 156 156 156 153 150 146 145 143 144 132 126 105 97 99 108 112 122 124 132 136 141 141 144 144 141 141 146 142 147 145 148 148 151 140 155 147 153 152 151 152 153 150 153 152 155 149 154 150 152 150 151 151 152 146 149 146 146 143 143 145 142 141 140 136 138 135 137 137 137 132 134 133 133 130 133 131 131 133 134 134 132 131 131 130 133 127 133 128 132 131 133 130 132 131 134 131 128 135 139 139 133 
CCD1=0 0 0 0 0 0 0 0 0 0 0 0 0 0 0 0 0 0 0 0 0 0 0 0 0 0 0 0 0 0 0 0 0 0 0 0 0 0 0 0 0 0 0 0 0 0 0 0 0 0 0 0 0 0 0 0 0 0 0 0 0 0 0 0 0 0 0 0 0 0 0 0 0 0 0 0 0 0 0 0 0 0 0 0 0 0 0 0 0 0 0 0 0 0 0 0 0 0 0 0 0 0 0 0 0 0 0 0 0 0 0 0 0 0 0 0 0 0 0 0 0 0 0 0 0 0 0 0 
[CCD拟图]
CCDLRC0=7 120 64 
CCDLRC1=7 120 64 
CCDLRC2=0 0 0 
[反馈数据]
0=6
1=122
2=8
3=4080
4=2100
5=1750
6=0
7=1
8=0
9=0
10=2
11=3074
12=3004
[控制固参]
0=0
