[CCD原图]
CCD0=68 79 86 105 117 126 123 125 121 121 118 121 117 119 119 119 119 123 121 125 123 115 123 132 131 136 137 143 145 151 153 152 148 143 129 103 80 79 77 78 76 80 80 83 80 81 78 79 77 78 76 78 76 78 77 82 86 95 106 128 131 149 143 150 149 148 149 150 147 150 150 152 145 150 148 151 149 150 149 152 146 150 145 147 144 144 147 144 143 141 137 138 134 134 133 134 131 135 133 134 130 133 131 131 133 133 134 131 130 131 130 133 127 133 128 132 131 133 129 131 131 133 130 128 134 141 140 134 
CCD1=0 0 0 0 0 0 0 0 0 0 0 0 0 0 0 0 0 0 0 0 0 0 0 0 0 0 0 0 0 0 0 0 0 0 0 0 0 0 0 0 0 0 0 0 0 0 0 0 0 0 0 0 0 0 0 0 0 0 0 0 0 0 0 0 0 0 0 0 0 0 0 0 0 0 0 0 0 0 0 0 0 0 0 0 0 0 0 0 0 0 0 0 0 0 0 0 0 0 0 0 0 0 0 0 0 0 0 0 0 0 0 0 0 0 0 0 0 0 0 0 0 0 0 0 0 0 0 0 
[CCD拟图]
CCDLRC0=61 120 94 
CCDLRC1=61 120 94 
CCDLRC2=0 0 0 
[反馈数据]
0=6
1=122
2=8
3=4080
4=2100
5=1750
6=0
7=1
8=0
9=0
10=10
11=3082
12=3012
[控制固参]
0=0
