[CCD原图]
CCD0=69 79 87 105 116 126 123 124 120 121 118 121 116 119 118 119 118 123 121 125 123 114 122 130 129 134 135 141 143 150 151 151 146 138 117 90 76 78 76 78 78 84 84 86 84 85 81 82 79 79 76 78 76 77 76 79 77 81 84 99 109 131 134 144 146 147 148 149 147 150 149 151 145 150 147 150 149 150 149 151 145 149 145 146 143 144 146 144 142 139 137 138 134 135 135 136 133 135 133 133 129 132 129 128 131 132 134 131 131 130 130 131 126 132 128 131 131 132 129 131 130 133 131 128 135 141 140 134 
CCD1=0 0 0 0 0 0 0 0 0 0 0 0 0 0 0 0 0 0 0 0 0 0 0 0 0 0 0 0 0 0 0 0 0 0 0 0 0 0 0 0 0 0 0 0 0 0 0 0 0 0 0 0 0 0 0 0 0 0 0 0 0 0 0 0 0 0 0 0 0 0 0 0 0 0 0 0 0 0 0 0 0 0 0 0 0 0 0 0 0 0 0 0 0 0 0 0 0 0 0 0 0 0 0 0 0 0 0 0 0 0 0 0 0 0 0 0 0 0 0 0 0 0 0 0 0 0 0 0 
[CCD拟图]
CCDLRC0=61 120 94 
CCDLRC1=61 120 94 
CCDLRC2=0 0 0 
[反馈数据]
0=6
1=122
2=8
3=4080
4=2100
5=1750
6=0
7=1
8=0
9=0
10=12
11=3084
12=3014
[控制固参]
0=0
