[CCD原图]
CCD0=68 79 85 104 114 125 122 125 118 121 117 118 115 117 118 118 117 122 119 123 120 112 118 126 124 128 127 133 125 91 78 79 78 82 84 87 83 86 84 85 82 84 81 83 80 81 80 81 78 80 78 79 77 80 77 81 79 82 81 83 79 84 81 85 84 85 84 87 85 89 87 90 87 90 87 90 89 90 89 90 86 88 84 84 80 81 80 84 84 88 91 103 107 117 121 126 127 132 131 132 128 130 127 128 129 130 131 128 127 128 127 129 124 128 124 128 126 128 125 128 127 130 128 126 133 138 137 132 
CCD1=0 0 0 0 0 0 0 0 0 0 0 0 0 0 0 0 0 0 0 0 0 0 0 0 0 0 0 0 0 0 0 0 0 0 0 0 0 0 0 0 0 0 0 0 0 0 0 0 0 0 0 0 0 0 0 0 0 0 0 0 0 0 0 0 0 0 0 0 0 0 0 0 0 0 0 0 0 0 0 0 0 0 0 0 0 0 0 0 0 0 0 0 0 0 0 0 0 0 0 0 0 0 0 0 0 0 0 0 0 0 0 0 0 0 0 0 0 0 0 0 0 0 0 0 0 0 0 0 
[CCD拟图]
CCDLRC0=91 120 118 
CCDLRC1=91 120 118 
CCDLRC2=0 0 0 
[反馈数据]
0=6
1=122
2=8
3=4080
4=2100
5=1750
6=0
7=1
8=0
9=0
10=28
11=3100
12=3030
[控制固参]
0=0
