[CCD原图]
CCD0=54 60 66 66 74 75 81 78 80 77 79 76 79 76 78 77 78 78 80 78 81 78 77 77 81 79 78 73 74 72 73 71 84 102 120 124 129 125 130 129 128 125 127 124 128 123 125 124 126 124 124 124 121 120 123 119 123 123 124 125 127 119 130 124 128 126 126 127 128 125 128 125 128 122 125 121 122 119 119 118 119 113 116 112 115 112 112 113 111 110 109 107 109 106 110 109 110 106 109 107 105 100 95 76 74 72 73 71 73 73 73 72 76 74 75 73 77 77 78 74 76 76 91 98 87 83 77 71 
CCD1=0 0 0 0 0 0 0 0 0 0 0 0 0 0 0 0 0 0 0 0 0 0 0 0 0 0 0 0 0 0 0 0 0 0 0 0 0 0 0 0 0 0 0 0 0 0 0 0 0 0 0 0 0 0 0 0 0 0 0 0 0 0 0 0 0 0 0 0 0 0 0 0 0 0 0 0 0 0 0 0 0 0 0 0 0 0 0 0 0 0 0 0 0 0 0 0 0 0 0 0 0 0 0 0 0 0 0 0 0 0 0 0 0 0 0 0 0 0 0 0 0 0 0 0 0 0 0 0 
[CCD拟图]
CCDLRC0=31 103 67 
CCDLRC1=31 103 67 
CCDLRC2=0 0 0 
[反馈数据]
0=6
1=122
2=8
3=4080
4=2100
5=1750
6=0
7=1
8=0
9=0
10=124
11=380
12=310
[控制固参]
0=0
