[CCD原图]
CCD0=68 80 87 106 117 127 124 126 121 123 119 120 117 119 119 120 118 122 120 124 120 113 119 125 122 126 123 127 125 126 126 127 127 129 129 132 127 133 132 131 129 132 125 114 91 82 79 81 79 81 79 80 79 82 79 83 81 84 83 84 81 85 81 83 81 84 82 83 81 84 82 83 80 82 80 81 80 82 81 82 79 81 79 81 78 81 79 81 79 82 80 84 82 85 84 85 83 85 83 84 80 82 80 81 80 81 79 81 78 80 78 80 77 79 76 79 77 79 77 78 77 78 76 78 77 79 77 71 
CCD1=0 0 0 0 0 0 0 0 0 0 0 0 0 0 0 0 0 0 0 0 0 0 0 0 0 0 0 0 0 0 0 0 0 0 0 0 0 0 0 0 0 0 0 0 0 0 0 0 0 0 0 0 0 0 0 0 0 0 0 0 0 0 0 0 0 0 0 0 0 0 0 0 0 0 0 0 0 0 0 0 0 0 0 0 0 0 0 0 0 0 0 0 0 0 0 0 0 0 0 0 0 0 0 0 0 0 0 0 0 0 0 0 0 0 0 0 0 0 0 0 0 0 0 0 0 0 0 0 
[CCD拟图]
CCDLRC0=118 118 118 
CCDLRC1=118 118 118 
CCDLRC2=0 0 0 
[反馈数据]
0=6
1=122
2=8
3=4080
4=2100
5=1750
6=0
7=1
8=0
9=0
10=39
11=3111
12=3041
[控制固参]
0=0
