[CCD原图]
CCD0=60 67 66 72 70 75 87 122 131 138 136 136 128 125 123 121 120 123 120 125 122 114 120 127 125 126 124 128 127 128 127 129 130 132 131 134 129 133 134 133 131 135 132 136 133 134 135 138 136 137 137 135 134 137 134 139 137 139 139 141 132 144 138 144 142 143 145 147 146 150 149 146 114 89 77 80 79 86 88 91 86 88 85 85 83 84 82 82 80 80 79 81 78 80 78 80 77 79 78 80 76 78 76 78 76 77 76 77 75 76 75 76 73 76 74 76 74 76 73 75 74 75 73 75 74 76 74 68 
CCD1=0 0 0 0 0 0 0 0 0 0 0 0 0 0 0 0 0 0 0 0 0 0 0 0 0 0 0 0 0 0 0 0 0 0 0 0 0 0 0 0 0 0 0 0 0 0 0 0 0 0 0 0 0 0 0 0 0 0 0 0 0 0 0 0 0 0 0 0 0 0 0 0 0 0 0 0 0 0 0 0 0 0 0 0 0 0 0 0 0 0 0 0 0 0 0 0 0 0 0 0 0 0 0 0 0 0 0 0 0 0 0 0 0 0 0 0 0 0 0 0 0 0 0 0 0 0 0 0 
[CCD拟图]
CCDLRC0=8 120 41 
CCDLRC1=8 120 41 
CCDLRC2=0 0 0 
[反馈数据]
0=6
1=122
2=8
3=4080
4=2100
5=1750
6=0
7=1
8=0
9=0
10=55
11=3127
12=3057
[控制固参]
0=0
