[CCD原图]
CCD0=58 66 67 74 75 80 77 80 77 80 77 80 77 79 78 79 78 81 79 82 79 79 79 83 80 79 76 80 88 119 127 131 132 134 132 134 129 132 131 132 131 133 131 135 131 134 135 138 135 136 136 134 133 137 133 138 136 137 138 140 131 143 136 141 139 138 138 139 136 139 137 140 133 138 136 139 136 137 135 138 133 137 134 136 134 135 137 135 134 134 131 133 129 130 128 128 123 124 116 91 74 75 73 77 76 78 76 78 76 78 75 77 74 76 74 75 74 76 74 75 73 75 74 74 73 76 75 69 
CCD1=0 0 0 0 0 0 0 0 0 0 0 0 0 0 0 0 0 0 0 0 0 0 0 0 0 0 0 0 0 0 0 0 0 0 0 0 0 0 0 0 0 0 0 0 0 0 0 0 0 0 0 0 0 0 0 0 0 0 0 0 0 0 0 0 0 0 0 0 0 0 0 0 0 0 0 0 0 0 0 0 0 0 0 0 0 0 0 0 0 0 0 0 0 0 0 0 0 0 0 0 0 0 0 0 0 0 0 0 0 0 0 0 0 0 0 0 0 0 0 0 0 0 0 0 0 0 0 0 
[CCD拟图]
CCDLRC0=32 96 64 
CCDLRC1=32 96 64 
CCDLRC2=0 0 0 
[反馈数据]
0=6
1=122
2=8
3=4080
4=2100
5=1750
6=0
7=1
8=0
9=0
10=99
11=3171
12=3101
[控制固参]
0=0
