[CCD原图]
CCD0=59 66 67 74 75 80 77 80 77 79 77 79 76 79 78 80 78 81 79 82 79 79 79 82 78 81 78 82 99 126 131 133 132 134 132 134 128 134 132 132 130 133 130 135 132 134 135 138 136 137 136 135 134 138 134 139 137 138 139 141 132 145 139 142 140 139 139 140 136 138 137 139 134 139 136 138 136 137 135 138 132 138 135 137 135 136 140 137 137 135 131 133 130 133 132 133 127 126 117 91 75 75 74 80 79 79 77 78 76 77 75 76 74 76 74 76 74 76 74 75 73 74 73 74 74 76 74 68 
CCD1=0 0 0 0 0 0 0 0 0 0 0 0 0 0 0 0 0 0 0 0 0 0 0 0 0 0 0 0 0 0 0 0 0 0 0 0 0 0 0 0 0 0 0 0 0 0 0 0 0 0 0 0 0 0 0 0 0 0 0 0 0 0 0 0 0 0 0 0 0 0 0 0 0 0 0 0 0 0 0 0 0 0 0 0 0 0 0 0 0 0 0 0 0 0 0 0 0 0 0 0 0 0 0 0 0 0 0 0 0 0 0 0 0 0 0 0 0 0 0 0 0 0 0 0 0 0 0 0 
[CCD拟图]
CCDLRC0=31 96 63 
CCDLRC1=31 96 63 
CCDLRC2=0 0 0 
[反馈数据]
0=6
1=122
2=8
3=4080
4=2100
5=1750
6=0
7=1
8=0
9=0
10=101
11=3173
12=3103
[控制固参]
0=0
