[CCD原图]
CCD0=66 78 84 103 112 123 120 123 118 121 118 121 116 118 118 118 119 123 122 129 128 120 129 140 140 141 135 135 133 135 134 134 132 131 130 132 126 131 130 130 128 131 129 134 129 131 131 134 131 133 133 130 129 133 129 134 132 134 134 136 127 140 132 136 134 133 133 134 132 134 132 134 129 133 131 133 130 131 129 129 123 125 117 106 87 78 74 74 73 74 72 76 74 77 75 78 75 76 75 75 74 76 74 75 74 75 74 75 74 75 73 75 72 74 72 74 72 73 71 72 71 72 70 71 70 71 69 63 
CCD1=0 0 0 0 0 0 0 0 0 0 0 0 0 0 0 0 0 0 0 0 0 0 0 0 0 0 0 0 0 0 0 0 0 0 0 0 0 0 0 0 0 0 0 0 0 0 0 0 0 0 0 0 0 0 0 0 0 0 0 0 0 0 0 0 0 0 0 0 0 0 0 0 0 0 0 0 0 0 0 0 0 0 0 0 0 0 0 0 0 0 0 0 0 0 0 0 0 0 0 0 0 0 0 0 0 0 0 0 0 0 0 0 0 0 0 0 0 0 0 0 0 0 0 0 0 0 0 0 
[CCD拟图]
CCDLRC0=24 81 52 
CCDLRC1=24 81 52 
CCDLRC2=0 0 0 
[反馈数据]
0=6
1=122
2=8
3=4080
4=2100
5=1750
6=0
7=1
8=0
9=0
10=144
11=3216
12=3146
[控制固参]
0=0
