[CCD原图]
CCD0=67 79 84 103 112 122 119 121 116 119 116 117 114 116 116 117 117 122 120 123 119 111 117 125 123 125 124 128 127 129 132 137 141 147 147 149 140 142 138 134 131 133 130 135 130 131 132 134 133 134 133 131 129 133 129 132 129 130 130 132 123 134 127 132 129 129 129 130 127 129 127 129 124 128 125 127 126 126 123 119 101 89 77 77 74 76 76 79 77 78 75 77 75 76 75 76 74 75 73 74 71 72 70 71 69 73 73 77 78 83 83 88 87 92 90 94 93 95 91 84 93 100 96 93 96 97 94 87 
CCD1=0 0 0 0 0 0 0 0 0 0 0 0 0 0 0 0 0 0 0 0 0 0 0 0 0 0 0 0 0 0 0 0 0 0 0 0 0 0 0 0 0 0 0 0 0 0 0 0 0 0 0 0 0 0 0 0 0 0 0 0 0 0 0 0 0 0 0 0 0 0 0 0 0 0 0 0 0 0 0 0 0 0 0 0 0 0 0 0 0 0 0 0 0 0 0 0 0 0 0 0 0 0 0 0 0 0 0 0 0 0 0 0 0 0 0 0 0 0 0 0 0 0 0 0 0 0 0 0 
[CCD拟图]
CCDLRC0=7 77 44 
CCDLRC1=7 77 44 
CCDLRC2=0 0 0 
[反馈数据]
0=6
1=122
2=8
3=4080
4=2100
5=1750
6=0
7=1
8=0
9=0
10=176
11=3248
12=3178
[控制固参]
0=0
