[CCD原图]
CCD0=67 79 84 103 114 122 119 122 116 118 115 118 114 116 116 116 117 121 120 124 120 111 117 125 123 125 124 128 127 128 130 134 137 143 144 148 140 143 139 135 132 134 130 135 130 132 132 134 132 133 133 131 129 134 128 133 130 131 129 132 123 134 127 131 129 128 129 129 126 129 127 129 124 127 124 127 125 126 123 119 103 90 78 76 74 75 75 78 77 78 75 77 75 76 74 77 73 75 74 74 72 72 70 71 70 73 74 78 79 84 85 90 89 93 91 94 94 95 93 93 82 97 97 91 93 99 93 86 
CCD1=0 0 0 0 0 0 0 0 0 0 0 0 0 0 0 0 0 0 0 0 0 0 0 0 0 0 0 0 0 0 0 0 0 0 0 0 0 0 0 0 0 0 0 0 0 0 0 0 0 0 0 0 0 0 0 0 0 0 0 0 0 0 0 0 0 0 0 0 0 0 0 0 0 0 0 0 0 0 0 0 0 0 0 0 0 0 0 0 0 0 0 0 0 0 0 0 0 0 0 0 0 0 0 0 0 0 0 0 0 0 0 0 0 0 0 0 0 0 0 0 0 0 0 0 0 0 0 0 
[CCD拟图]
CCDLRC0=7 77 44 
CCDLRC1=7 77 44 
CCDLRC2=0 0 0 
[反馈数据]
0=6
1=122
2=8
3=4080
4=2100
5=1750
6=0
7=1
8=0
9=0
10=178
11=3250
12=3180
[控制固参]
0=0
