[CCD原图]
CCD0=67 78 85 103 112 122 119 122 116 118 115 118 114 116 116 117 117 121 120 124 119 111 117 124 123 125 124 127 126 128 128 131 133 134 135 139 133 137 135 133 130 133 130 134 130 132 132 135 133 133 133 131 129 134 128 132 130 131 131 132 123 133 127 131 128 128 128 128 125 129 126 128 123 127 124 127 124 123 113 100 83 78 75 76 75 78 77 79 77 78 75 77 74 76 74 77 73 75 73 75 72 74 72 74 74 78 80 84 86 92 92 95 92 95 93 96 94 95 92 95 84 93 92 86 89 95 88 81 
CCD1=0 0 0 0 0 0 0 0 0 0 0 0 0 0 0 0 0 0 0 0 0 0 0 0 0 0 0 0 0 0 0 0 0 0 0 0 0 0 0 0 0 0 0 0 0 0 0 0 0 0 0 0 0 0 0 0 0 0 0 0 0 0 0 0 0 0 0 0 0 0 0 0 0 0 0 0 0 0 0 0 0 0 0 0 0 0 0 0 0 0 0 0 0 0 0 0 0 0 0 0 0 0 0 0 0 0 0 0 0 0 0 0 0 0 0 0 0 0 0 0 0 0 0 0 0 0 0 0 
[CCD拟图]
CCDLRC0=7 76 43 
CCDLRC1=7 76 43 
CCDLRC2=0 0 0 
[反馈数据]
0=6
1=122
2=8
3=4080
4=2100
5=1750
6=0
7=1
8=0
9=0
10=186
11=3258
12=3188
[控制固参]
0=0
