[CCD原图]
CCD0=67 79 85 103 112 123 118 121 115 118 114 116 112 115 115 115 116 119 117 121 119 112 118 123 122 125 123 126 124 126 126 129 131 134 134 139 135 141 140 138 134 135 132 135 131 133 133 136 134 135 134 132 130 135 130 134 133 133 132 133 123 135 128 131 129 128 128 129 126 128 127 129 123 127 125 127 124 126 124 125 113 104 86 79 74 75 75 77 76 78 75 78 75 77 75 76 74 76 74 75 72 74 72 73 72 75 76 79 80 86 88 93 91 96 93 97 96 98 93 96 95 94 90 90 91 95 87 81 
CCD1=0 0 0 0 0 0 0 0 0 0 0 0 0 0 0 0 0 0 0 0 0 0 0 0 0 0 0 0 0 0 0 0 0 0 0 0 0 0 0 0 0 0 0 0 0 0 0 0 0 0 0 0 0 0 0 0 0 0 0 0 0 0 0 0 0 0 0 0 0 0 0 0 0 0 0 0 0 0 0 0 0 0 0 0 0 0 0 0 0 0 0 0 0 0 0 0 0 0 0 0 0 0 0 0 0 0 0 0 0 0 0 0 0 0 0 0 0 0 0 0 0 0 0 0 0 0 0 0 
[CCD拟图]
CCDLRC0=7 77 44 
CCDLRC1=7 77 44 
CCDLRC2=0 0 0 
[反馈数据]
0=6
1=122
2=8
3=4080
4=2100
5=1750
6=0
7=1
8=0
9=0
10=191
11=3263
12=3193
[控制固参]
0=0
