[CCD原图]
CCD0=60 67 68 76 77 83 80 82 76 78 80 102 115 121 123 123 124 127 126 129 127 118 125 132 130 133 130 133 131 131 130 131 130 133 132 135 130 135 134 134 131 135 133 137 134 137 137 141 141 143 143 141 142 147 143 150 149 151 150 151 139 153 143 146 144 143 143 144 140 143 140 142 137 141 137 140 137 138 136 139 133 136 134 134 132 133 134 131 129 127 120 117 103 94 84 82 78 81 80 83 80 84 82 83 83 84 83 83 81 81 78 79 76 78 75 77 75 76 74 76 74 76 74 75 74 77 75 69 
CCD1=0 0 0 0 0 0 0 0 0 0 0 0 0 0 0 0 0 0 0 0 0 0 0 0 0 0 0 0 0 0 0 0 0 0 0 0 0 0 0 0 0 0 0 0 0 0 0 0 0 0 0 0 0 0 0 0 0 0 0 0 0 0 0 0 0 0 0 0 0 0 0 0 0 0 0 0 0 0 0 0 0 0 0 0 0 0 0 0 0 0 0 0 0 0 0 0 0 0 0 0 0 0 0 0 0 0 0 0 0 0 0 0 0 0 0 0 0 0 0 0 0 0 0 0 0 0 0 0 
[CCD拟图]
CCDLRC0=12 81 46 
CCDLRC1=12 81 46 
CCDLRC2=0 0 0 
[反馈数据]
0=6
1=122
2=8
3=4080
4=2100
5=1750
6=0
7=1
8=0
9=0
10=3
11=3331
12=3261
[控制固参]
0=0
