[CCD原图]
CCD0=54 61 66 67 73 75 80 77 80 76 79 76 79 77 79 77 79 78 80 78 81 80 79 80 84 81 81 77 78 76 84 91 125 143 145 141 142 131 127 124 124 121 124 122 126 122 125 124 127 126 128 127 126 125 128 125 130 128 130 131 134 127 144 143 151 151 149 148 144 136 135 130 130 124 127 123 125 123 124 123 125 120 124 119 121 118 120 120 119 118 117 114 116 114 116 114 116 112 115 113 112 108 106 89 77 71 73 72 73 71 72 70 72 70 73 72 74 71 72 70 72 71 72 70 72 70 73 71 
CCD1=0 0 0 0 0 0 0 0 0 0 0 0 0 0 0 0 0 0 0 0 0 0 0 0 0 0 0 0 0 0 0 0 0 0 0 0 0 0 0 0 0 0 0 0 0 0 0 0 0 0 0 0 0 0 0 0 0 0 0 0 0 0 0 0 0 0 0 0 0 0 0 0 0 0 0 0 0 0 0 0 0 0 0 0 0 0 0 0 0 0 0 0 0 0 0 0 0 0 0 0 0 0 0 0 0 0 0 0 0 0 0 0 0 0 0 0 0 0 0 0 0 0 0 0 0 0 0 0 
[CCD拟图]
CCDLRC0=32 104 68 
CCDLRC1=32 104 68 
CCDLRC2=0 0 0 
[反馈数据]
0=6
1=122
2=8
3=4080
4=2100
5=1750
6=0
7=1
8=0
9=0
10=149
11=405
12=335
[控制固参]
0=0
