[CCD原图]
CCD0=60 67 68 76 78 83 81 83 80 82 79 79 71 71 71 81 97 114 122 129 127 118 126 134 131 133 130 133 131 132 133 135 135 138 137 141 134 139 137 137 133 136 134 138 134 136 136 140 138 140 140 138 137 142 138 143 143 145 146 148 139 154 147 154 153 153 154 155 151 152 149 151 143 147 143 144 141 142 141 143 137 139 131 118 89 79 75 76 74 76 77 81 79 81 79 82 79 81 78 80 79 81 80 81 80 82 81 81 79 81 78 81 77 80 78 80 77 79 77 78 76 78 74 75 73 76 74 68 
CCD1=0 0 0 0 0 0 0 0 0 0 0 0 0 0 0 0 0 0 0 0 0 0 0 0 0 0 0 0 0 0 0 0 0 0 0 0 0 0 0 0 0 0 0 0 0 0 0 0 0 0 0 0 0 0 0 0 0 0 0 0 0 0 0 0 0 0 0 0 0 0 0 0 0 0 0 0 0 0 0 0 0 0 0 0 0 0 0 0 0 0 0 0 0 0 0 0 0 0 0 0 0 0 0 0 0 0 0 0 0 0 0 0 0 0 0 0 0 0 0 0 0 0 0 0 0 0 0 0 
[CCD拟图]
CCDLRC0=21 83 52 
CCDLRC1=21 83 52 
CCDLRC2=0 0 0 
[反馈数据]
0=6
1=122
2=8
3=4080
4=2100
5=1750
6=0
7=1
8=0
9=0
10=20
11=3348
12=3278
[控制固参]
0=0
