[CCD原图]
CCD0=59 67 67 75 78 83 81 82 80 82 80 82 79 81 79 81 80 82 78 77 72 72 72 86 104 120 124 129 128 129 129 130 131 135 135 141 137 144 143 142 139 142 138 141 136 138 137 140 137 139 139 136 135 140 136 142 141 144 144 147 137 151 144 149 148 148 150 152 151 156 155 157 149 153 150 152 148 149 147 148 143 146 141 141 133 114 83 79 76 77 76 82 80 83 81 83 79 82 80 81 79 81 78 78 76 78 76 78 76 79 79 81 78 81 78 80 78 80 77 79 77 79 77 78 78 81 78 72 
CCD1=0 0 0 0 0 0 0 0 0 0 0 0 0 0 0 0 0 0 0 0 0 0 0 0 0 0 0 0 0 0 0 0 0 0 0 0 0 0 0 0 0 0 0 0 0 0 0 0 0 0 0 0 0 0 0 0 0 0 0 0 0 0 0 0 0 0 0 0 0 0 0 0 0 0 0 0 0 0 0 0 0 0 0 0 0 0 0 0 0 0 0 0 0 0 0 0 0 0 0 0 0 0 0 0 0 0 0 0 0 0 0 0 0 0 0 0 0 0 0 0 0 0 0 0 0 0 0 0 
[CCD拟图]
CCDLRC0=27 82 54 
CCDLRC1=27 82 54 
CCDLRC2=0 0 0 
[反馈数据]
0=6
1=122
2=8
3=4080
4=2100
5=1750
6=0
7=1
8=0
9=0
10=40
11=3368
12=3298
[控制固参]
0=0
