[CCD原图]
CCD0=60 67 67 75 78 82 80 83 80 82 79 82 79 80 76 75 73 75 72 81 97 104 118 128 127 131 128 133 132 132 132 134 134 136 135 140 135 141 141 140 137 140 137 140 136 138 138 141 140 141 140 139 138 141 138 143 142 145 146 149 138 152 145 150 149 150 152 154 152 156 155 157 149 153 149 149 146 146 144 147 141 145 142 142 139 137 132 108 81 78 74 76 76 81 81 82 80 83 81 81 78 81 79 80 78 79 77 78 76 79 77 80 78 80 78 80 78 80 77 79 77 79 77 78 78 80 79 72 
CCD1=0 0 0 0 0 0 0 0 0 0 0 0 0 0 0 0 0 0 0 0 0 0 0 0 0 0 0 0 0 0 0 0 0 0 0 0 0 0 0 0 0 0 0 0 0 0 0 0 0 0 0 0 0 0 0 0 0 0 0 0 0 0 0 0 0 0 0 0 0 0 0 0 0 0 0 0 0 0 0 0 0 0 0 0 0 0 0 0 0 0 0 0 0 0 0 0 0 0 0 0 0 0 0 0 0 0 0 0 0 0 0 0 0 0 0 0 0 0 0 0 0 0 0 0 0 0 0 0 
[CCD拟图]
CCDLRC0=24 83 53 
CCDLRC1=24 83 53 
CCDLRC2=0 0 0 
[反馈数据]
0=6
1=122
2=8
3=4080
4=2100
5=1750
6=0
7=1
8=0
9=0
10=46
11=3374
12=3304
[控制固参]
0=0
