[CCD原图]
CCD0=60 66 67 75 77 82 80 82 78 81 78 79 77 79 78 79 78 81 79 81 79 78 78 82 80 83 81 83 81 83 82 83 83 85 83 86 84 87 85 86 84 86 84 88 85 87 86 88 86 88 86 87 85 87 85 89 86 87 84 84 79 85 83 86 83 87 87 96 105 121 132 149 150 162 165 170 167 164 158 154 142 144 138 139 136 136 137 134 133 132 130 133 129 131 130 131 127 130 129 128 125 128 125 126 127 127 127 126 124 126 126 131 130 139 139 146 146 147 141 139 135 133 127 122 126 129 128 122 
CCD1=0 0 0 0 0 0 0 0 0 0 0 0 0 0 0 0 0 0 0 0 0 0 0 0 0 0 0 0 0 0 0 0 0 0 0 0 0 0 0 0 0 0 0 0 0 0 0 0 0 0 0 0 0 0 0 0 0 0 0 0 0 0 0 0 0 0 0 0 0 0 0 0 0 0 0 0 0 0 0 0 0 0 0 0 0 0 0 0 0 0 0 0 0 0 0 0 0 0 0 0 0 0 0 0 0 0 0 0 0 0 0 0 0 0 0 0 0 0 0 0 0 0 0 0 0 0 0 0 
[CCD拟图]
CCDLRC0=71 120 104 
CCDLRC1=71 120 104 
CCDLRC2=0 0 0 
[反馈数据]
0=6
1=122
2=8
3=4080
4=2100
5=1750
6=0
7=1
8=0
9=0
10=118
11=3446
12=3376
[控制固参]
0=0
