[CCD原图]
CCD0=59 66 67 74 76 80 78 81 78 81 78 80 78 80 78 79 78 81 79 81 79 77 78 82 79 82 80 83 81 82 81 82 81 83 81 85 82 84 83 85 83 86 84 88 86 88 86 88 87 88 86 86 86 88 84 88 85 88 87 89 85 89 86 88 87 88 86 88 86 89 88 90 86 89 87 87 81 81 78 83 82 91 105 126 138 147 150 142 138 134 130 132 129 130 130 131 127 130 128 128 125 126 124 124 124 126 127 124 124 124 124 125 120 125 120 123 123 125 123 128 132 140 141 140 149 155 153 147 
CCD1=0 0 0 0 0 0 0 0 0 0 0 0 0 0 0 0 0 0 0 0 0 0 0 0 0 0 0 0 0 0 0 0 0 0 0 0 0 0 0 0 0 0 0 0 0 0 0 0 0 0 0 0 0 0 0 0 0 0 0 0 0 0 0 0 0 0 0 0 0 0 0 0 0 0 0 0 0 0 0 0 0 0 0 0 0 0 0 0 0 0 0 0 0 0 0 0 0 0 0 0 0 0 0 0 0 0 0 0 0 0 0 0 0 0 0 0 0 0 0 0 0 0 0 0 0 0 0 0 
[CCD拟图]
CCDLRC0=83 120 116 
CCDLRC1=83 120 116 
CCDLRC2=0 0 0 
[反馈数据]
0=6
1=122
2=8
3=4080
4=2100
5=1750
6=0
7=1
8=0
9=0
10=123
11=3451
12=3381
[控制固参]
0=0
