[CCD原图]
CCD0=59 66 67 74 76 80 79 81 78 80 78 80 77 79 78 80 78 81 79 81 79 77 79 82 80 82 80 82 80 81 80 82 81 84 82 84 81 84 83 84 82 85 84 88 85 87 86 88 87 89 86 86 84 87 85 88 86 88 86 88 84 89 85 88 86 88 86 88 85 88 86 89 86 89 88 89 88 88 82 81 78 81 79 82 87 103 122 134 139 136 132 132 129 130 129 131 126 129 128 128 124 127 124 124 125 126 125 124 123 124 122 125 119 124 119 124 122 124 121 124 123 130 132 134 146 155 155 149 
CCD1=0 0 0 0 0 0 0 0 0 0 0 0 0 0 0 0 0 0 0 0 0 0 0 0 0 0 0 0 0 0 0 0 0 0 0 0 0 0 0 0 0 0 0 0 0 0 0 0 0 0 0 0 0 0 0 0 0 0 0 0 0 0 0 0 0 0 0 0 0 0 0 0 0 0 0 0 0 0 0 0 0 0 0 0 0 0 0 0 0 0 0 0 0 0 0 0 0 0 0 0 0 0 0 0 0 0 0 0 0 0 0 0 0 0 0 0 0 0 0 0 0 0 0 0 0 0 0 0 
[CCD拟图]
CCDLRC0=86 120 119 
CCDLRC1=86 120 119 
CCDLRC2=0 0 0 
[反馈数据]
0=6
1=122
2=8
3=4080
4=2100
5=1750
6=0
7=1
8=0
9=0
10=125
11=3453
12=3383
[控制固参]
0=0
