[CCD原图]
CCD0=60 66 67 76 77 82 79 81 78 79 77 79 76 79 77 78 77 79 77 81 78 76 77 81 79 82 79 82 80 81 81 82 81 84 83 86 83 86 85 86 83 86 83 86 83 85 84 86 84 86 84 85 83 87 83 86 85 87 86 88 84 89 85 88 86 88 87 89 87 90 88 91 87 89 83 84 81 84 84 88 82 81 76 77 80 98 118 126 130 130 128 131 128 130 129 131 127 130 129 129 124 128 125 125 126 127 128 126 126 129 130 135 134 145 145 152 153 154 146 140 132 129 124 120 125 129 127 121 
CCD1=0 0 0 0 0 0 0 0 0 0 0 0 0 0 0 0 0 0 0 0 0 0 0 0 0 0 0 0 0 0 0 0 0 0 0 0 0 0 0 0 0 0 0 0 0 0 0 0 0 0 0 0 0 0 0 0 0 0 0 0 0 0 0 0 0 0 0 0 0 0 0 0 0 0 0 0 0 0 0 0 0 0 0 0 0 0 0 0 0 0 0 0 0 0 0 0 0 0 0 0 0 0 0 0 0 0 0 0 0 0 0 0 0 0 0 0 0 0 0 0 0 0 0 0 0 0 0 0 
[CCD拟图]
CCDLRC0=91 120 119 
CCDLRC1=91 120 119 
CCDLRC2=0 0 0 
[反馈数据]
0=6
1=122
2=8
3=4080
4=2100
5=1750
6=0
7=1
8=0
9=0
10=146
11=3474
12=3404
[控制固参]
0=0
