[CCD原图]
CCD0=55 64 74 83 102 113 124 121 124 119 121 118 120 115 118 118 120 120 125 123 127 124 117 124 132 130 132 129 132 131 129 128 128 127 129 128 130 125 130 128 128 125 128 125 130 126 129 129 131 129 131 130 128 127 132 127 132 130 131 131 134 127 143 141 147 141 136 133 130 125 127 124 125 120 123 120 122 118 120 114 105 90 81 74 76 74 77 74 72 71 72 70 73 73 77 74 76 74 76 74 75 73 75 72 72 69 70 69 72 70 72 70 73 71 72 70 72 70 72 70 72 70 72 70 72 70 73 71 
CCD1=0 0 0 0 0 0 0 0 0 0 0 0 0 0 0 0 0 0 0 0 0 0 0 0 0 0 0 0 0 0 0 0 0 0 0 0 0 0 0 0 0 0 0 0 0 0 0 0 0 0 0 0 0 0 0 0 0 0 0 0 0 0 0 0 0 0 0 0 0 0 0 0 0 0 0 0 0 0 0 0 0 0 0 0 0 0 0 0 0 0 0 0 0 0 0 0 0 0 0 0 0 0 0 0 0 0 0 0 0 0 0 0 0 0 0 0 0 0 0 0 0 0 0 0 0 0 0 0 
[CCD拟图]
CCDLRC0=6 90 48 
CCDLRC1=6 90 48 
CCDLRC2=0 0 0 
[反馈数据]
0=6
1=122
2=8
3=4080
4=2100
5=1750
6=0
7=1
8=0
9=0
10=162
11=418
12=348
[控制固参]
0=0
