[CCD原图]
CCD0=68 80 87 108 119 131 129 131 125 127 122 124 120 121 122 121 120 125 122 124 121 113 119 125 124 126 123 126 124 126 126 127 127 130 130 133 128 133 133 133 132 136 134 140 137 140 141 144 143 144 143 141 140 144 138 143 140 142 141 143 133 145 137 142 139 139 138 138 128 114 92 83 77 80 78 82 82 83 80 83 79 79 76 78 76 80 80 81 79 81 78 81 78 80 78 79 77 79 78 79 76 78 77 78 77 79 78 80 78 80 78 80 78 80 78 81 79 80 78 80 78 80 77 78 76 80 78 71 
CCD1=0 0 0 0 0 0 0 0 0 0 0 0 0 0 0 0 0 0 0 0 0 0 0 0 0 0 0 0 0 0 0 0 0 0 0 0 0 0 0 0 0 0 0 0 0 0 0 0 0 0 0 0 0 0 0 0 0 0 0 0 0 0 0 0 0 0 0 0 0 0 0 0 0 0 0 0 0 0 0 0 0 0 0 0 0 0 0 0 0 0 0 0 0 0 0 0 0 0 0 0 0 0 0 0 0 0 0 0 0 0 0 0 0 0 0 0 0 0 0 0 0 0 0 0 0 0 0 0 
[CCD拟图]
CCDLRC0=7 67 34 
CCDLRC1=7 67 34 
CCDLRC2=0 0 0 
[反馈数据]
0=6
1=122
2=8
3=4080
4=2100
5=1750
6=0
7=1
8=0
9=0
10=228
11=3556
12=3486
[控制固参]
0=0
