[CCD原图]
CCD0=67 79 86 103 114 124 121 123 117 119 115 117 113 117 116 117 117 122 119 124 121 113 120 127 125 129 128 132 130 132 132 134 135 139 140 144 139 143 142 142 139 142 139 144 138 140 141 143 140 142 141 138 136 140 134 140 138 139 139 142 132 145 137 142 140 140 140 140 137 139 134 132 116 107 89 81 75 77 76 78 75 78 78 84 86 90 91 90 87 88 84 86 82 84 81 83 79 81 79 80 77 79 77 78 77 79 77 78 75 78 76 78 75 77 74 76 75 76 75 75 74 76 75 76 75 78 77 71 
CCD1=0 0 0 0 0 0 0 0 0 0 0 0 0 0 0 0 0 0 0 0 0 0 0 0 0 0 0 0 0 0 0 0 0 0 0 0 0 0 0 0 0 0 0 0 0 0 0 0 0 0 0 0 0 0 0 0 0 0 0 0 0 0 0 0 0 0 0 0 0 0 0 0 0 0 0 0 0 0 0 0 0 0 0 0 0 0 0 0 0 0 0 0 0 0 0 0 0 0 0 0 0 0 0 0 0 0 0 0 0 0 0 0 0 0 0 0 0 0 0 0 0 0 0 0 0 0 0 0 
[CCD拟图]
CCDLRC0=7 69 36 
CCDLRC1=7 69 36 
CCDLRC2=0 0 0 
[反馈数据]
0=6
1=122
2=8
3=4080
4=2100
5=1750
6=0
7=1
8=0
9=0
10=3
11=3587
12=3517
[控制固参]
0=0
