[CCD原图]
CCD0=59 66 66 73 74 78 76 78 75 78 76 78 75 77 76 78 76 79 77 79 78 76 76 80 78 80 78 80 77 79 78 80 79 81 79 82 79 82 80 81 79 81 76 77 74 76 76 80 78 82 79 81 79 82 80 83 82 85 85 87 83 88 85 88 86 88 87 88 85 87 84 86 82 85 82 84 81 83 81 82 80 81 79 81 78 80 79 79 78 79 77 79 76 79 77 79 77 78 77 78 76 78 76 78 76 78 78 79 77 79 78 80 77 81 78 82 79 81 78 80 78 80 78 78 78 80 78 72 
CCD1=0 0 0 0 0 0 0 0 0 0 0 0 0 0 0 0 0 0 0 0 0 0 0 0 0 0 0 0 0 0 0 0 0 0 0 0 0 0 0 0 0 0 0 0 0 0 0 0 0 0 0 0 0 0 0 0 0 0 0 0 0 0 0 0 0 0 0 0 0 0 0 0 0 0 0 0 0 0 0 0 0 0 0 0 0 0 0 0 0 0 0 0 0 0 0 0 0 0 0 0 0 0 0 0 0 0 0 0 0 0 0 0 0 0 0 0 0 0 0 0 0 0 0 0 0 0 0 0 
[CCD拟图]
CCDLRC0=16 16 16 
CCDLRC1=16 16 16 
CCDLRC2=0 0 0 
[反馈数据]
0=6
1=122
2=8
3=4080
4=2100
5=1750
6=0
7=1
8=0
9=0
10=40
11=3624
12=3554
[控制固参]
0=0
