[CCD原图]
CCD0=58 66 66 72 73 78 76 78 75 78 75 78 74 76 75 77 75 78 76 79 77 76 76 80 78 80 78 80 79 80 78 80 79 81 78 81 78 81 80 81 80 82 79 82 80 83 81 82 77 78 75 78 78 81 79 82 81 82 81 84 80 85 82 85 84 87 86 87 85 88 85 87 84 87 84 86 83 85 83 85 80 83 81 82 79 81 80 80 78 80 77 79 77 79 77 79 75 79 77 79 75 78 76 78 76 78 76 78 76 78 75 78 76 78 76 79 77 80 78 80 78 80 78 79 79 83 82 75 
CCD1=0 0 0 0 0 0 0 0 0 0 0 0 0 0 0 0 0 0 0 0 0 0 0 0 0 0 0 0 0 0 0 0 0 0 0 0 0 0 0 0 0 0 0 0 0 0 0 0 0 0 0 0 0 0 0 0 0 0 0 0 0 0 0 0 0 0 0 0 0 0 0 0 0 0 0 0 0 0 0 0 0 0 0 0 0 0 0 0 0 0 0 0 0 0 0 0 0 0 0 0 0 0 0 0 0 0 0 0 0 0 0 0 0 0 0 0 0 0 0 0 0 0 0 0 0 0 0 0 
[CCD拟图]
CCDLRC0=16 16 16 
CCDLRC1=16 16 16 
CCDLRC2=0 0 0 
[反馈数据]
0=6
1=122
2=8
3=4080
4=2100
5=1750
6=0
7=1
8=0
9=0
10=43
11=3627
12=3557
[控制固参]
0=0
