[CCD原图]
CCD0=59 67 68 76 79 84 81 83 78 81 78 80 77 80 77 79 78 81 79 82 80 79 79 83 81 81 77 78 78 104 122 126 126 129 130 133 129 135 135 136 138 148 151 163 162 167 167 169 165 162 156 147 142 143 137 142 140 142 141 144 134 147 140 144 141 141 141 142 138 141 140 142 135 140 137 140 137 140 138 141 137 142 140 145 146 152 161 160 159 155 151 151 144 144 141 138 128 124 108 88 77 79 77 78 78 83 83 83 82 84 81 83 80 83 80 82 80 82 80 81 79 81 79 81 80 83 82 76 
CCD1=0 0 0 0 0 0 0 0 0 0 0 0 0 0 0 0 0 0 0 0 0 0 0 0 0 0 0 0 0 0 0 0 0 0 0 0 0 0 0 0 0 0 0 0 0 0 0 0 0 0 0 0 0 0 0 0 0 0 0 0 0 0 0 0 0 0 0 0 0 0 0 0 0 0 0 0 0 0 0 0 0 0 0 0 0 0 0 0 0 0 0 0 0 0 0 0 0 0 0 0 0 0 0 0 0 0 0 0 0 0 0 0 0 0 0 0 0 0 0 0 0 0 0 0 0 0 0 0 
[CCD拟图]
CCDLRC0=43 95 69 
CCDLRC1=43 95 69 
CCDLRC2=0 0 0 
[反馈数据]
0=6
1=122
2=8
3=4080
4=2100
5=1750
6=0
7=1
8=0
9=0
10=112
11=3696
12=3626
[控制固参]
0=0
