[CCD原图]
CCD0=69 81 89 110 123 134 130 131 123 124 119 120 115 117 118 118 117 121 119 121 118 111 117 124 122 124 122 125 123 123 122 125 126 128 127 131 126 132 131 131 130 134 132 137 135 139 140 145 145 148 148 145 144 147 143 146 143 143 143 145 135 147 139 143 142 140 141 142 138 141 140 142 135 140 136 139 137 139 138 141 135 140 137 138 135 136 139 138 137 138 138 145 145 149 151 155 151 154 150 145 138 138 131 129 129 130 130 127 125 125 124 125 120 124 120 123 121 123 120 122 120 122 119 118 122 127 127 120 
CCD1=0 0 0 0 0 0 0 0 0 0 0 0 0 0 0 0 0 0 0 0 0 0 0 0 0 0 0 0 0 0 0 0 0 0 0 0 0 0 0 0 0 0 0 0 0 0 0 0 0 0 0 0 0 0 0 0 0 0 0 0 0 0 0 0 0 0 0 0 0 0 0 0 0 0 0 0 0 0 0 0 0 0 0 0 0 0 0 0 0 0 0 0 0 0 0 0 0 0 0 0 0 0 0 0 0 0 0 0 0 0 0 0 0 0 0 0 0 0 0 0 0 0 0 0 0 0 0 0 
[CCD拟图]
CCDLRC0=7 120 64 
CCDLRC1=7 120 64 
CCDLRC2=0 0 0 
[反馈数据]
0=6
1=122
2=8
3=4080
4=2100
5=1750
6=0
7=1
8=0
9=0
10=146
11=3730
12=3660
[控制固参]
0=0
