[CCD原图]
CCD0=69 81 91 113 127 141 138 139 131 128 121 122 117 118 117 118 117 121 119 123 119 111 117 124 121 124 121 124 122 123 122 124 125 128 128 132 127 132 132 132 131 135 133 138 135 139 139 145 143 145 146 145 143 147 141 147 145 144 144 144 135 147 140 144 142 141 142 142 139 142 141 143 137 141 137 140 137 139 138 140 135 139 135 138 135 136 138 136 135 133 131 135 133 138 139 143 141 146 148 148 143 144 141 142 144 141 135 128 125 125 122 125 119 124 121 124 123 124 121 123 122 124 121 120 124 129 129 123 
CCD1=0 0 0 0 0 0 0 0 0 0 0 0 0 0 0 0 0 0 0 0 0 0 0 0 0 0 0 0 0 0 0 0 0 0 0 0 0 0 0 0 0 0 0 0 0 0 0 0 0 0 0 0 0 0 0 0 0 0 0 0 0 0 0 0 0 0 0 0 0 0 0 0 0 0 0 0 0 0 0 0 0 0 0 0 0 0 0 0 0 0 0 0 0 0 0 0 0 0 0 0 0 0 0 0 0 0 0 0 0 0 0 0 0 0 0 0 0 0 0 0 0 0 0 0 0 0 0 0 
[CCD拟图]
CCDLRC0=7 120 64 
CCDLRC1=7 120 64 
CCDLRC2=0 0 0 
[反馈数据]
0=6
1=122
2=8
3=4080
4=2100
5=1750
6=0
7=1
8=0
9=0
10=172
11=3756
12=3686
[控制固参]
0=0
