[CCD原图]
CCD0=69 82 90 112 126 137 133 134 124 125 119 122 115 117 116 117 116 119 117 121 117 111 117 124 121 124 121 125 123 125 125 127 127 130 128 133 127 132 131 132 131 135 132 137 135 140 142 147 149 149 149 149 150 157 151 152 149 148 145 146 136 147 140 144 142 141 141 142 139 142 140 143 136 142 138 139 138 139 137 140 135 139 136 137 135 136 137 136 135 134 131 133 132 136 137 140 139 144 144 145 143 148 148 147 142 134 131 127 125 123 122 123 118 123 119 122 122 123 120 123 121 123 121 120 125 129 129 123 
CCD1=0 0 0 0 0 0 0 0 0 0 0 0 0 0 0 0 0 0 0 0 0 0 0 0 0 0 0 0 0 0 0 0 0 0 0 0 0 0 0 0 0 0 0 0 0 0 0 0 0 0 0 0 0 0 0 0 0 0 0 0 0 0 0 0 0 0 0 0 0 0 0 0 0 0 0 0 0 0 0 0 0 0 0 0 0 0 0 0 0 0 0 0 0 0 0 0 0 0 0 0 0 0 0 0 0 0 0 0 0 0 0 0 0 0 0 0 0 0 0 0 0 0 0 0 0 0 0 0 
[CCD拟图]
CCDLRC0=7 120 64 
CCDLRC1=7 120 64 
CCDLRC2=0 0 0 
[反馈数据]
0=6
1=122
2=8
3=4080
4=2100
5=1750
6=0
7=1
8=0
9=0
10=179
11=3763
12=3693
[控制固参]
0=0
