[CCD原图]
CCD0=53 61 66 67 74 76 82 78 82 81 84 82 85 82 85 84 85 84 87 84 86 82 79 79 83 80 82 80 82 80 81 80 80 80 82 80 82 80 82 81 82 80 82 81 83 81 83 83 84 84 86 85 86 84 87 85 89 89 90 90 92 88 96 92 96 94 96 95 95 93 94 91 92 87 90 86 87 82 82 80 84 85 89 86 88 86 88 87 88 86 87 85 87 85 87 86 87 85 87 86 87 84 86 84 86 84 87 85 86 84 86 84 86 83 86 83 85 84 85 83 85 84 86 83 84 85 88 87 
CCD1=0 0 0 0 0 0 0 0 0 0 0 0 0 0 0 0 0 0 0 0 0 0 0 0 0 0 0 0 0 0 0 0 0 0 0 0 0 0 0 0 0 0 0 0 0 0 0 0 0 0 0 0 0 0 0 0 0 0 0 0 0 0 0 0 0 0 0 0 0 0 0 0 0 0 0 0 0 0 0 0 0 0 0 0 0 0 0 0 0 0 0 0 0 0 0 0 0 0 0 0 0 0 0 0 0 0 0 0 0 0 0 0 0 0 0 0 0 0 0 0 0 0 0 0 0 0 0 0 
[CCD拟图]
CCDLRC0=117 123 117 
CCDLRC1=117 123 117 
CCDLRC2=0 0 0 
[反馈数据]
0=6
1=122
2=8
3=4080
4=2100
5=1750
6=0
7=1
8=0
9=0
10=231
11=3815
12=3745
[控制固参]
0=0
