[CCD原图]
CCD0=54 61 66 67 74 76 81 79 83 79 83 81 85 82 86 85 87 87 89 86 88 84 82 81 84 82 83 81 82 80 81 79 81 81 83 80 83 80 83 81 82 81 83 82 85 82 85 84 85 84 87 84 86 84 88 85 88 88 90 90 92 88 95 92 96 95 97 96 97 94 96 93 94 89 91 88 89 87 86 82 82 80 86 87 88 86 88 88 88 86 87 85 88 85 87 86 88 84 87 86 87 85 86 84 86 85 87 86 86 85 86 84 86 82 86 83 86 84 86 83 86 83 85 83 84 85 88 87 
CCD1=0 0 0 0 0 0 0 0 0 0 0 0 0 0 0 0 0 0 0 0 0 0 0 0 0 0 0 0 0 0 0 0 0 0 0 0 0 0 0 0 0 0 0 0 0 0 0 0 0 0 0 0 0 0 0 0 0 0 0 0 0 0 0 0 0 0 0 0 0 0 0 0 0 0 0 0 0 0 0 0 0 0 0 0 0 0 0 0 0 0 0 0 0 0 0 0 0 0 0 0 0 0 0 0 0 0 0 0 0 0 0 0 0 0 0 0 0 0 0 0 0 0 0 0 0 0 0 0 
[CCD拟图]
CCDLRC0=117 123 117 
CCDLRC1=117 123 117 
CCDLRC2=0 0 0 
[反馈数据]
0=6
1=122
2=8
3=4080
4=2100
5=1750
6=0
7=1
8=0
9=0
10=23
11=3863
12=3793
[控制固参]
0=0
