[CCD原图]
CCD0=52 59 65 65 71 72 76 73 76 73 75 73 75 73 75 72 72 69 72 70 73 72 73 88 111 114 117 115 119 115 117 116 118 117 118 117 120 115 118 116 116 112 113 109 111 108 113 114 119 118 121 120 119 118 123 119 123 121 124 123 125 117 127 119 122 116 115 113 116 116 120 121 124 119 123 122 125 123 125 122 125 120 124 120 122 120 121 120 118 113 102 80 74 71 72 71 73 71 73 70 70 67 68 66 69 66 68 66 67 65 68 65 67 65 67 65 67 65 67 64 67 65 66 64 66 64 67 64 
CCD1=0 0 0 0 0 0 0 0 0 0 0 0 0 0 0 0 0 0 0 0 0 0 0 0 0 0 0 0 0 0 0 0 0 0 0 0 0 0 0 0 0 0 0 0 0 0 0 0 0 0 0 0 0 0 0 0 0 0 0 0 0 0 0 0 0 0 0 0 0 0 0 0 0 0 0 0 0 0 0 0 0 0 0 0 0 0 0 0 0 0 0 0 0 0 0 0 0 0 0 0 0 0 0 0 0 0 0 0 0 0 0 0 0 0 0 0 0 0 0 0 0 0 0 0 0 0 0 0 
[CCD拟图]
CCDLRC0=22 92 57 
CCDLRC1=22 92 57 
CCDLRC2=0 0 0 
[反馈数据]
0=6
1=122
2=8
3=4080
4=2100
5=1750
6=0
7=1
8=0
9=0
10=115
11=115
12=45
[控制固参]
0=0
