[CCD原图]
CCD0=53 61 66 67 75 77 82 80 82 79 82 79 81 77 80 78 79 78 81 78 82 79 78 79 83 81 84 82 85 83 85 84 86 78 77 74 78 80 122 152 158 157 156 147 147 140 138 136 137 134 134 133 130 129 133 129 134 132 134 135 135 127 138 132 136 133 133 133 134 131 134 132 136 129 134 132 136 136 141 146 157 160 173 174 176 169 161 154 144 137 132 128 129 124 126 124 126 121 124 121 121 117 119 116 115 113 102 80 75 73 75 72 74 72 74 72 73 72 74 72 73 70 72 70 73 72 74 72 
CCD1=0 0 0 0 0 0 0 0 0 0 0 0 0 0 0 0 0 0 0 0 0 0 0 0 0 0 0 0 0 0 0 0 0 0 0 0 0 0 0 0 0 0 0 0 0 0 0 0 0 0 0 0 0 0 0 0 0 0 0 0 0 0 0 0 0 0 0 0 0 0 0 0 0 0 0 0 0 0 0 0 0 0 0 0 0 0 0 0 0 0 0 0 0 0 0 0 0 0 0 0 0 0 0 0 0 0 0 0 0 0 0 0 0 0 0 0 0 0 0 0 0 0 0 0 0 0 0 0 
[CCD拟图]
CCDLRC0=37 107 72 
CCDLRC1=37 107 72 
CCDLRC2=0 0 0 
[反馈数据]
0=6
1=122
2=8
3=4080
4=2100
5=1750
6=0
7=1
8=0
9=0
10=17
11=529
12=459
[控制固参]
0=0
