[CCD原图]
CCD0=54 61 67 68 75 77 82 80 84 80 82 79 81 78 81 79 80 79 82 80 82 80 77 76 80 78 79 77 79 78 81 80 84 91 118 138 150 152 163 168 165 159 156 147 148 140 141 139 138 135 135 133 131 130 134 130 134 133 134 134 136 127 139 132 136 134 134 133 134 132 134 132 135 130 135 132 136 137 142 148 159 163 177 176 176 169 163 162 157 152 141 131 129 125 126 123 124 120 122 120 120 117 119 114 107 89 78 74 76 74 76 75 79 76 78 75 78 75 78 75 74 72 74 71 74 73 74 73 
CCD1=0 0 0 0 0 0 0 0 0 0 0 0 0 0 0 0 0 0 0 0 0 0 0 0 0 0 0 0 0 0 0 0 0 0 0 0 0 0 0 0 0 0 0 0 0 0 0 0 0 0 0 0 0 0 0 0 0 0 0 0 0 0 0 0 0 0 0 0 0 0 0 0 0 0 0 0 0 0 0 0 0 0 0 0 0 0 0 0 0 0 0 0 0 0 0 0 0 0 0 0 0 0 0 0 0 0 0 0 0 0 0 0 0 0 0 0 0 0 0 0 0 0 0 0 0 0 0 0 
[CCD拟图]
CCDLRC0=34 106 70 
CCDLRC1=34 106 70 
CCDLRC2=0 0 0 
[反馈数据]
0=6
1=122
2=8
3=4080
4=2100
5=1750
6=0
7=1
8=0
9=0
10=21
11=533
12=463
[控制固参]
0=0
