[CCD原图]
CCD0=53 59 65 64 70 71 76 73 77 74 75 73 75 73 75 73 75 74 76 72 72 69 70 68 77 99 112 113 119 118 120 120 120 120 122 119 122 117 121 119 117 115 118 115 118 112 113 112 115 115 119 120 119 118 122 119 123 122 124 123 126 117 128 121 123 120 120 117 118 115 118 118 122 118 122 120 122 121 124 124 127 121 125 121 123 120 121 121 119 116 114 110 105 84 77 73 75 73 76 74 75 72 74 72 73 71 72 70 72 70 71 69 72 69 72 69 71 69 71 68 70 68 70 68 70 69 72 70 
CCD1=0 0 0 0 0 0 0 0 0 0 0 0 0 0 0 0 0 0 0 0 0 0 0 0 0 0 0 0 0 0 0 0 0 0 0 0 0 0 0 0 0 0 0 0 0 0 0 0 0 0 0 0 0 0 0 0 0 0 0 0 0 0 0 0 0 0 0 0 0 0 0 0 0 0 0 0 0 0 0 0 0 0 0 0 0 0 0 0 0 0 0 0 0 0 0 0 0 0 0 0 0 0 0 0 0 0 0 0 0 0 0 0 0 0 0 0 0 0 0 0 0 0 0 0 0 0 0 0 
[CCD拟图]
CCDLRC0=6 122 64 
CCDLRC1=6 122 64 
CCDLRC2=0 0 0 
[反馈数据]
0=6
1=122
2=8
3=4080
4=2100
5=1750
6=0
7=1
8=0
9=0
10=81
11=81
12=11
[控制固参]
0=0
