[CCD原图]
CCD0=54 62 68 68 76 79 85 82 84 80 80 75 79 97 118 120 121 122 126 123 127 124 115 123 130 129 132 130 133 132 133 132 134 134 137 137 142 137 142 142 143 142 144 140 143 138 139 139 142 138 139 138 135 134 138 134 138 137 137 136 139 130 143 137 141 139 139 140 141 138 141 139 142 136 140 138 141 138 139 138 141 129 103 89 90 87 86 86 88 86 87 84 86 83 85 83 85 81 83 82 82 79 81 78 79 79 80 78 78 77 78 76 78 75 77 75 76 72 72 69 71 71 74 72 74 73 75 73 
CCD1=0 0 0 0 0 0 0 0 0 0 0 0 0 0 0 0 0 0 0 0 0 0 0 0 0 0 0 0 0 0 0 0 0 0 0 0 0 0 0 0 0 0 0 0 0 0 0 0 0 0 0 0 0 0 0 0 0 0 0 0 0 0 0 0 0 0 0 0 0 0 0 0 0 0 0 0 0 0 0 0 0 0 0 0 0 0 0 0 0 0 0 0 0 0 0 0 0 0 0 0 0 0 0 0 0 0 0 0 0 0 0 0 0 0 0 0 0 0 0 0 0 0 0 0 0 0 0 0 
[CCD拟图]
CCDLRC0=12 122 67 
CCDLRC1=12 122 67 
CCDLRC2=0 0 0 
[反馈数据]
0=6
1=122
2=8
3=4080
4=2100
5=1750
6=0
7=1
8=0
9=0
10=58
11=570
12=500
[控制固参]
0=0
