[CCD原图]
CCD0=55 62 68 68 77 79 84 81 83 75 76 72 73 78 102 115 120 121 124 123 128 125 116 124 130 128 131 130 134 133 134 133 137 136 138 139 144 140 146 144 144 140 143 140 143 138 139 138 141 138 139 137 135 134 136 131 137 135 137 137 139 132 145 138 142 141 139 140 141 138 141 140 143 136 140 137 139 136 137 124 93 78 79 77 79 80 85 86 87 86 86 84 86 84 86 84 85 83 85 80 80 78 82 80 80 80 81 80 80 78 80 77 79 76 78 73 73 70 72 71 74 72 74 72 73 72 74 73 
CCD1=0 0 0 0 0 0 0 0 0 0 0 0 0 0 0 0 0 0 0 0 0 0 0 0 0 0 0 0 0 0 0 0 0 0 0 0 0 0 0 0 0 0 0 0 0 0 0 0 0 0 0 0 0 0 0 0 0 0 0 0 0 0 0 0 0 0 0 0 0 0 0 0 0 0 0 0 0 0 0 0 0 0 0 0 0 0 0 0 0 0 0 0 0 0 0 0 0 0 0 0 0 0 0 0 0 0 0 0 0 0 0 0 0 0 0 0 0 0 0 0 0 0 0 0 0 0 0 0 
[CCD拟图]
CCDLRC0=13 81 47 
CCDLRC1=13 81 47 
CCDLRC2=0 0 0 
[反馈数据]
0=6
1=122
2=8
3=4080
4=2100
5=1750
6=0
7=1
8=0
9=0
10=71
11=583
12=513
[控制固参]
0=0
