[CCD原图]
CCD0=54 62 67 67 75 77 82 79 82 79 81 78 81 77 75 71 73 72 74 85 106 111 106 114 120 120 124 123 126 125 126 127 130 131 132 133 137 132 136 135 134 132 135 132 137 134 135 135 137 134 136 135 132 131 135 132 135 133 135 135 136 128 139 132 136 134 134 134 135 132 135 133 135 129 133 131 134 132 133 131 133 128 132 129 129 120 93 79 80 78 83 83 85 83 85 83 85 81 84 82 84 81 82 80 81 80 82 80 81 79 81 78 80 77 80 77 79 78 79 76 76 73 73 72 75 74 77 75 
CCD1=0 0 0 0 0 0 0 0 0 0 0 0 0 0 0 0 0 0 0 0 0 0 0 0 0 0 0 0 0 0 0 0 0 0 0 0 0 0 0 0 0 0 0 0 0 0 0 0 0 0 0 0 0 0 0 0 0 0 0 0 0 0 0 0 0 0 0 0 0 0 0 0 0 0 0 0 0 0 0 0 0 0 0 0 0 0 0 0 0 0 0 0 0 0 0 0 0 0 0 0 0 0 0 0 0 0 0 0 0 0 0 0 0 0 0 0 0 0 0 0 0 0 0 0 0 0 0 0 
[CCD拟图]
CCDLRC0=17 86 51 
CCDLRC1=17 86 51 
CCDLRC2=0 0 0 
[反馈数据]
0=6
1=122
2=8
3=4080
4=2100
5=1750
6=0
7=1
8=0
9=0
10=104
11=616
12=546
[控制固参]
0=0
