[CCD原图]
CCD0=54 61 67 67 74 75 80 78 81 77 79 77 79 77 79 78 79 78 81 78 82 80 77 76 80 79 93 112 124 125 128 129 131 131 134 134 139 134 139 138 138 136 139 136 141 136 138 138 141 138 138 138 136 135 139 135 139 138 140 140 142 132 144 137 141 139 138 139 138 136 138 136 139 133 138 135 138 135 137 135 138 133 136 133 135 132 133 135 132 131 129 126 127 118 95 79 79 76 78 77 81 80 83 79 81 80 81 79 80 78 80 77 79 77 79 76 79 77 79 77 79 77 78 76 78 77 80 75 
CCD1=0 0 0 0 0 0 0 0 0 0 0 0 0 0 0 0 0 0 0 0 0 0 0 0 0 0 0 0 0 0 0 0 0 0 0 0 0 0 0 0 0 0 0 0 0 0 0 0 0 0 0 0 0 0 0 0 0 0 0 0 0 0 0 0 0 0 0 0 0 0 0 0 0 0 0 0 0 0 0 0 0 0 0 0 0 0 0 0 0 0 0 0 0 0 0 0 0 0 0 0 0 0 0 0 0 0 0 0 0 0 0 0 0 0 0 0 0 0 0 0 0 0 0 0 0 0 0 0 
[CCD拟图]
CCDLRC0=25 95 60 
CCDLRC1=25 95 60 
CCDLRC2=0 0 0 
[反馈数据]
0=6
1=122
2=8
3=4080
4=2100
5=1750
6=0
7=1
8=0
9=0
10=137
11=649
12=579
[控制固参]
0=0
