[CCD原图]
CCD0=54 61 66 67 74 75 80 78 80 77 79 76 79 76 79 77 79 78 81 79 82 80 78 79 82 76 75 73 75 74 89 112 125 129 133 134 138 133 138 136 135 134 139 136 142 139 141 141 143 141 142 141 138 138 143 138 142 141 143 142 145 134 148 140 144 142 141 142 142 139 141 139 141 135 139 136 138 136 138 137 141 134 139 136 137 134 135 137 135 134 133 129 132 129 131 131 131 123 106 80 78 75 78 76 80 80 82 80 82 80 80 79 81 78 80 78 80 78 79 76 78 77 78 75 77 76 79 77 
CCD1=0 0 0 0 0 0 0 0 0 0 0 0 0 0 0 0 0 0 0 0 0 0 0 0 0 0 0 0 0 0 0 0 0 0 0 0 0 0 0 0 0 0 0 0 0 0 0 0 0 0 0 0 0 0 0 0 0 0 0 0 0 0 0 0 0 0 0 0 0 0 0 0 0 0 0 0 0 0 0 0 0 0 0 0 0 0 0 0 0 0 0 0 0 0 0 0 0 0 0 0 0 0 0 0 0 0 0 0 0 0 0 0 0 0 0 0 0 0 0 0 0 0 0 0 0 0 0 0 
[CCD拟图]
CCDLRC0=29 99 64 
CCDLRC1=29 99 64 
CCDLRC2=0 0 0 
[反馈数据]
0=6
1=122
2=8
3=4080
4=2100
5=1750
6=0
7=1
8=0
9=0
10=145
11=657
12=587
[控制固参]
0=0
