[CCD原图]
CCD0=55 61 67 67 74 74 79 75 75 71 74 71 72 69 71 69 73 73 76 75 86 98 104 113 121 119 123 121 125 123 124 124 126 126 129 128 131 126 130 130 130 129 132 130 135 132 134 134 137 136 136 136 134 133 138 133 138 136 138 137 140 131 143 136 139 137 136 137 137 135 137 136 139 132 137 134 136 134 135 134 135 130 133 130 132 129 130 132 130 128 127 125 126 122 122 116 102 80 78 74 76 75 77 77 80 79 80 79 80 79 80 78 80 77 79 76 79 77 78 76 78 76 78 76 76 76 79 77 
CCD1=0 0 0 0 0 0 0 0 0 0 0 0 0 0 0 0 0 0 0 0 0 0 0 0 0 0 0 0 0 0 0 0 0 0 0 0 0 0 0 0 0 0 0 0 0 0 0 0 0 0 0 0 0 0 0 0 0 0 0 0 0 0 0 0 0 0 0 0 0 0 0 0 0 0 0 0 0 0 0 0 0 0 0 0 0 0 0 0 0 0 0 0 0 0 0 0 0 0 0 0 0 0 0 0 0 0 0 0 0 0 0 0 0 0 0 0 0 0 0 0 0 0 0 0 0 0 0 0 
[CCD拟图]
CCDLRC0=22 99 60 
CCDLRC1=22 99 60 
CCDLRC2=0 0 0 
[反馈数据]
0=6
1=122
2=8
3=4080
4=2100
5=1750
6=0
7=1
8=0
9=0
10=164
11=676
12=606
[控制固参]
0=0
