[CCD原图]
CCD0=53 60 66 66 73 74 80 80 82 79 81 78 80 77 80 78 79 78 81 79 81 78 78 78 82 80 82 79 81 80 81 80 81 80 82 80 83 80 83 81 82 80 82 80 83 81 83 81 83 82 85 83 83 81 84 81 84 83 85 83 85 80 86 82 84 83 84 83 85 82 84 83 85 82 85 82 85 82 84 82 84 81 83 81 83 80 82 80 81 80 81 80 82 78 81 79 81 78 81 79 80 78 81 78 80 78 80 79 80 78 80 78 80 76 80 77 79 78 80 78 79 78 79 77 78 79 81 80 
CCD1=0 0 0 0 0 0 0 0 0 0 0 0 0 0 0 0 0 0 0 0 0 0 0 0 0 0 0 0 0 0 0 0 0 0 0 0 0 0 0 0 0 0 0 0 0 0 0 0 0 0 0 0 0 0 0 0 0 0 0 0 0 0 0 0 0 0 0 0 0 0 0 0 0 0 0 0 0 0 0 0 0 0 0 0 0 0 0 0 0 0 0 0 0 0 0 0 0 0 0 0 0 0 0 0 0 0 0 0 0 0 0 0 0 0 0 0 0 0 0 0 0 0 0 0 0 0 0 0 
[CCD拟图]
CCDLRC0=6 122 6 
CCDLRC1=6 122 6 
CCDLRC2=0 0 0 
[反馈数据]
0=6
1=122
2=8
3=4080
4=2100
5=1750
6=0
7=1
8=0
9=0
10=214
11=726
12=656
[控制固参]
0=0
