[CCD原图]
CCD0=57 68 79 86 107 120 133 128 126 111 103 90 84 76 77 75 78 78 81 79 82 79 78 79 83 81 83 80 82 81 81 80 82 81 83 81 84 81 83 82 83 80 83 81 84 81 83 81 84 82 84 82 83 81 84 82 84 83 85 83 85 81 86 82 85 83 84 83 85 82 84 83 85 81 84 82 84 82 83 82 84 81 83 81 83 81 83 81 82 81 81 79 81 79 81 79 81 78 80 78 80 78 79 78 79 77 79 78 79 77 79 77 79 76 79 76 78 77 79 77 78 77 79 77 78 77 81 79 
CCD1=0 0 0 0 0 0 0 0 0 0 0 0 0 0 0 0 0 0 0 0 0 0 0 0 0 0 0 0 0 0 0 0 0 0 0 0 0 0 0 0 0 0 0 0 0 0 0 0 0 0 0 0 0 0 0 0 0 0 0 0 0 0 0 0 0 0 0 0 0 0 0 0 0 0 0 0 0 0 0 0 0 0 0 0 0 0 0 0 0 0 0 0 0 0 0 0 0 0 0 0 0 0 0 0 0 0 0 0 0 0 0 0 0 0 0 0 0 0 0 0 0 0 0 0 0 0 0 0 
[CCD拟图]
CCDLRC0=6 122 6 
CCDLRC1=6 122 6 
CCDLRC2=0 0 0 
[反馈数据]
0=6
1=122
2=8
3=4080
4=2100
5=1750
6=0
7=1
8=0
9=0
10=217
11=729
12=659
[控制固参]
0=0
