[CCD原图]
CCD0=56 63 68 69 76 79 83 81 83 76 74 73 95 113 125 129 129 130 135 132 136 132 122 130 138 135 136 134 138 134 134 132 134 133 135 134 140 135 140 140 139 137 141 139 144 142 144 147 151 150 152 153 151 152 153 147 153 151 151 152 153 143 157 148 152 151 149 150 150 148 150 147 150 143 147 143 145 141 121 88 84 81 82 81 83 81 85 88 89 88 89 87 89 85 88 86 87 84 87 85 86 84 85 83 84 83 85 83 84 82 83 81 84 81 83 80 83 81 82 80 82 80 82 80 81 80 83 81 
CCD1=0 0 0 0 0 0 0 0 0 0 0 0 0 0 0 0 0 0 0 0 0 0 0 0 0 0 0 0 0 0 0 0 0 0 0 0 0 0 0 0 0 0 0 0 0 0 0 0 0 0 0 0 0 0 0 0 0 0 0 0 0 0 0 0 0 0 0 0 0 0 0 0 0 0 0 0 0 0 0 0 0 0 0 0 0 0 0 0 0 0 0 0 0 0 0 0 0 0 0 0 0 0 0 0 0 0 0 0 0 0 0 0 0 0 0 0 0 0 0 0 0 0 0 0 0 0 0 0 
[CCD拟图]
CCDLRC0=12 79 45 
CCDLRC1=12 79 45 
CCDLRC2=0 0 0 
[反馈数据]
0=6
1=122
2=8
3=4080
4=2100
5=1750
6=0
7=1
8=0
9=0
10=235
11=747
12=677
[控制固参]
0=0
