[CCD原图]
CCD0=55 62 67 68 76 77 82 79 82 79 81 79 81 79 80 79 80 80 82 80 83 81 80 78 80 76 80 83 96 111 129 135 136 134 136 135 137 132 136 135 135 132 135 133 137 133 136 136 138 137 139 136 135 135 140 137 142 141 144 144 148 140 156 150 157 157 159 163 165 161 159 155 155 146 149 144 146 143 144 142 145 139 142 138 138 136 136 137 135 134 132 130 131 126 122 111 92 78 78 76 82 84 87 85 86 85 87 85 85 84 86 84 85 82 84 82 84 82 84 82 83 82 84 81 82 83 85 84 
CCD1=0 0 0 0 0 0 0 0 0 0 0 0 0 0 0 0 0 0 0 0 0 0 0 0 0 0 0 0 0 0 0 0 0 0 0 0 0 0 0 0 0 0 0 0 0 0 0 0 0 0 0 0 0 0 0 0 0 0 0 0 0 0 0 0 0 0 0 0 0 0 0 0 0 0 0 0 0 0 0 0 0 0 0 0 0 0 0 0 0 0 0 0 0 0 0 0 0 0 0 0 0 0 0 0 0 0 0 0 0 0 0 0 0 0 0 0 0 0 0 0 0 0 0 0 0 0 0 0 
[CCD拟图]
CCDLRC0=27 96 61 
CCDLRC1=27 96 61 
CCDLRC2=0 0 0 
[反馈数据]
0=6
1=122
2=8
3=4080
4=2100
5=1750
6=0
7=1
8=0
9=0
10=11
11=779
12=709
[控制固参]
0=0
