[CCD原图]
CCD0=54 61 67 68 75 77 82 79 83 79 81 79 80 78 80 78 81 80 82 80 83 81 79 80 84 80 78 75 77 74 91 118 131 132 135 133 137 132 135 132 130 129 134 131 135 132 134 135 138 135 137 138 136 134 138 134 141 139 142 142 147 140 156 152 163 166 170 176 177 174 176 172 171 157 156 148 147 143 144 142 144 138 141 138 138 135 136 138 134 134 132 129 132 129 130 130 126 104 85 78 78 75 79 81 85 85 87 86 86 84 86 84 85 82 85 82 84 82 84 82 84 82 83 82 82 83 85 84 
CCD1=0 0 0 0 0 0 0 0 0 0 0 0 0 0 0 0 0 0 0 0 0 0 0 0 0 0 0 0 0 0 0 0 0 0 0 0 0 0 0 0 0 0 0 0 0 0 0 0 0 0 0 0 0 0 0 0 0 0 0 0 0 0 0 0 0 0 0 0 0 0 0 0 0 0 0 0 0 0 0 0 0 0 0 0 0 0 0 0 0 0 0 0 0 0 0 0 0 0 0 0 0 0 0 0 0 0 0 0 0 0 0 0 0 0 0 0 0 0 0 0 0 0 0 0 0 0 0 0 
[CCD拟图]
CCDLRC0=30 97 63 
CCDLRC1=30 97 63 
CCDLRC2=0 0 0 
[反馈数据]
0=6
1=122
2=8
3=4080
4=2100
5=1750
6=0
7=1
8=0
9=0
10=24
11=792
12=722
[控制固参]
0=0
