[CCD原图]
CCD0=54 61 66 67 74 76 82 78 81 78 80 76 79 76 79 77 79 78 81 79 82 79 78 78 82 80 83 81 84 82 83 82 84 83 85 82 84 82 99 127 136 134 135 132 137 135 136 137 141 139 141 141 137 136 140 136 141 140 142 142 144 136 149 142 146 147 149 157 165 166 172 172 174 163 161 148 149 147 147 145 146 139 143 140 141 137 138 140 137 137 135 133 136 133 134 133 135 130 133 132 132 127 131 130 131 132 115 86 82 81 84 85 87 83 86 83 86 84 86 83 84 82 84 82 83 84 86 85 
CCD1=0 0 0 0 0 0 0 0 0 0 0 0 0 0 0 0 0 0 0 0 0 0 0 0 0 0 0 0 0 0 0 0 0 0 0 0 0 0 0 0 0 0 0 0 0 0 0 0 0 0 0 0 0 0 0 0 0 0 0 0 0 0 0 0 0 0 0 0 0 0 0 0 0 0 0 0 0 0 0 0 0 0 0 0 0 0 0 0 0 0 0 0 0 0 0 0 0 0 0 0 0 0 0 0 0 0 0 0 0 0 0 0 0 0 0 0 0 0 0 0 0 0 0 0 0 0 0 0 
[CCD拟图]
CCDLRC0=37 107 72 
CCDLRC1=37 107 72 
CCDLRC2=0 0 0 
[反馈数据]
0=6
1=122
2=8
3=4080
4=2100
5=1750
6=0
7=1
8=0
9=0
10=49
11=817
12=747
[控制固参]
0=0
