[CCD原图]
CCD0=54 62 67 67 75 76 80 78 81 78 80 78 79 77 79 77 79 78 80 79 82 78 78 79 83 80 84 82 84 83 85 83 84 84 85 83 81 76 79 77 80 100 128 133 139 135 137 138 141 141 142 142 139 139 143 138 144 142 144 145 146 136 148 141 147 147 148 151 155 157 164 166 172 166 166 152 150 144 145 142 144 137 142 137 138 135 135 138 135 136 135 133 134 131 134 133 135 131 133 132 131 127 130 127 129 136 135 113 88 77 78 75 79 79 85 83 85 84 85 83 85 83 85 83 83 84 87 85 
CCD1=0 0 0 0 0 0 0 0 0 0 0 0 0 0 0 0 0 0 0 0 0 0 0 0 0 0 0 0 0 0 0 0 0 0 0 0 0 0 0 0 0 0 0 0 0 0 0 0 0 0 0 0 0 0 0 0 0 0 0 0 0 0 0 0 0 0 0 0 0 0 0 0 0 0 0 0 0 0 0 0 0 0 0 0 0 0 0 0 0 0 0 0 0 0 0 0 0 0 0 0 0 0 0 0 0 0 0 0 0 0 0 0 0 0 0 0 0 0 0 0 0 0 0 0 0 0 0 0 
[CCD拟图]
CCDLRC0=40 109 74 
CCDLRC1=40 109 74 
CCDLRC2=0 0 0 
[反馈数据]
0=6
1=122
2=8
3=4080
4=2100
5=1750
6=0
7=1
8=0
9=0
10=59
11=827
12=757
[控制固参]
0=0
