[CCD原图]
CCD0=54 62 67 67 74 75 81 79 82 78 80 77 79 77 80 77 79 77 81 79 81 79 78 78 83 81 83 81 84 81 83 83 84 83 85 82 82 76 80 79 81 100 127 134 138 135 136 137 141 139 142 142 139 139 143 138 144 142 144 144 146 136 149 142 148 148 150 155 161 163 169 169 170 162 161 152 150 145 145 143 145 138 142 137 138 135 136 139 136 136 135 132 134 131 134 133 135 130 133 133 132 128 129 127 127 132 133 122 97 78 78 76 78 78 84 83 86 84 86 83 85 83 85 83 83 84 87 85 
CCD1=0 0 0 0 0 0 0 0 0 0 0 0 0 0 0 0 0 0 0 0 0 0 0 0 0 0 0 0 0 0 0 0 0 0 0 0 0 0 0 0 0 0 0 0 0 0 0 0 0 0 0 0 0 0 0 0 0 0 0 0 0 0 0 0 0 0 0 0 0 0 0 0 0 0 0 0 0 0 0 0 0 0 0 0 0 0 0 0 0 0 0 0 0 0 0 0 0 0 0 0 0 0 0 0 0 0 0 0 0 0 0 0 0 0 0 0 0 0 0 0 0 0 0 0 0 0 0 0 
[CCD拟图]
CCDLRC0=40 108 74 
CCDLRC1=40 108 74 
CCDLRC2=0 0 0 
[反馈数据]
0=6
1=122
2=8
3=4080
4=2100
5=1750
6=0
7=1
8=0
9=0
10=60
11=828
12=758
[控制固参]
0=0
