[CCD原图]
CCD0=54 61 67 67 74 74 80 77 80 77 79 77 79 77 79 75 76 74 78 77 81 79 79 79 83 81 83 81 84 82 83 81 82 81 83 80 83 80 83 81 82 79 82 88 127 138 142 144 147 146 147 148 146 145 149 145 152 150 153 153 156 146 160 151 157 154 153 155 156 153 155 154 155 147 152 149 151 148 149 148 151 145 149 145 146 143 143 144 141 140 138 137 139 136 138 138 139 136 139 137 138 134 136 134 134 136 136 137 133 132 129 113 89 80 82 81 86 85 86 83 85 84 85 83 84 84 87 84 
CCD1=0 0 0 0 0 0 0 0 0 0 0 0 0 0 0 0 0 0 0 0 0 0 0 0 0 0 0 0 0 0 0 0 0 0 0 0 0 0 0 0 0 0 0 0 0 0 0 0 0 0 0 0 0 0 0 0 0 0 0 0 0 0 0 0 0 0 0 0 0 0 0 0 0 0 0 0 0 0 0 0 0 0 0 0 0 0 0 0 0 0 0 0 0 0 0 0 0 0 0 0 0 0 0 0 0 0 0 0 0 0 0 0 0 0 0 0 0 0 0 0 0 0 0 0 0 0 0 0 
[CCD拟图]
CCDLRC0=43 112 77 
CCDLRC1=43 112 77 
CCDLRC2=0 0 0 
[反馈数据]
0=6
1=122
2=8
3=4080
4=2100
5=1750
6=0
7=1
8=0
9=0
10=97
11=865
12=795
[控制固参]
0=0
