[CCD原图]
CCD0=54 61 67 68 76 78 82 80 83 79 82 79 82 79 82 81 83 81 84 83 85 83 80 82 86 84 86 85 87 84 86 84 86 84 86 85 88 84 83 78 80 87 127 138 144 141 143 145 148 146 148 149 146 146 150 147 152 152 154 154 158 148 162 153 158 157 156 157 157 153 155 153 153 146 151 147 150 148 149 149 152 145 150 147 148 145 144 146 143 142 141 139 140 137 141 140 142 137 141 139 139 135 138 135 135 136 137 138 134 131 122 102 84 76 77 75 78 79 84 83 85 83 85 82 83 83 87 85 
CCD1=0 0 0 0 0 0 0 0 0 0 0 0 0 0 0 0 0 0 0 0 0 0 0 0 0 0 0 0 0 0 0 0 0 0 0 0 0 0 0 0 0 0 0 0 0 0 0 0 0 0 0 0 0 0 0 0 0 0 0 0 0 0 0 0 0 0 0 0 0 0 0 0 0 0 0 0 0 0 0 0 0 0 0 0 0 0 0 0 0 0 0 0 0 0 0 0 0 0 0 0 0 0 0 0 0 0 0 0 0 0 0 0 0 0 0 0 0 0 0 0 0 0 0 0 0 0 0 0 
[CCD拟图]
CCDLRC0=41 111 76 
CCDLRC1=41 111 76 
CCDLRC2=0 0 0 
[反馈数据]
0=6
1=122
2=8
3=4080
4=2100
5=1750
6=0
7=1
8=0
9=0
10=111
11=879
12=809
[控制固参]
0=0
