[CCD原图]
CCD0=55 62 67 69 76 78 84 82 85 81 83 81 84 80 83 81 82 81 84 82 85 82 81 81 85 83 84 82 85 82 84 83 84 80 80 79 100 129 140 140 140 138 142 139 144 142 144 146 149 147 149 150 148 148 153 148 153 153 156 158 159 147 162 154 159 155 154 153 153 150 152 150 152 145 150 147 149 147 148 146 147 142 147 143 146 143 143 145 143 142 141 138 140 137 140 139 141 136 138 137 137 134 136 131 112 88 84 82 85 85 87 85 86 83 86 83 86 83 85 82 84 83 84 82 83 83 86 84 
CCD1=0 0 0 0 0 0 0 0 0 0 0 0 0 0 0 0 0 0 0 0 0 0 0 0 0 0 0 0 0 0 0 0 0 0 0 0 0 0 0 0 0 0 0 0 0 0 0 0 0 0 0 0 0 0 0 0 0 0 0 0 0 0 0 0 0 0 0 0 0 0 0 0 0 0 0 0 0 0 0 0 0 0 0 0 0 0 0 0 0 0 0 0 0 0 0 0 0 0 0 0 0 0 0 0 0 0 0 0 0 0 0 0 0 0 0 0 0 0 0 0 0 0 0 0 0 0 0 0 
[CCD拟图]
CCDLRC0=36 107 71 
CCDLRC1=36 107 71 
CCDLRC2=0 0 0 
[反馈数据]
0=6
1=122
2=8
3=4080
4=2100
5=1750
6=0
7=1
8=0
9=0
10=130
11=898
12=828
[控制固参]
0=0
