[CCD原图]
CCD0=54 61 67 68 76 79 84 82 84 81 83 81 83 80 82 81 82 81 84 81 84 81 80 81 84 82 84 82 84 82 84 83 81 77 81 96 133 134 139 139 139 138 142 139 144 141 144 145 149 148 150 150 148 148 153 148 155 155 157 158 160 149 163 155 159 155 153 153 153 149 151 150 152 145 150 147 148 147 148 146 148 142 147 144 145 143 143 145 142 142 141 138 141 137 140 138 140 135 138 137 138 134 136 133 122 94 85 82 83 83 86 85 86 83 85 82 84 84 85 83 84 82 84 81 82 82 85 84 
CCD1=0 0 0 0 0 0 0 0 0 0 0 0 0 0 0 0 0 0 0 0 0 0 0 0 0 0 0 0 0 0 0 0 0 0 0 0 0 0 0 0 0 0 0 0 0 0 0 0 0 0 0 0 0 0 0 0 0 0 0 0 0 0 0 0 0 0 0 0 0 0 0 0 0 0 0 0 0 0 0 0 0 0 0 0 0 0 0 0 0 0 0 0 0 0 0 0 0 0 0 0 0 0 0 0 0 0 0 0 0 0 0 0 0 0 0 0 0 0 0 0 0 0 0 0 0 0 0 0 
[CCD拟图]
CCDLRC0=35 105 70 
CCDLRC1=35 105 70 
CCDLRC2=0 0 0 
[反馈数据]
0=6
1=122
2=8
3=4080
4=2100
5=1750
6=0
7=1
8=0
9=0
10=131
11=899
12=829
[控制固参]
0=0
