[CCD原图]
CCD0=54 62 67 68 76 79 84 81 84 81 84 81 83 80 82 80 82 81 83 81 83 81 79 80 84 82 85 82 83 77 79 79 104 129 134 135 139 134 139 139 139 138 141 140 144 141 144 145 148 147 149 149 147 148 155 151 157 156 158 158 159 147 159 150 153 151 149 150 149 145 149 148 150 144 148 143 146 144 145 144 147 141 145 142 144 141 142 144 141 140 139 137 139 135 138 137 139 134 136 133 113 85 82 78 81 82 84 84 84 82 84 81 84 81 83 81 83 81 83 80 82 81 83 80 82 81 84 83 
CCD1=0 0 0 0 0 0 0 0 0 0 0 0 0 0 0 0 0 0 0 0 0 0 0 0 0 0 0 0 0 0 0 0 0 0 0 0 0 0 0 0 0 0 0 0 0 0 0 0 0 0 0 0 0 0 0 0 0 0 0 0 0 0 0 0 0 0 0 0 0 0 0 0 0 0 0 0 0 0 0 0 0 0 0 0 0 0 0 0 0 0 0 0 0 0 0 0 0 0 0 0 0 0 0 0 0 0 0 0 0 0 0 0 0 0 0 0 0 0 0 0 0 0 0 0 0 0 0 0 
[CCD拟图]
CCDLRC0=31 102 66 
CCDLRC1=31 102 66 
CCDLRC2=0 0 0 
[反馈数据]
0=6
1=122
2=8
3=4080
4=2100
5=1750
6=0
7=1
8=0
9=0
10=142
11=910
12=840
[控制固参]
0=0
