[CCD原图]
CCD0=55 62 68 69 76 79 84 81 85 81 83 80 83 80 82 80 82 80 83 82 84 81 79 80 84 82 85 80 79 78 82 106 130 132 134 135 139 133 138 138 138 136 139 136 141 138 140 141 144 143 145 146 144 144 150 146 152 150 152 153 154 143 155 146 149 147 146 146 147 144 146 145 148 141 144 142 144 142 142 142 145 139 143 140 142 139 140 142 140 139 138 136 137 134 135 136 137 132 133 126 100 80 81 79 83 83 85 83 84 83 84 81 83 81 83 80 83 81 82 80 82 80 82 80 81 81 84 83 
CCD1=0 0 0 0 0 0 0 0 0 0 0 0 0 0 0 0 0 0 0 0 0 0 0 0 0 0 0 0 0 0 0 0 0 0 0 0 0 0 0 0 0 0 0 0 0 0 0 0 0 0 0 0 0 0 0 0 0 0 0 0 0 0 0 0 0 0 0 0 0 0 0 0 0 0 0 0 0 0 0 0 0 0 0 0 0 0 0 0 0 0 0 0 0 0 0 0 0 0 0 0 0 0 0 0 0 0 0 0 0 0 0 0 0 0 0 0 0 0 0 0 0 0 0 0 0 0 0 0 
[CCD拟图]
CCDLRC0=31 101 66 
CCDLRC1=31 101 66 
CCDLRC2=0 0 0 
[反馈数据]
0=6
1=122
2=8
3=4080
4=2100
5=1750
6=0
7=1
8=0
9=0
10=145
11=913
12=843
[控制固参]
0=0
