[CCD原图]
CCD0=55 62 68 68 77 79 84 83 84 81 84 81 83 80 82 81 81 80 83 81 84 82 80 80 83 78 79 77 87 110 128 129 131 133 135 134 138 133 138 137 137 135 138 134 140 138 140 140 142 141 144 145 143 144 148 144 150 149 151 152 154 143 155 147 150 147 146 148 148 144 146 144 146 140 144 141 144 142 143 142 145 139 142 139 141 138 139 141 138 138 137 135 137 134 137 136 137 131 129 104 84 78 80 81 85 84 85 84 84 82 84 82 84 81 83 80 83 81 83 80 82 81 82 81 81 82 84 82 
CCD1=0 0 0 0 0 0 0 0 0 0 0 0 0 0 0 0 0 0 0 0 0 0 0 0 0 0 0 0 0 0 0 0 0 0 0 0 0 0 0 0 0 0 0 0 0 0 0 0 0 0 0 0 0 0 0 0 0 0 0 0 0 0 0 0 0 0 0 0 0 0 0 0 0 0 0 0 0 0 0 0 0 0 0 0 0 0 0 0 0 0 0 0 0 0 0 0 0 0 0 0 0 0 0 0 0 0 0 0 0 0 0 0 0 0 0 0 0 0 0 0 0 0 0 0 0 0 0 0 
[CCD拟图]
CCDLRC0=29 100 64 
CCDLRC1=29 100 64 
CCDLRC2=0 0 0 
[反馈数据]
0=6
1=122
2=8
3=4080
4=2100
5=1750
6=0
7=1
8=0
9=0
10=147
11=915
12=845
[控制固参]
0=0
