[CCD原图]
CCD0=52 59 65 64 71 72 76 74 76 74 77 75 78 75 77 76 78 77 79 78 80 79 77 77 81 79 80 77 79 77 78 75 77 75 76 74 77 73 76 74 76 73 75 73 76 72 75 73 75 73 75 73 74 72 75 72 75 73 75 73 75 72 75 72 75 73 74 73 74 72 74 72 73 70 73 70 72 70 72 70 72 70 73 71 73 70 72 70 72 70 72 69 72 70 72 69 71 69 72 70 71 69 71 70 71 70 72 71 72 70 73 71 75 73 76 74 76 74 75 73 74 71 73 70 70 68 70 68 
CCD1=0 0 0 0 0 0 0 0 0 0 0 0 0 0 0 0 0 0 0 0 0 0 0 0 0 0 0 0 0 0 0 0 0 0 0 0 0 0 0 0 0 0 0 0 0 0 0 0 0 0 0 0 0 0 0 0 0 0 0 0 0 0 0 0 0 0 0 0 0 0 0 0 0 0 0 0 0 0 0 0 0 0 0 0 0 0 0 0 0 0 0 0 0 0 0 0 0 0 0 0 0 0 0 0 0 0 0 0 0 0 0 0 0 0 0 0 0 0 0 0 0 0 0 0 0 0 0 0 
[CCD拟图]
CCDLRC0=6 122 6 
CCDLRC1=6 122 6 
CCDLRC2=0 0 0 
[反馈数据]
0=6
1=122
2=8
3=4080
4=2100
5=1750
6=0
7=1
8=0
9=0
10=225
11=993
12=923
[控制固参]
0=0
