[CCD原图]
CCD0=62 72 84 91 114 129 142 137 139 132 132 127 129 124 126 126 126 126 130 128 132 129 119 128 135 133 135 132 135 131 128 118 108 93 84 75 78 76 82 82 85 84 88 85 88 85 88 87 89 87 90 87 86 84 83 79 82 81 85 85 88 83 89 86 89 86 88 86 87 84 86 84 85 82 85 82 84 83 85 83 85 82 84 83 84 82 84 83 84 83 84 82 84 82 85 84 86 84 87 86 88 85 86 84 85 82 84 82 82 80 81 79 80 77 79 76 79 76 78 76 78 76 77 75 77 76 78 77 
CCD1=0 0 0 0 0 0 0 0 0 0 0 0 0 0 0 0 0 0 0 0 0 0 0 0 0 0 0 0 0 0 0 0 0 0 0 0 0 0 0 0 0 0 0 0 0 0 0 0 0 0 0 0 0 0 0 0 0 0 0 0 0 0 0 0 0 0 0 0 0 0 0 0 0 0 0 0 0 0 0 0 0 0 0 0 0 0 0 0 0 0 0 0 0 0 0 0 0 0 0 0 0 0 0 0 0 0 0 0 0 0 0 0 0 0 0 0 0 0 0 0 0 0 0 0 0 0 0 0 
[CCD拟图]
CCDLRC0=6 30 6 
CCDLRC1=6 30 6 
CCDLRC2=0 0 0 
[反馈数据]
0=6
1=122
2=8
3=4080
4=2100
5=1750
6=0
7=1
8=0
9=0
10=248
11=1016
12=946
[控制固参]
0=0
