[CCD原图]
CCD0=61 71 82 90 112 126 140 138 142 135 136 131 132 127 128 128 128 126 128 126 129 125 117 123 128 127 130 129 132 129 131 129 132 132 133 132 137 132 138 137 137 136 140 137 143 140 143 145 150 148 150 149 145 144 147 141 146 145 148 151 155 148 167 163 172 172 171 171 167 159 157 154 154 146 149 145 147 145 146 145 148 142 148 144 145 143 144 146 144 143 142 139 142 139 143 142 143 138 140 139 137 133 135 132 131 133 133 133 130 129 130 128 130 124 129 125 129 127 130 128 133 134 141 143 145 156 165 165 
CCD1=0 0 0 0 0 0 0 0 0 0 0 0 0 0 0 0 0 0 0 0 0 0 0 0 0 0 0 0 0 0 0 0 0 0 0 0 0 0 0 0 0 0 0 0 0 0 0 0 0 0 0 0 0 0 0 0 0 0 0 0 0 0 0 0 0 0 0 0 0 0 0 0 0 0 0 0 0 0 0 0 0 0 0 0 0 0 0 0 0 0 0 0 0 0 0 0 0 0 0 0 0 0 0 0 0 0 0 0 0 0 0 0 0 0 0 0 0 0 0 0 0 0 0 0 0 0 0 0 
[CCD拟图]
CCDLRC0=6 122 64 
CCDLRC1=6 122 64 
CCDLRC2=0 0 0 
[反馈数据]
0=6
1=122
2=8
3=4080
4=2100
5=1750
6=0
7=1
8=0
9=0
10=11
11=1035
12=965
[控制固参]
0=0
