[CCD原图]
CCD0=61 71 82 90 111 125 137 134 137 131 134 131 133 128 131 131 129 129 133 131 133 128 118 125 129 126 129 127 132 129 130 129 131 132 134 134 137 133 137 137 137 135 140 137 143 140 143 145 150 148 151 151 148 146 149 143 147 146 147 148 151 143 159 153 160 161 162 164 165 160 161 157 157 148 152 149 149 145 147 146 148 143 148 143 145 142 143 146 144 144 142 141 144 141 144 144 145 140 142 140 139 134 137 133 133 134 135 135 132 130 130 130 131 126 130 125 128 127 128 126 127 128 133 133 135 146 156 159 
CCD1=0 0 0 0 0 0 0 0 0 0 0 0 0 0 0 0 0 0 0 0 0 0 0 0 0 0 0 0 0 0 0 0 0 0 0 0 0 0 0 0 0 0 0 0 0 0 0 0 0 0 0 0 0 0 0 0 0 0 0 0 0 0 0 0 0 0 0 0 0 0 0 0 0 0 0 0 0 0 0 0 0 0 0 0 0 0 0 0 0 0 0 0 0 0 0 0 0 0 0 0 0 0 0 0 0 0 0 0 0 0 0 0 0 0 0 0 0 0 0 0 0 0 0 0 0 0 0 0 
[CCD拟图]
CCDLRC0=6 122 64 
CCDLRC1=6 122 64 
CCDLRC2=0 0 0 
[反馈数据]
0=6
1=122
2=8
3=4080
4=2100
5=1750
6=0
7=1
8=0
9=0
10=13
11=1037
12=967
[控制固参]
0=0
