[CCD原图]
CCD0=53 59 66 65 70 71 76 73 76 73 75 73 75 72 75 70 70 68 71 69 84 99 99 107 114 112 115 114 115 113 114 114 115 115 118 116 119 114 116 113 111 107 108 107 113 112 115 115 118 118 121 122 121 120 123 120 123 122 122 121 123 113 122 114 117 115 116 116 119 117 120 120 124 119 124 121 124 122 123 122 124 118 121 118 119 116 114 102 82 74 75 73 75 72 75 73 75 73 74 73 74 71 73 71 72 71 73 71 72 71 72 70 71 69 71 69 70 69 71 69 70 68 70 68 70 69 71 69 
CCD1=0 0 0 0 0 0 0 0 0 0 0 0 0 0 0 0 0 0 0 0 0 0 0 0 0 0 0 0 0 0 0 0 0 0 0 0 0 0 0 0 0 0 0 0 0 0 0 0 0 0 0 0 0 0 0 0 0 0 0 0 0 0 0 0 0 0 0 0 0 0 0 0 0 0 0 0 0 0 0 0 0 0 0 0 0 0 0 0 0 0 0 0 0 0 0 0 0 0 0 0 0 0 0 0 0 0 0 0 0 0 0 0 0 0 0 0 0 0 0 0 0 0 0 0 0 0 0 0 
[CCD拟图]
CCDLRC0=19 89 54 
CCDLRC1=19 89 54 
CCDLRC2=0 0 0 
[反馈数据]
0=6
1=122
2=8
3=4080
4=2100
5=1750
6=0
7=1
8=0
9=0
10=175
11=175
12=105
[控制固参]
0=0
