[CCD原图]
CCD0=54 61 67 67 73 75 79 77 80 77 80 77 80 77 79 78 79 78 78 73 75 73 73 82 106 118 126 125 129 127 128 128 130 129 132 132 135 130 135 135 135 133 138 136 141 138 141 145 151 150 154 155 152 150 152 144 148 146 147 146 148 137 151 142 148 145 145 145 146 143 147 147 152 148 159 165 178 184 185 180 178 164 161 152 150 145 144 145 141 140 139 136 137 132 122 96 82 77 80 79 82 81 86 84 85 84 83 82 82 80 81 81 85 83 85 83 86 84 86 84 85 84 85 84 84 85 88 86 
CCD1=0 0 0 0 0 0 0 0 0 0 0 0 0 0 0 0 0 0 0 0 0 0 0 0 0 0 0 0 0 0 0 0 0 0 0 0 0 0 0 0 0 0 0 0 0 0 0 0 0 0 0 0 0 0 0 0 0 0 0 0 0 0 0 0 0 0 0 0 0 0 0 0 0 0 0 0 0 0 0 0 0 0 0 0 0 0 0 0 0 0 0 0 0 0 0 0 0 0 0 0 0 0 0 0 0 0 0 0 0 0 0 0 0 0 0 0 0 0 0 0 0 0 0 0 0 0 0 0 
[CCD拟图]
CCDLRC0=23 94 58 
CCDLRC1=23 94 58 
CCDLRC2=0 0 0 
[反馈数据]
0=6
1=122
2=8
3=4080
4=2100
5=1750
6=0
7=1
8=0
9=0
10=101
11=1125
12=1055
[控制固参]
0=0
