[CCD原图]
CCD0=54 61 67 67 73 75 80 78 80 77 80 77 80 76 79 77 79 77 81 78 81 79 78 78 81 76 76 72 74 73 82 95 112 123 129 130 135 130 136 136 136 135 138 135 140 139 142 145 152 153 156 157 154 152 154 145 147 145 145 144 145 135 148 141 146 143 144 145 146 143 146 146 151 148 158 161 169 170 171 166 161 148 148 145 144 141 141 142 139 137 136 134 137 134 136 135 137 132 135 134 134 129 131 128 128 128 127 123 106 90 83 78 79 76 76 75 80 80 84 84 85 84 86 84 84 86 88 85 
CCD1=0 0 0 0 0 0 0 0 0 0 0 0 0 0 0 0 0 0 0 0 0 0 0 0 0 0 0 0 0 0 0 0 0 0 0 0 0 0 0 0 0 0 0 0 0 0 0 0 0 0 0 0 0 0 0 0 0 0 0 0 0 0 0 0 0 0 0 0 0 0 0 0 0 0 0 0 0 0 0 0 0 0 0 0 0 0 0 0 0 0 0 0 0 0 0 0 0 0 0 0 0 0 0 0 0 0 0 0 0 0 0 0 0 0 0 0 0 0 0 0 0 0 0 0 0 0 0 0 
[CCD拟图]
CCDLRC0=29 107 68 
CCDLRC1=29 107 68 
CCDLRC2=0 0 0 
[反馈数据]
0=6
1=122
2=8
3=4080
4=2100
5=1750
6=0
7=1
8=0
9=0
10=105
11=1129
12=1059
[控制固参]
0=0
