[CCD原图]
CCD0=54 61 67 66 73 74 79 76 79 76 79 76 78 75 78 76 78 76 79 77 79 77 76 76 80 78 81 79 81 79 81 80 81 81 83 81 84 81 84 81 84 81 84 82 85 83 86 84 87 86 87 85 86 85 88 85 88 86 88 87 90 85 90 87 90 88 89 88 89 86 89 88 95 101 122 137 147 148 151 149 149 140 143 139 140 138 138 141 139 138 137 136 139 137 140 139 138 133 135 133 132 128 131 128 128 129 130 130 128 127 128 127 128 123 129 123 127 125 127 123 126 125 128 126 126 135 142 144 
CCD1=0 0 0 0 0 0 0 0 0 0 0 0 0 0 0 0 0 0 0 0 0 0 0 0 0 0 0 0 0 0 0 0 0 0 0 0 0 0 0 0 0 0 0 0 0 0 0 0 0 0 0 0 0 0 0 0 0 0 0 0 0 0 0 0 0 0 0 0 0 0 0 0 0 0 0 0 0 0 0 0 0 0 0 0 0 0 0 0 0 0 0 0 0 0 0 0 0 0 0 0 0 0 0 0 0 0 0 0 0 0 0 0 0 0 0 0 0 0 0 0 0 0 0 0 0 0 0 0 
[CCD拟图]
CCDLRC0=69 122 110 
CCDLRC1=69 122 110 
CCDLRC2=0 0 0 
[反馈数据]
0=6
1=122
2=8
3=4080
4=2100
5=1750
6=0
7=1
8=0
9=0
10=127
11=1151
12=1081
[控制固参]
0=0
