[CCD原图]
CCD0=55 61 67 67 75 76 81 78 81 77 80 78 80 77 80 78 80 78 82 79 82 80 79 80 83 81 84 81 81 77 79 90 111 125 131 132 136 131 136 135 135 134 137 134 140 137 142 146 152 154 159 161 157 156 158 149 151 148 147 145 147 136 149 142 146 144 143 144 145 142 145 144 147 140 145 142 145 143 145 144 147 142 147 147 151 151 156 164 165 166 162 157 152 144 145 141 140 134 131 117 99 82 84 82 85 86 88 86 85 82 85 84 86 83 85 83 85 83 86 84 86 84 87 85 86 87 90 89 
CCD1=0 0 0 0 0 0 0 0 0 0 0 0 0 0 0 0 0 0 0 0 0 0 0 0 0 0 0 0 0 0 0 0 0 0 0 0 0 0 0 0 0 0 0 0 0 0 0 0 0 0 0 0 0 0 0 0 0 0 0 0 0 0 0 0 0 0 0 0 0 0 0 0 0 0 0 0 0 0 0 0 0 0 0 0 0 0 0 0 0 0 0 0 0 0 0 0 0 0 0 0 0 0 0 0 0 0 0 0 0 0 0 0 0 0 0 0 0 0 0 0 0 0 0 0 0 0 0 0 
[CCD拟图]
CCDLRC0=34 103 68 
CCDLRC1=34 103 68 
CCDLRC2=0 0 0 
[反馈数据]
0=6
1=122
2=8
3=4080
4=2100
5=1750
6=0
7=1
8=0
9=0
10=158
11=1182
12=1112
[控制固参]
0=0
