[CCD原图]
CCD0=53 59 65 64 71 71 76 73 76 73 76 72 75 71 71 68 70 69 72 84 102 105 101 107 114 112 115 113 116 113 114 113 115 115 117 115 118 112 113 110 111 109 113 112 118 115 118 118 122 120 123 121 119 119 122 118 123 120 122 121 123 113 123 115 119 118 118 119 121 119 123 121 124 119 124 120 123 121 123 120 123 118 122 119 119 116 116 98 78 73 73 72 77 74 76 74 75 72 74 72 73 71 72 70 72 71 72 70 72 69 72 69 71 69 71 69 71 69 71 69 71 68 69 68 69 68 71 69 
CCD1=0 0 0 0 0 0 0 0 0 0 0 0 0 0 0 0 0 0 0 0 0 0 0 0 0 0 0 0 0 0 0 0 0 0 0 0 0 0 0 0 0 0 0 0 0 0 0 0 0 0 0 0 0 0 0 0 0 0 0 0 0 0 0 0 0 0 0 0 0 0 0 0 0 0 0 0 0 0 0 0 0 0 0 0 0 0 0 0 0 0 0 0 0 0 0 0 0 0 0 0 0 0 0 0 0 0 0 0 0 0 0 0 0 0 0 0 0 0 0 0 0 0 0 0 0 0 0 0 
[CCD拟图]
CCDLRC0=18 89 53 
CCDLRC1=18 89 53 
CCDLRC2=0 0 0 
[反馈数据]
0=6
1=122
2=8
3=4080
4=2100
5=1750
6=0
7=1
8=0
9=0
10=184
11=184
12=114
[控制固参]
0=0
