[CCD原图]
CCD0=60 70 81 89 111 125 138 134 137 128 128 122 123 118 121 120 120 120 124 122 126 123 114 120 128 125 128 126 130 128 128 128 130 131 133 132 136 130 136 135 134 133 138 136 142 140 145 146 151 150 151 152 149 146 148 141 144 143 143 143 145 135 148 140 144 141 141 142 142 140 142 141 144 138 143 139 143 141 142 141 145 139 144 141 143 141 144 148 149 150 150 146 136 102 90 87 88 84 86 84 84 81 82 80 81 79 80 78 79 77 78 76 77 75 78 80 89 88 90 87 89 87 87 86 89 90 95 96 
CCD1=0 0 0 0 0 0 0 0 0 0 0 0 0 0 0 0 0 0 0 0 0 0 0 0 0 0 0 0 0 0 0 0 0 0 0 0 0 0 0 0 0 0 0 0 0 0 0 0 0 0 0 0 0 0 0 0 0 0 0 0 0 0 0 0 0 0 0 0 0 0 0 0 0 0 0 0 0 0 0 0 0 0 0 0 0 0 0 0 0 0 0 0 0 0 0 0 0 0 0 0 0 0 0 0 0 0 0 0 0 0 0 0 0 0 0 0 0 0 0 0 0 0 0 0 0 0 0 0 
[CCD拟图]
CCDLRC0=6 93 49 
CCDLRC1=6 93 49 
CCDLRC2=0 0 0 
[反馈数据]
0=6
1=122
2=8
3=4080
4=2100
5=1750
6=0
7=1
8=0
9=0
10=197
11=1221
12=1151
[控制固参]
0=0
