[CCD原图]
CCD0=61 72 81 89 111 124 136 133 135 127 128 122 124 119 122 122 122 121 124 120 125 121 114 121 129 126 128 126 129 128 129 129 131 132 133 132 136 132 137 136 136 134 138 136 142 142 149 155 160 157 157 156 151 149 150 143 147 144 145 144 146 136 149 142 146 144 143 144 144 141 144 143 145 139 143 141 144 142 144 142 145 140 144 142 143 141 144 148 148 151 151 149 151 146 145 142 142 137 141 141 141 135 136 132 132 133 133 133 130 129 130 128 129 124 128 123 128 126 127 123 125 125 128 125 123 130 136 135 
CCD1=0 0 0 0 0 0 0 0 0 0 0 0 0 0 0 0 0 0 0 0 0 0 0 0 0 0 0 0 0 0 0 0 0 0 0 0 0 0 0 0 0 0 0 0 0 0 0 0 0 0 0 0 0 0 0 0 0 0 0 0 0 0 0 0 0 0 0 0 0 0 0 0 0 0 0 0 0 0 0 0 0 0 0 0 0 0 0 0 0 0 0 0 0 0 0 0 0 0 0 0 0 0 0 0 0 0 0 0 0 0 0 0 0 0 0 0 0 0 0 0 0 0 0 0 0 0 0 0 
[CCD拟图]
CCDLRC0=6 122 50 
CCDLRC1=6 122 50 
CCDLRC2=0 0 0 
[反馈数据]
0=6
1=122
2=8
3=4080
4=2100
5=1750
6=0
7=1
8=0
9=0
10=202
11=1226
12=1156
[控制固参]
0=0
