[CCD原图]
CCD0=60 70 80 88 108 120 131 128 131 124 124 120 123 119 121 122 121 120 124 119 124 121 112 120 128 126 128 126 130 128 129 129 131 131 134 133 136 131 137 136 136 134 140 138 143 141 143 144 147 147 150 150 148 146 148 142 145 143 144 143 146 136 149 141 146 143 143 142 143 140 142 142 145 139 143 141 144 142 143 142 145 139 145 142 144 142 144 148 147 148 149 149 150 145 143 140 139 134 138 138 138 134 136 132 132 133 133 133 130 129 129 128 129 124 128 123 128 126 128 124 126 126 127 126 124 129 135 135 
CCD1=0 0 0 0 0 0 0 0 0 0 0 0 0 0 0 0 0 0 0 0 0 0 0 0 0 0 0 0 0 0 0 0 0 0 0 0 0 0 0 0 0 0 0 0 0 0 0 0 0 0 0 0 0 0 0 0 0 0 0 0 0 0 0 0 0 0 0 0 0 0 0 0 0 0 0 0 0 0 0 0 0 0 0 0 0 0 0 0 0 0 0 0 0 0 0 0 0 0 0 0 0 0 0 0 0 0 0 0 0 0 0 0 0 0 0 0 0 0 0 0 0 0 0 0 0 0 0 0 
[CCD拟图]
CCDLRC0=6 122 50 
CCDLRC1=6 122 50 
CCDLRC2=0 0 0 
[反馈数据]
0=6
1=122
2=8
3=4080
4=2100
5=1750
6=0
7=1
8=0
9=0
10=206
11=1230
12=1160
[控制固参]
0=0
