[CCD原图]
CCD0=59 70 80 87 107 120 131 128 131 124 125 121 123 119 121 120 121 120 123 121 124 122 113 119 126 125 128 126 129 127 128 129 131 130 132 132 136 131 136 137 136 135 140 138 144 141 143 144 148 148 150 148 143 143 146 140 145 143 144 143 145 136 148 140 145 143 142 143 143 140 143 142 145 139 143 140 143 141 143 141 144 139 143 141 142 140 141 145 143 145 146 146 149 145 144 140 140 135 137 137 139 135 137 133 131 132 133 132 131 128 128 127 128 123 127 123 126 125 126 123 125 124 127 125 123 128 133 133 
CCD1=0 0 0 0 0 0 0 0 0 0 0 0 0 0 0 0 0 0 0 0 0 0 0 0 0 0 0 0 0 0 0 0 0 0 0 0 0 0 0 0 0 0 0 0 0 0 0 0 0 0 0 0 0 0 0 0 0 0 0 0 0 0 0 0 0 0 0 0 0 0 0 0 0 0 0 0 0 0 0 0 0 0 0 0 0 0 0 0 0 0 0 0 0 0 0 0 0 0 0 0 0 0 0 0 0 0 0 0 0 0 0 0 0 0 0 0 0 0 0 0 0 0 0 0 0 0 0 0 
[CCD拟图]
CCDLRC0=6 122 50 
CCDLRC1=6 122 50 
CCDLRC2=0 0 0 
[反馈数据]
0=6
1=122
2=8
3=4080
4=2100
5=1750
6=0
7=1
8=0
9=0
10=211
11=1235
12=1165
[控制固参]
0=0
