[CCD原图]
CCD0=54 62 67 67 74 76 80 78 80 78 80 78 79 77 79 77 80 78 80 79 82 80 78 78 78 75 78 85 117 126 128 128 130 130 132 131 134 130 135 134 134 132 135 132 137 134 137 138 143 141 142 141 139 137 141 136 141 139 140 141 141 132 143 136 140 138 137 135 136 133 136 135 137 132 136 133 135 134 136 135 137 132 136 132 134 131 132 134 133 132 131 130 131 129 129 117 92 81 83 81 84 82 84 83 84 82 84 83 84 81 83 81 83 80 83 79 82 81 82 79 81 80 82 81 81 81 84 83 
CCD1=0 0 0 0 0 0 0 0 0 0 0 0 0 0 0 0 0 0 0 0 0 0 0 0 0 0 0 0 0 0 0 0 0 0 0 0 0 0 0 0 0 0 0 0 0 0 0 0 0 0 0 0 0 0 0 0 0 0 0 0 0 0 0 0 0 0 0 0 0 0 0 0 0 0 0 0 0 0 0 0 0 0 0 0 0 0 0 0 0 0 0 0 0 0 0 0 0 0 0 0 0 0 0 0 0 0 0 0 0 0 0 0 0 0 0 0 0 0 0 0 0 0 0 0 0 0 0 0 
[CCD拟图]
CCDLRC0=27 97 62 
CCDLRC1=27 97 62 
CCDLRC2=0 0 0 
[反馈数据]
0=6
1=122
2=8
3=4080
4=2100
5=1750
6=0
7=1
8=0
9=0
10=232
11=1256
12=1186
[控制固参]
0=0
