[CCD原图]
CCD0=53 60 65 65 71 71 75 73 77 73 76 73 75 72 73 70 71 72 89 103 110 108 102 108 113 112 114 112 114 112 113 113 114 113 116 115 117 112 116 112 112 109 111 111 115 113 117 118 122 121 123 122 121 120 123 118 123 121 123 121 123 113 120 114 117 117 118 119 119 119 122 121 123 118 123 121 123 120 122 120 122 117 120 117 118 116 115 94 77 74 74 74 77 75 77 74 76 72 75 72 74 71 72 71 72 70 72 70 72 70 72 69 71 69 71 69 71 69 71 69 71 69 70 68 70 68 71 69 
CCD1=0 0 0 0 0 0 0 0 0 0 0 0 0 0 0 0 0 0 0 0 0 0 0 0 0 0 0 0 0 0 0 0 0 0 0 0 0 0 0 0 0 0 0 0 0 0 0 0 0 0 0 0 0 0 0 0 0 0 0 0 0 0 0 0 0 0 0 0 0 0 0 0 0 0 0 0 0 0 0 0 0 0 0 0 0 0 0 0 0 0 0 0 0 0 0 0 0 0 0 0 0 0 0 0 0 0 0 0 0 0 0 0 0 0 0 0 0 0 0 0 0 0 0 0 0 0 0 0 
[CCD拟图]
CCDLRC0=17 89 53 
CCDLRC1=17 89 53 
CCDLRC2=0 0 0 
[反馈数据]
0=6
1=122
2=8
3=4080
4=2100
5=1750
6=0
7=1
8=0
9=0
10=192
11=192
12=122
[控制固参]
0=0
