[CCD原图]
CCD0=59 69 80 87 107 118 129 127 130 123 126 121 124 120 122 122 123 122 126 123 128 125 116 123 129 127 131 129 132 129 130 130 132 133 134 134 137 132 138 138 136 135 138 136 141 138 140 140 143 141 143 143 140 139 144 138 144 142 144 143 146 136 148 141 145 142 141 142 143 139 142 138 138 122 113 96 87 80 83 82 85 82 82 77 80 77 83 84 86 84 85 82 84 82 84 83 84 81 84 83 84 81 83 81 82 81 83 81 81 80 82 79 81 78 81 78 80 79 81 78 80 79 80 78 80 79 82 80 
CCD1=0 0 0 0 0 0 0 0 0 0 0 0 0 0 0 0 0 0 0 0 0 0 0 0 0 0 0 0 0 0 0 0 0 0 0 0 0 0 0 0 0 0 0 0 0 0 0 0 0 0 0 0 0 0 0 0 0 0 0 0 0 0 0 0 0 0 0 0 0 0 0 0 0 0 0 0 0 0 0 0 0 0 0 0 0 0 0 0 0 0 0 0 0 0 0 0 0 0 0 0 0 0 0 0 0 0 0 0 0 0 0 0 0 0 0 0 0 0 0 0 0 0 0 0 0 0 0 0 
[CCD拟图]
CCDLRC0=6 79 37 
CCDLRC1=6 79 37 
CCDLRC2=0 0 0 
[反馈数据]
0=6
1=122
2=8
3=4080
4=2100
5=1750
6=0
7=1
8=0
9=0
10=254
11=1278
12=1208
[控制固参]
0=0
