[CCD原图]
CCD0=55 61 67 67 75 75 80 78 80 77 79 76 78 74 76 73 74 73 77 75 79 77 76 77 81 78 80 78 81 79 80 79 81 80 82 80 83 79 83 82 82 80 83 81 83 81 83 82 84 82 84 82 83 81 85 82 86 83 86 84 87 83 88 84 87 85 86 84 85 83 85 82 84 80 83 80 83 80 82 80 82 79 82 80 84 84 87 89 94 95 99 101 107 108 114 116 121 120 125 125 126 122 123 116 113 112 113 114 115 116 119 118 121 117 121 117 121 119 121 117 118 118 120 117 116 120 125 124 
CCD1=0 0 0 0 0 0 0 0 0 0 0 0 0 0 0 0 0 0 0 0 0 0 0 0 0 0 0 0 0 0 0 0 0 0 0 0 0 0 0 0 0 0 0 0 0 0 0 0 0 0 0 0 0 0 0 0 0 0 0 0 0 0 0 0 0 0 0 0 0 0 0 0 0 0 0 0 0 0 0 0 0 0 0 0 0 0 0 0 0 0 0 0 0 0 0 0 0 0 0 0 0 0 0 0 0 0 0 0 0 0 0 0 0 0 0 0 0 0 0 0 0 0 0 0 0 0 0 0 
[CCD拟图]
CCDLRC0=6 122 6 
CCDLRC1=6 122 6 
CCDLRC2=0 0 0 
[反馈数据]
0=6
1=122
2=8
3=4080
4=2100
5=1750
6=0
7=1
8=0
9=0
10=26
11=1306
12=1236
[控制固参]
0=0
