[CCD原图]
CCD0=53 61 66 66 73 73 78 76 78 75 78 75 78 75 77 75 77 75 78 76 79 76 76 77 80 77 80 78 81 78 79 79 81 79 81 79 82 79 82 81 82 80 83 81 84 80 83 82 84 82 85 83 84 82 85 82 85 84 86 84 87 83 88 84 87 85 87 85 86 84 86 85 87 83 85 82 82 80 82 81 86 89 101 111 125 129 133 136 133 133 133 130 133 129 132 132 133 128 131 130 129 125 127 124 124 125 126 126 123 122 123 121 123 118 123 119 123 121 123 120 122 121 124 122 119 126 129 129 
CCD1=0 0 0 0 0 0 0 0 0 0 0 0 0 0 0 0 0 0 0 0 0 0 0 0 0 0 0 0 0 0 0 0 0 0 0 0 0 0 0 0 0 0 0 0 0 0 0 0 0 0 0 0 0 0 0 0 0 0 0 0 0 0 0 0 0 0 0 0 0 0 0 0 0 0 0 0 0 0 0 0 0 0 0 0 0 0 0 0 0 0 0 0 0 0 0 0 0 0 0 0 0 0 0 0 0 0 0 0 0 0 0 0 0 0 0 0 0 0 0 0 0 0 0 0 0 0 0 0 
[CCD拟图]
CCDLRC0=6 122 6 
CCDLRC1=6 122 6 
CCDLRC2=0 0 0 
[反馈数据]
0=6
1=122
2=8
3=4080
4=2100
5=1750
6=0
7=1
8=0
9=0
10=41
11=1321
12=1251
[控制固参]
0=0
