[CCD原图]
CCD0=58 69 80 88 109 120 129 124 125 118 119 112 112 106 109 110 111 111 116 114 118 115 107 113 119 119 121 119 122 120 121 120 121 122 124 123 127 124 132 133 134 135 138 134 138 132 133 132 134 132 133 132 131 131 134 131 136 136 137 137 139 130 142 135 138 137 138 138 139 137 140 139 142 137 143 141 146 149 155 159 166 163 169 165 164 159 156 155 148 144 140 136 137 134 135 134 135 130 133 131 130 126 129 126 127 129 131 132 131 130 131 130 131 126 129 125 126 125 125 120 122 121 123 120 118 122 117 97 
CCD1=0 0 0 0 0 0 0 0 0 0 0 0 0 0 0 0 0 0 0 0 0 0 0 0 0 0 0 0 0 0 0 0 0 0 0 0 0 0 0 0 0 0 0 0 0 0 0 0 0 0 0 0 0 0 0 0 0 0 0 0 0 0 0 0 0 0 0 0 0 0 0 0 0 0 0 0 0 0 0 0 0 0 0 0 0 0 0 0 0 0 0 0 0 0 0 0 0 0 0 0 0 0 0 0 0 0 0 0 0 0 0 0 0 0 0 0 0 0 0 0 0 0 0 0 0 0 0 0 
[CCD拟图]
CCDLRC0=6 122 64 
CCDLRC1=6 122 64 
CCDLRC2=0 0 0 
[反馈数据]
0=6
1=122
2=8
3=4080
4=2100
5=1750
6=0
7=1
8=0
9=0
10=85
11=1365
12=1295
[控制固参]
0=0
