[CCD原图]
CCD0=60 70 82 90 114 130 143 137 136 126 126 121 122 117 119 119 120 120 123 119 124 121 113 118 125 123 125 124 127 126 127 129 132 134 139 140 145 140 145 144 142 135 134 129 132 128 131 131 135 134 135 136 133 133 137 133 138 136 138 138 140 131 143 135 139 136 137 137 139 139 143 146 154 152 161 160 163 160 159 156 153 143 143 137 137 134 134 136 134 133 132 131 132 129 132 131 133 129 131 130 130 125 128 126 126 128 128 130 128 127 128 129 132 129 137 136 142 144 147 144 145 142 142 136 130 132 135 133 
CCD1=0 0 0 0 0 0 0 0 0 0 0 0 0 0 0 0 0 0 0 0 0 0 0 0 0 0 0 0 0 0 0 0 0 0 0 0 0 0 0 0 0 0 0 0 0 0 0 0 0 0 0 0 0 0 0 0 0 0 0 0 0 0 0 0 0 0 0 0 0 0 0 0 0 0 0 0 0 0 0 0 0 0 0 0 0 0 0 0 0 0 0 0 0 0 0 0 0 0 0 0 0 0 0 0 0 0 0 0 0 0 0 0 0 0 0 0 0 0 0 0 0 0 0 0 0 0 0 0 
[CCD拟图]
CCDLRC0=6 122 64 
CCDLRC1=6 122 64 
CCDLRC2=0 0 0 
[反馈数据]
0=6
1=122
2=8
3=4080
4=2100
5=1750
6=0
7=1
8=0
9=0
10=118
11=1398
12=1328
[控制固参]
0=0
