[CCD原图]
CCD0=59 69 78 85 104 114 125 121 124 119 122 118 121 117 121 122 123 123 127 124 126 116 98 86 83 76 76 74 79 78 81 84 92 102 113 119 129 129 136 138 138 136 137 133 137 132 134 134 136 135 137 136 135 134 139 134 138 136 137 138 140 130 143 137 142 141 143 146 150 147 149 147 148 143 146 137 134 130 132 132 134 130 135 132 134 131 132 134 131 131 130 127 130 127 129 127 128 124 126 125 125 121 125 125 128 133 140 146 144 144 143 140 139 130 130 124 127 124 125 120 121 121 123 121 119 123 127 127 
CCD1=0 0 0 0 0 0 0 0 0 0 0 0 0 0 0 0 0 0 0 0 0 0 0 0 0 0 0 0 0 0 0 0 0 0 0 0 0 0 0 0 0 0 0 0 0 0 0 0 0 0 0 0 0 0 0 0 0 0 0 0 0 0 0 0 0 0 0 0 0 0 0 0 0 0 0 0 0 0 0 0 0 0 0 0 0 0 0 0 0 0 0 0 0 0 0 0 0 0 0 0 0 0 0 0 0 0 0 0 0 0 0 0 0 0 0 0 0 0 0 0 0 0 0 0 0 0 0 0 
[CCD拟图]
CCDLRC0=30 122 76 
CCDLRC1=30 122 76 
CCDLRC2=0 0 0 
[反馈数据]
0=6
1=122
2=8
3=4080
4=2100
5=1750
6=0
7=1
8=0
9=0
10=148
11=1428
12=1358
[控制固参]
0=0
