[CCD原图]
CCD0=59 69 78 85 104 114 125 121 125 119 122 118 121 117 120 122 124 123 127 125 127 119 102 91 87 78 76 75 79 79 83 88 97 107 118 123 131 131 139 139 140 137 139 134 138 133 135 135 137 136 137 138 135 135 139 134 139 137 138 138 141 131 143 136 142 141 143 147 149 147 149 147 148 143 146 137 134 130 131 131 133 130 134 130 133 131 132 134 131 130 129 127 128 125 128 126 127 122 124 123 124 120 123 123 125 131 138 144 143 142 141 138 137 127 129 122 125 122 122 118 120 118 121 118 117 121 125 124 
CCD1=0 0 0 0 0 0 0 0 0 0 0 0 0 0 0 0 0 0 0 0 0 0 0 0 0 0 0 0 0 0 0 0 0 0 0 0 0 0 0 0 0 0 0 0 0 0 0 0 0 0 0 0 0 0 0 0 0 0 0 0 0 0 0 0 0 0 0 0 0 0 0 0 0 0 0 0 0 0 0 0 0 0 0 0 0 0 0 0 0 0 0 0 0 0 0 0 0 0 0 0 0 0 0 0 0 0 0 0 0 0 0 0 0 0 0 0 0 0 0 0 0 0 0 0 0 0 0 0 
[CCD拟图]
CCDLRC0=30 122 76 
CCDLRC1=30 122 76 
CCDLRC2=0 0 0 
[反馈数据]
0=6
1=122
2=8
3=4080
4=2100
5=1750
6=0
7=1
8=0
9=0
10=154
11=1434
12=1364
[控制固参]
0=0
