[CCD原图]
CCD0=59 68 78 85 104 114 125 121 125 119 121 118 121 117 120 122 123 123 126 123 125 115 97 85 82 76 76 75 79 78 80 83 91 99 111 118 128 128 136 139 139 137 138 134 138 133 136 136 138 136 139 139 138 136 141 136 140 138 140 140 142 133 146 139 144 144 145 150 153 150 152 150 150 146 148 138 136 133 135 135 136 133 137 135 137 135 135 137 135 134 132 130 132 129 131 130 131 126 129 127 125 121 123 120 120 120 121 121 119 118 120 121 125 121 126 121 123 121 122 118 119 117 119 117 116 120 124 124 
CCD1=0 0 0 0 0 0 0 0 0 0 0 0 0 0 0 0 0 0 0 0 0 0 0 0 0 0 0 0 0 0 0 0 0 0 0 0 0 0 0 0 0 0 0 0 0 0 0 0 0 0 0 0 0 0 0 0 0 0 0 0 0 0 0 0 0 0 0 0 0 0 0 0 0 0 0 0 0 0 0 0 0 0 0 0 0 0 0 0 0 0 0 0 0 0 0 0 0 0 0 0 0 0 0 0 0 0 0 0 0 0 0 0 0 0 0 0 0 0 0 0 0 0 0 0 0 0 0 0 
[CCD拟图]
CCDLRC0=31 122 76 
CCDLRC1=31 122 76 
CCDLRC2=0 0 0 
[反馈数据]
0=6
1=122
2=8
3=4080
4=2100
5=1750
6=0
7=1
8=0
9=0
10=168
11=1448
12=1378
[控制固参]
0=0
