[CCD原图]
CCD0=59 68 79 85 103 113 124 121 124 119 121 118 120 117 120 121 123 122 126 123 126 119 104 92 88 79 76 75 79 79 83 89 99 109 119 123 131 129 137 138 138 135 136 132 135 130 132 132 135 133 135 135 132 132 136 132 137 135 136 136 138 128 141 135 139 139 142 145 148 145 148 145 147 143 146 137 133 130 132 133 133 131 135 132 133 132 133 135 133 132 131 128 130 128 130 129 130 126 129 129 130 128 133 133 136 141 143 147 143 139 135 128 125 115 119 114 117 115 116 113 115 114 117 114 113 118 121 121 
CCD1=0 0 0 0 0 0 0 0 0 0 0 0 0 0 0 0 0 0 0 0 0 0 0 0 0 0 0 0 0 0 0 0 0 0 0 0 0 0 0 0 0 0 0 0 0 0 0 0 0 0 0 0 0 0 0 0 0 0 0 0 0 0 0 0 0 0 0 0 0 0 0 0 0 0 0 0 0 0 0 0 0 0 0 0 0 0 0 0 0 0 0 0 0 0 0 0 0 0 0 0 0 0 0 0 0 0 0 0 0 0 0 0 0 0 0 0 0 0 0 0 0 0 0 0 0 0 0 0 
[CCD拟图]
CCDLRC0=30 122 76 
CCDLRC1=30 122 76 
CCDLRC2=0 0 0 
[反馈数据]
0=6
1=122
2=8
3=4080
4=2100
5=1750
6=0
7=1
8=0
9=0
10=186
11=1466
12=1396
[控制固参]
0=0
