[CCD原图]
CCD0=59 69 78 85 103 113 124 121 124 118 120 118 121 116 120 120 123 122 127 123 126 115 97 85 83 76 76 75 79 78 81 83 91 99 111 118 127 127 136 137 138 135 137 133 136 131 133 134 136 134 136 136 135 134 139 134 138 136 137 137 140 130 143 137 142 141 144 146 150 147 150 146 148 143 146 137 134 130 132 132 133 131 135 131 134 132 132 135 133 132 131 129 130 127 130 130 131 127 130 130 131 129 134 134 137 142 145 149 145 144 143 140 139 130 130 124 126 124 124 120 120 120 121 119 118 123 126 127 
CCD1=0 0 0 0 0 0 0 0 0 0 0 0 0 0 0 0 0 0 0 0 0 0 0 0 0 0 0 0 0 0 0 0 0 0 0 0 0 0 0 0 0 0 0 0 0 0 0 0 0 0 0 0 0 0 0 0 0 0 0 0 0 0 0 0 0 0 0 0 0 0 0 0 0 0 0 0 0 0 0 0 0 0 0 0 0 0 0 0 0 0 0 0 0 0 0 0 0 0 0 0 0 0 0 0 0 0 0 0 0 0 0 0 0 0 0 0 0 0 0 0 0 0 0 0 0 0 0 0 
[CCD拟图]
CCDLRC0=31 122 76 
CCDLRC1=31 122 76 
CCDLRC2=0 0 0 
[反馈数据]
0=6
1=122
2=8
3=4080
4=2100
5=1750
6=0
7=1
8=0
9=0
10=210
11=1490
12=1420
[控制固参]
0=0
