[CCD原图]
CCD0=59 69 79 85 105 115 127 123 126 120 123 120 122 119 122 124 124 124 128 125 127 118 100 87 85 77 76 76 79 79 82 85 95 105 116 122 130 129 137 139 139 136 138 134 137 132 134 134 138 135 136 137 135 135 139 134 139 137 138 139 141 131 144 138 142 142 144 148 151 149 151 147 149 144 147 138 135 132 134 134 136 132 137 134 136 134 134 137 135 133 132 130 132 130 132 132 133 128 133 132 132 130 136 136 138 144 147 151 147 146 145 141 141 131 132 126 128 125 126 122 122 121 123 120 120 124 129 128 
CCD1=0 0 0 0 0 0 0 0 0 0 0 0 0 0 0 0 0 0 0 0 0 0 0 0 0 0 0 0 0 0 0 0 0 0 0 0 0 0 0 0 0 0 0 0 0 0 0 0 0 0 0 0 0 0 0 0 0 0 0 0 0 0 0 0 0 0 0 0 0 0 0 0 0 0 0 0 0 0 0 0 0 0 0 0 0 0 0 0 0 0 0 0 0 0 0 0 0 0 0 0 0 0 0 0 0 0 0 0 0 0 0 0 0 0 0 0 0 0 0 0 0 0 0 0 0 0 0 0 
[CCD拟图]
CCDLRC0=30 122 76 
CCDLRC1=30 122 76 
CCDLRC2=0 0 0 
[反馈数据]
0=6
1=122
2=8
3=4080
4=2100
5=1750
6=0
7=1
8=0
9=0
10=251
11=1531
12=1461
[控制固参]
0=0
