[CCD原图]
CCD0=59 69 80 86 105 115 127 123 127 121 124 121 123 119 123 124 125 124 127 123 121 102 86 80 80 75 78 76 81 79 84 90 101 112 121 126 134 132 139 139 137 134 135 132 136 132 133 134 137 135 137 137 136 135 139 133 139 137 138 139 141 132 145 139 144 146 148 151 152 149 149 147 152 144 144 136 136 133 136 134 138 134 139 136 138 136 137 139 136 136 135 132 134 132 135 133 135 132 135 136 138 136 142 144 146 150 153 154 149 146 143 139 136 129 131 126 128 126 126 123 125 123 126 123 121 126 131 130 
CCD1=0 0 0 0 0 0 0 0 0 0 0 0 0 0 0 0 0 0 0 0 0 0 0 0 0 0 0 0 0 0 0 0 0 0 0 0 0 0 0 0 0 0 0 0 0 0 0 0 0 0 0 0 0 0 0 0 0 0 0 0 0 0 0 0 0 0 0 0 0 0 0 0 0 0 0 0 0 0 0 0 0 0 0 0 0 0 0 0 0 0 0 0 0 0 0 0 0 0 0 0 0 0 0 0 0 0 0 0 0 0 0 0 0 0 0 0 0 0 0 0 0 0 0 0 0 0 0 0 
[CCD拟图]
CCDLRC0=31 122 76 
CCDLRC1=31 122 76 
CCDLRC2=0 0 0 
[反馈数据]
0=6
1=122
2=8
3=4080
4=2100
5=1750
6=0
7=1
8=0
9=0
10=5
11=1541
12=1471
[控制固参]
0=0
