[CCD原图]
CCD0=59 69 79 85 105 115 126 124 128 122 124 122 125 120 124 124 124 123 125 117 105 87 80 76 76 75 78 77 81 81 89 96 110 117 126 130 136 133 139 137 135 131 134 131 135 131 133 134 138 136 138 138 135 135 138 134 138 136 139 139 141 134 146 141 148 150 150 152 152 147 148 148 150 140 140 133 135 134 136 134 139 134 139 136 139 136 137 139 136 136 134 132 134 131 134 134 135 132 137 138 141 140 147 148 149 153 153 152 147 143 139 134 134 127 130 124 127 125 126 123 124 124 126 123 120 126 131 130 
CCD1=0 0 0 0 0 0 0 0 0 0 0 0 0 0 0 0 0 0 0 0 0 0 0 0 0 0 0 0 0 0 0 0 0 0 0 0 0 0 0 0 0 0 0 0 0 0 0 0 0 0 0 0 0 0 0 0 0 0 0 0 0 0 0 0 0 0 0 0 0 0 0 0 0 0 0 0 0 0 0 0 0 0 0 0 0 0 0 0 0 0 0 0 0 0 0 0 0 0 0 0 0 0 0 0 0 0 0 0 0 0 0 0 0 0 0 0 0 0 0 0 0 0 0 0 0 0 0 0 
[CCD拟图]
CCDLRC0=30 122 76 
CCDLRC1=30 122 76 
CCDLRC2=0 0 0 
[反馈数据]
0=6
1=122
2=8
3=4080
4=2100
5=1750
6=0
7=1
8=0
9=0
10=7
11=1543
12=1473
[控制固参]
0=0
