[CCD原图]
CCD0=54 61 66 66 73 74 79 76 79 76 78 75 78 74 77 75 78 77 79 77 80 77 76 76 80 78 81 79 81 80 81 80 82 81 84 82 85 81 82 79 81 84 118 132 139 136 140 140 146 146 148 152 151 152 158 152 158 153 153 150 150 138 149 141 144 143 142 143 143 140 142 141 143 137 142 140 142 139 141 139 142 136 140 136 137 134 136 137 136 135 134 131 133 130 133 133 134 129 132 131 132 127 131 130 133 139 140 138 127 112 90 77 79 76 79 77 83 83 85 84 85 83 84 82 83 83 85 84 
CCD1=0 0 0 0 0 0 0 0 0 0 0 0 0 0 0 0 0 0 0 0 0 0 0 0 0 0 0 0 0 0 0 0 0 0 0 0 0 0 0 0 0 0 0 0 0 0 0 0 0 0 0 0 0 0 0 0 0 0 0 0 0 0 0 0 0 0 0 0 0 0 0 0 0 0 0 0 0 0 0 0 0 0 0 0 0 0 0 0 0 0 0 0 0 0 0 0 0 0 0 0 0 0 0 0 0 0 0 0 0 0 0 0 0 0 0 0 0 0 0 0 0 0 0 0 0 0 0 0 
[CCD拟图]
CCDLRC0=41 109 75 
CCDLRC1=41 109 75 
CCDLRC2=0 0 0 
[反馈数据]
0=109
1=122
2=122
3=5788
4=2300
5=1850
6=43
7=1
8=0
9=0
10=228
11=1637
12=1627
[控制固参]
0=0
