[CCD原图]
CCD0=54 61 66 66 74 75 79 76 80 76 79 76 78 76 78 76 78 77 79 78 80 78 77 78 82 80 82 79 82 79 78 76 77 76 87 115 131 129 137 138 139 138 142 140 145 142 145 146 150 148 149 150 148 146 150 145 150 147 149 149 150 139 152 146 149 147 146 147 147 144 146 144 146 140 145 142 145 143 143 143 145 139 144 141 142 139 141 143 140 140 139 137 139 135 138 137 139 134 137 135 132 121 101 80 77 75 77 75 82 85 86 83 86 83 85 82 84 82 84 81 83 82 83 80 82 81 84 82 
CCD1=0 0 0 0 0 0 0 0 0 0 0 0 0 0 0 0 0 0 0 0 0 0 0 0 0 0 0 0 0 0 0 0 0 0 0 0 0 0 0 0 0 0 0 0 0 0 0 0 0 0 0 0 0 0 0 0 0 0 0 0 0 0 0 0 0 0 0 0 0 0 0 0 0 0 0 0 0 0 0 0 0 0 0 0 0 0 0 0 0 0 0 0 0 0 0 0 0 0 0 0 0 0 0 0 0 0 0 0 0 0 0 0 0 0 0 0 0 0 0 0 0 0 0 0 0 0 0 0 
[CCD拟图]
CCDLRC0=34 103 68 
CCDLRC1=34 103 68 
CCDLRC2=0 0 0 
[反馈数据]
0=109
1=122
2=122
3=5788
4=2300
5=1850
6=43
7=1
8=0
9=0
10=245
11=1654
12=1644
[控制固参]
0=0
