[CCD原图]
CCD0=56 64 69 67 73 72 78 81 93 98 109 113 119 117 120 121 122 121 125 122 126 123 115 122 128 127 130 128 132 130 131 130 132 133 136 135 138 134 138 139 139 138 141 139 144 140 142 143 146 144 145 146 143 143 147 142 147 146 147 146 148 138 151 144 148 145 144 144 144 140 143 142 144 138 143 139 143 141 142 142 143 139 142 138 139 136 137 140 137 135 131 121 107 87 81 77 82 84 86 83 85 82 84 82 84 83 84 83 84 82 83 81 83 80 83 80 83 81 83 80 81 79 81 79 81 80 83 81 
CCD1=0 0 0 0 0 0 0 0 0 0 0 0 0 0 0 0 0 0 0 0 0 0 0 0 0 0 0 0 0 0 0 0 0 0 0 0 0 0 0 0 0 0 0 0 0 0 0 0 0 0 0 0 0 0 0 0 0 0 0 0 0 0 0 0 0 0 0 0 0 0 0 0 0 0 0 0 0 0 0 0 0 0 0 0 0 0 0 0 0 0 0 0 0 0 0 0 0 0 0 0 0 0 0 0 0 0 0 0 0 0 0 0 0 0 0 0 0 0 0 0 0 0 0 0 0 0 0 0 
[CCD拟图]
CCDLRC0=16 96 56 
CCDLRC1=16 96 56 
CCDLRC2=0 0 0 
[反馈数据]
0=109
1=122
2=122
3=5788
4=2300
5=1850
6=43
7=1
8=0
9=0
10=6
11=1671
12=1661
[控制固参]
0=0
