[CCD原图]
CCD0=54 61 66 66 73 74 79 76 79 77 80 76 79 76 78 76 78 76 79 77 80 78 76 77 81 79 81 79 81 79 81 80 81 80 82 79 82 79 83 82 82 81 83 81 84 82 83 82 84 82 85 83 84 82 84 82 85 83 85 83 85 82 87 83 85 84 85 84 85 83 86 84 86 83 85 83 86 83 86 84 86 82 85 83 85 82 84 84 84 83 84 82 84 81 84 81 83 80 83 80 82 80 82 80 81 80 82 82 83 81 82 80 83 79 82 79 82 80 82 79 81 80 81 79 80 80 82 80 
CCD1=0 0 0 0 0 0 0 0 0 0 0 0 0 0 0 0 0 0 0 0 0 0 0 0 0 0 0 0 0 0 0 0 0 0 0 0 0 0 0 0 0 0 0 0 0 0 0 0 0 0 0 0 0 0 0 0 0 0 0 0 0 0 0 0 0 0 0 0 0 0 0 0 0 0 0 0 0 0 0 0 0 0 0 0 0 0 0 0 0 0 0 0 0 0 0 0 0 0 0 0 0 0 0 0 0 0 0 0 0 0 0 0 0 0 0 0 0 0 0 0 0 0 0 0 0 0 0 0 
[CCD拟图]
CCDLRC0=6 122 10 
CCDLRC1=6 122 10 
CCDLRC2=0 0 0 
[反馈数据]
0=109
1=122
2=122
3=5788
4=2300
5=1850
6=43
7=1
8=0
9=0
10=42
11=1707
12=1697
[控制固参]
0=0
