[CCD原图]
CCD0=60 71 85 97 125 139 148 138 136 125 125 120 122 117 121 120 120 120 124 122 127 123 115 121 129 128 130 129 131 130 131 132 135 137 141 144 151 149 158 159 158 156 159 154 157 150 149 147 147 142 141 140 137 136 140 136 141 139 141 140 142 132 145 137 141 138 134 125 115 102 94 85 86 82 85 83 86 83 86 84 87 85 87 85 87 85 86 85 86 84 85 83 85 82 84 83 85 81 83 81 83 81 82 81 82 80 82 81 81 79 82 79 81 78 81 78 81 78 81 78 81 78 80 78 79 79 82 78 
CCD1=0 0 0 0 0 0 0 0 0 0 0 0 0 0 0 0 0 0 0 0 0 0 0 0 0 0 0 0 0 0 0 0 0 0 0 0 0 0 0 0 0 0 0 0 0 0 0 0 0 0 0 0 0 0 0 0 0 0 0 0 0 0 0 0 0 0 0 0 0 0 0 0 0 0 0 0 0 0 0 0 0 0 0 0 0 0 0 0 0 0 0 0 0 0 0 0 0 0 0 0 0 0 0 0 0 0 0 0 0 0 0 0 0 0 0 0 0 0 0 0 0 0 0 0 0 0 0 0 
[CCD拟图]
CCDLRC0=6 63 21 
CCDLRC1=6 63 21 
CCDLRC2=0 0 0 
[反馈数据]
0=109
1=122
2=122
3=5788
4=2300
5=1850
6=43
7=1
8=0
9=0
10=66
11=1731
12=1721
[控制固参]
0=0
