[CCD原图]
CCD0=53 61 67 67 74 75 80 77 80 77 78 76 78 75 78 76 77 76 79 77 79 77 76 76 80 78 81 78 81 79 80 79 80 78 81 78 81 77 80 78 79 76 79 77 80 78 80 80 83 81 84 83 85 83 87 85 88 87 89 88 90 86 91 87 90 88 89 86 87 83 83 81 85 94 119 138 158 166 169 165 162 149 150 143 143 139 139 141 139 138 137 134 137 134 137 135 137 132 134 134 134 129 132 129 129 130 132 132 130 130 131 131 134 128 134 130 134 134 136 133 135 135 137 134 132 139 144 144 
CCD1=0 0 0 0 0 0 0 0 0 0 0 0 0 0 0 0 0 0 0 0 0 0 0 0 0 0 0 0 0 0 0 0 0 0 0 0 0 0 0 0 0 0 0 0 0 0 0 0 0 0 0 0 0 0 0 0 0 0 0 0 0 0 0 0 0 0 0 0 0 0 0 0 0 0 0 0 0 0 0 0 0 0 0 0 0 0 0 0 0 0 0 0 0 0 0 0 0 0 0 0 0 0 0 0 0 0 0 0 0 0 0 0 0 0 0 0 0 0 0 0 0 0 0 0 0 0 0 0 
[CCD拟图]
CCDLRC0=69 122 103 
CCDLRC1=69 122 103 
CCDLRC2=0 0 0 
[反馈数据]
0=109
1=122
2=122
3=5788
4=2300
5=1850
6=43
7=1
8=0
9=0
10=81
11=1746
12=1736
[控制固参]
0=0
