[CCD原图]
CCD0=53 60 64 64 70 70 74 72 75 73 76 74 76 74 77 75 76 75 78 76 79 77 76 76 80 77 80 78 80 78 79 78 81 79 81 80 82 79 82 81 82 80 82 81 83 80 83 82 84 82 85 82 84 82 85 83 86 83 86 84 86 83 87 84 87 84 86 85 86 84 86 85 87 84 87 84 87 84 86 86 88 85 87 84 87 84 87 86 86 81 80 77 81 79 92 117 137 135 139 138 138 135 138 135 134 136 137 137 134 133 131 131 132 127 131 125 128 127 128 125 128 128 131 129 127 135 141 142 
CCD1=0 0 0 0 0 0 0 0 0 0 0 0 0 0 0 0 0 0 0 0 0 0 0 0 0 0 0 0 0 0 0 0 0 0 0 0 0 0 0 0 0 0 0 0 0 0 0 0 0 0 0 0 0 0 0 0 0 0 0 0 0 0 0 0 0 0 0 0 0 0 0 0 0 0 0 0 0 0 0 0 0 0 0 0 0 0 0 0 0 0 0 0 0 0 0 0 0 0 0 0 0 0 0 0 0 0 0 0 0 0 0 0 0 0 0 0 0 0 0 0 0 0 0 0 0 0 0 0 
[CCD拟图]
CCDLRC0=94 122 122 
CCDLRC1=94 122 122 
CCDLRC2=0 0 0 
[反馈数据]
0=109
1=122
2=122
3=5788
4=2300
5=1850
6=43
7=1
8=0
9=0
10=92
11=1757
12=1747
[控制固参]
0=0
