[CCD原图]
CCD0=61 72 84 94 117 132 143 139 141 134 135 131 132 127 129 128 128 127 130 128 131 128 118 126 133 132 136 133 136 134 134 135 136 137 139 138 142 138 144 143 142 140 145 144 150 146 150 152 156 154 156 156 152 152 155 149 153 151 152 152 154 143 157 148 151 145 134 107 85 81 84 83 85 84 88 87 89 87 89 87 90 86 88 86 87 85 87 86 86 85 86 84 85 83 86 84 86 83 85 83 85 81 83 81 82 81 84 81 82 80 81 80 81 78 81 78 80 79 81 78 81 79 80 78 79 80 82 78 
CCD1=0 0 0 0 0 0 0 0 0 0 0 0 0 0 0 0 0 0 0 0 0 0 0 0 0 0 0 0 0 0 0 0 0 0 0 0 0 0 0 0 0 0 0 0 0 0 0 0 0 0 0 0 0 0 0 0 0 0 0 0 0 0 0 0 0 0 0 0 0 0 0 0 0 0 0 0 0 0 0 0 0 0 0 0 0 0 0 0 0 0 0 0 0 0 0 0 0 0 0 0 0 0 0 0 0 0 0 0 0 0 0 0 0 0 0 0 0 0 0 0 0 0 0 0 0 0 0 0 
[CCD拟图]
CCDLRC0=6 68 33 
CCDLRC1=6 68 33 
CCDLRC2=0 0 0 
[反馈数据]
0=109
1=122
2=122
3=5788
4=2300
5=1850
6=43
7=1
8=0
9=0
10=128
11=1793
12=1783
[控制固参]
0=0
