[CCD原图]
CCD0=61 71 83 92 115 130 144 140 142 135 135 131 132 127 130 129 130 128 132 128 132 128 118 125 131 130 133 131 135 134 133 135 136 136 138 138 141 136 142 141 141 139 143 140 146 144 147 151 156 154 156 156 151 151 155 150 154 152 154 154 154 144 157 148 151 144 121 87 84 82 85 84 88 87 89 87 90 88 89 88 90 87 89 86 88 85 87 86 86 85 86 83 86 82 85 83 85 83 85 83 85 82 84 81 83 81 83 81 83 81 82 80 82 79 82 79 82 80 81 80 82 79 81 79 80 78 78 74 
CCD1=0 0 0 0 0 0 0 0 0 0 0 0 0 0 0 0 0 0 0 0 0 0 0 0 0 0 0 0 0 0 0 0 0 0 0 0 0 0 0 0 0 0 0 0 0 0 0 0 0 0 0 0 0 0 0 0 0 0 0 0 0 0 0 0 0 0 0 0 0 0 0 0 0 0 0 0 0 0 0 0 0 0 0 0 0 0 0 0 0 0 0 0 0 0 0 0 0 0 0 0 0 0 0 0 0 0 0 0 0 0 0 0 0 0 0 0 0 0 0 0 0 0 0 0 0 0 0 0 
[CCD拟图]
CCDLRC0=6 67 32 
CCDLRC1=6 67 32 
CCDLRC2=0 0 0 
[反馈数据]
0=109
1=122
2=122
3=5788
4=2300
5=1850
6=43
7=1
8=0
9=0
10=132
11=1797
12=1787
[控制固参]
0=0
