[CCD原图]
CCD0=56 63 69 70 78 78 79 75 79 77 79 78 89 107 120 123 124 124 128 126 130 126 118 126 133 132 135 136 142 146 153 157 160 161 162 158 158 148 148 144 140 136 139 137 140 137 138 139 142 139 141 141 138 137 141 137 142 141 142 142 144 135 148 140 144 144 145 147 150 150 158 161 168 163 170 167 167 163 160 152 148 140 142 136 129 109 88 80 81 81 82 81 87 87 88 87 88 85 87 85 86 83 86 83 84 83 84 84 84 82 84 82 84 81 84 81 83 79 80 77 78 77 81 80 82 82 85 83 
CCD1=0 0 0 0 0 0 0 0 0 0 0 0 0 0 0 0 0 0 0 0 0 0 0 0 0 0 0 0 0 0 0 0 0 0 0 0 0 0 0 0 0 0 0 0 0 0 0 0 0 0 0 0 0 0 0 0 0 0 0 0 0 0 0 0 0 0 0 0 0 0 0 0 0 0 0 0 0 0 0 0 0 0 0 0 0 0 0 0 0 0 0 0 0 0 0 0 0 0 0 0 0 0 0 0 0 0 0 0 0 0 0 0 0 0 0 0 0 0 0 0 0 0 0 0 0 0 0 0 
[CCD拟图]
CCDLRC0=13 85 49 
CCDLRC1=13 85 49 
CCDLRC2=0 0 0 
[反馈数据]
0=109
1=122
2=122
3=5788
4=2300
5=1850
6=43
7=1
8=0
9=0
10=156
11=1821
12=1811
[控制固参]
0=0
