[CCD原图]
CCD0=60 71 83 91 112 125 136 132 134 128 130 126 129 125 127 128 127 128 131 129 134 131 121 129 137 135 138 135 138 135 136 135 138 142 149 155 164 160 165 164 158 151 148 140 142 136 138 138 140 138 140 141 138 136 140 136 141 140 142 142 144 134 147 139 143 141 139 138 141 138 143 143 149 147 156 159 166 167 166 156 133 102 92 87 90 90 93 93 92 91 90 88 90 86 89 87 88 85 87 85 86 84 87 83 83 84 85 83 84 82 83 81 83 81 83 80 83 82 84 82 84 83 85 82 84 83 86 84 
CCD1=0 0 0 0 0 0 0 0 0 0 0 0 0 0 0 0 0 0 0 0 0 0 0 0 0 0 0 0 0 0 0 0 0 0 0 0 0 0 0 0 0 0 0 0 0 0 0 0 0 0 0 0 0 0 0 0 0 0 0 0 0 0 0 0 0 0 0 0 0 0 0 0 0 0 0 0 0 0 0 0 0 0 0 0 0 0 0 0 0 0 0 0 0 0 0 0 0 0 0 0 0 0 0 0 0 0 0 0 0 0 0 0 0 0 0 0 0 0 0 0 0 0 0 0 0 0 0 0 
[CCD拟图]
CCDLRC0=6 83 44 
CCDLRC1=6 83 44 
CCDLRC2=0 0 0 
[反馈数据]
0=109
1=122
2=122
3=5788
4=2300
5=1850
6=43
7=1
8=0
9=0
10=166
11=1831
12=1821
[控制固参]
0=0
