[CCD原图]
CCD0=60 70 82 88 108 120 130 127 130 124 127 123 125 120 124 123 123 123 128 125 129 126 117 123 131 129 132 129 132 130 131 132 134 134 137 138 144 142 152 157 160 161 166 161 164 153 150 147 148 144 144 144 141 140 143 139 145 144 144 144 146 138 154 148 153 150 150 150 149 146 149 149 151 144 149 140 134 123 119 112 110 102 100 93 90 85 84 81 82 80 81 78 80 79 81 81 84 82 85 84 85 83 85 83 84 82 84 82 83 81 83 81 83 80 82 80 82 80 82 80 82 81 83 80 82 82 86 84 
CCD1=0 0 0 0 0 0 0 0 0 0 0 0 0 0 0 0 0 0 0 0 0 0 0 0 0 0 0 0 0 0 0 0 0 0 0 0 0 0 0 0 0 0 0 0 0 0 0 0 0 0 0 0 0 0 0 0 0 0 0 0 0 0 0 0 0 0 0 0 0 0 0 0 0 0 0 0 0 0 0 0 0 0 0 0 0 0 0 0 0 0 0 0 0 0 0 0 0 0 0 0 0 0 0 0 0 0 0 0 0 0 0 0 0 0 0 0 0 0 0 0 0 0 0 0 0 0 0 0 
[CCD拟图]
CCDLRC0=6 65 26 
CCDLRC1=6 65 26 
CCDLRC2=0 0 0 
[反馈数据]
0=109
1=122
2=122
3=5788
4=2300
5=1850
6=43
7=1
8=0
9=0
10=198
11=1863
12=1853
[控制固参]
0=0
