[CCD原图]
CCD0=61 71 82 89 110 123 134 133 142 141 146 140 139 131 130 128 126 123 126 123 127 124 116 123 130 129 131 130 132 131 132 132 133 133 135 134 138 132 138 138 137 136 138 137 141 137 139 141 143 141 143 143 141 141 144 141 145 144 145 146 150 143 162 158 168 171 171 173 172 165 163 157 156 148 151 147 148 146 147 145 147 140 144 143 145 143 145 147 145 144 142 140 142 138 141 141 143 138 141 140 140 136 139 137 137 139 140 141 138 136 135 134 134 128 134 128 132 129 130 127 129 128 131 126 124 128 132 132 
CCD1=0 0 0 0 0 0 0 0 0 0 0 0 0 0 0 0 0 0 0 0 0 0 0 0 0 0 0 0 0 0 0 0 0 0 0 0 0 0 0 0 0 0 0 0 0 0 0 0 0 0 0 0 0 0 0 0 0 0 0 0 0 0 0 0 0 0 0 0 0 0 0 0 0 0 0 0 0 0 0 0 0 0 0 0 0 0 0 0 0 0 0 0 0 0 0 0 0 0 0 0 0 0 0 0 0 0 0 0 0 0 0 0 0 0 0 0 0 0 0 0 0 0 0 0 0 0 0 0 
[CCD拟图]
CCDLRC0=6 122 60 
CCDLRC1=6 122 60 
CCDLRC2=0 0 0 
[反馈数据]
0=109
1=122
2=122
3=5788
4=2300
5=1850
6=43
7=1
8=0
9=0
10=207
11=1872
12=1862
[控制固参]
0=0
