[CCD原图]
CCD0=54 61 67 68 75 77 82 79 81 78 80 77 80 76 78 77 79 77 80 78 81 78 78 79 82 80 83 80 83 81 83 83 85 84 87 85 88 85 88 87 88 84 86 83 86 101 130 134 137 135 137 138 137 137 142 137 142 140 143 143 145 135 149 141 146 144 143 144 145 142 144 143 146 139 145 142 144 141 143 141 143 139 143 140 140 137 139 140 138 137 136 133 137 133 137 139 142 138 142 142 141 136 139 136 136 136 137 135 130 127 127 124 124 113 96 80 81 78 81 80 82 80 82 80 81 80 81 79 
CCD1=0 0 0 0 0 0 0 0 0 0 0 0 0 0 0 0 0 0 0 0 0 0 0 0 0 0 0 0 0 0 0 0 0 0 0 0 0 0 0 0 0 0 0 0 0 0 0 0 0 0 0 0 0 0 0 0 0 0 0 0 0 0 0 0 0 0 0 0 0 0 0 0 0 0 0 0 0 0 0 0 0 0 0 0 0 0 0 0 0 0 0 0 0 0 0 0 0 0 0 0 0 0 0 0 0 0 0 0 0 0 0 0 0 0 0 0 0 0 0 0 0 0 0 0 0 0 0 0 
[CCD拟图]
CCDLRC0=44 114 79 
CCDLRC1=44 114 79 
CCDLRC2=0 0 0 
[反馈数据]
0=109
1=122
2=122
3=5788
4=2300
5=1850
6=43
7=1
8=0
9=0
10=237
11=1902
12=1892
[控制固参]
0=0
