[CCD原图]
CCD0=59 69 79 85 104 114 125 121 126 119 122 119 123 120 123 124 124 122 126 122 125 122 114 121 128 129 134 134 138 137 137 134 132 130 131 130 132 127 133 131 132 130 134 132 136 132 135 135 138 137 138 137 134 133 137 132 137 135 137 137 138 130 141 134 138 135 135 135 135 132 135 133 135 130 135 132 133 131 133 132 134 129 133 129 129 123 117 106 93 81 78 75 78 76 79 78 80 76 79 77 78 75 76 74 76 74 76 74 75 73 74 71 73 70 71 69 71 69 71 70 72 72 75 76 78 79 85 86 
CCD1=0 0 0 0 0 0 0 0 0 0 0 0 0 0 0 0 0 0 0 0 0 0 0 0 0 0 0 0 0 0 0 0 0 0 0 0 0 0 0 0 0 0 0 0 0 0 0 0 0 0 0 0 0 0 0 0 0 0 0 0 0 0 0 0 0 0 0 0 0 0 0 0 0 0 0 0 0 0 0 0 0 0 0 0 0 0 0 0 0 0 0 0 0 0 0 0 0 0 0 0 0 0 0 0 0 0 0 0 0 0 0 0 0 0 0 0 0 0 0 0 0 0 0 0 0 0 0 0 
[CCD拟图]
CCDLRC0=6 91 48 
CCDLRC1=6 91 48 
CCDLRC2=0 0 0 
[反馈数据]
0=109
1=122
2=122
3=5788
4=2300
5=1850
6=43
7=1
8=0
9=0
10=4
11=1925
12=1915
[控制固参]
0=0
