[CCD原图]
CCD0=58 69 78 84 103 113 123 120 123 118 120 118 121 118 121 122 121 120 123 119 123 120 113 121 131 130 135 133 134 131 131 133 138 139 138 134 137 131 133 130 128 125 126 122 126 121 121 117 117 111 109 104 99 92 89 82 80 76 76 74 77 74 79 76 78 76 80 79 81 78 81 78 80 77 79 77 79 77 80 77 79 77 79 77 79 76 77 75 76 74 75 71 74 71 73 70 71 69 71 69 71 69 70 69 70 69 71 76 92 105 110 109 111 107 110 107 110 109 111 108 109 106 107 106 107 111 114 112 
CCD1=0 0 0 0 0 0 0 0 0 0 0 0 0 0 0 0 0 0 0 0 0 0 0 0 0 0 0 0 0 0 0 0 0 0 0 0 0 0 0 0 0 0 0 0 0 0 0 0 0 0 0 0 0 0 0 0 0 0 0 0 0 0 0 0 0 0 0 0 0 0 0 0 0 0 0 0 0 0 0 0 0 0 0 0 0 0 0 0 0 0 0 0 0 0 0 0 0 0 0 0 0 0 0 0 0 0 0 0 0 0 0 0 0 0 0 0 0 0 0 0 0 0 0 0 0 0 0 0 
[CCD拟图]
CCDLRC0=6 57 14 
CCDLRC1=6 57 14 
CCDLRC2=0 0 0 
[反馈数据]
0=109
1=122
2=122
3=5788
4=2300
5=1850
6=43
7=1
8=0
9=0
10=13
11=1934
12=1924
[控制固参]
0=0
