[CCD原图]
CCD0=57 68 78 83 103 113 123 116 118 113 116 114 116 113 115 115 115 115 118 114 117 112 102 106 110 105 104 97 95 89 88 83 82 78 78 74 75 72 73 71 73 72 74 72 75 73 76 74 75 74 76 75 76 74 78 76 79 77 79 78 80 77 80 77 80 77 79 76 78 76 78 77 79 75 79 75 79 76 78 76 78 76 77 75 78 75 77 75 76 74 75 72 75 72 76 77 81 77 78 77 78 74 75 72 74 71 73 70 70 68 69 67 69 71 81 86 94 96 98 97 99 99 102 100 100 103 106 103 
CCD1=0 0 0 0 0 0 0 0 0 0 0 0 0 0 0 0 0 0 0 0 0 0 0 0 0 0 0 0 0 0 0 0 0 0 0 0 0 0 0 0 0 0 0 0 0 0 0 0 0 0 0 0 0 0 0 0 0 0 0 0 0 0 0 0 0 0 0 0 0 0 0 0 0 0 0 0 0 0 0 0 0 0 0 0 0 0 0 0 0 0 0 0 0 0 0 0 0 0 0 0 0 0 0 0 0 0 0 0 0 0 0 0 0 0 0 0 0 0 0 0 0 0 0 0 0 0 0 0 
[CCD拟图]
CCDLRC0=6 122 10 
CCDLRC1=6 122 10 
CCDLRC2=0 0 0 
[反馈数据]
0=109
1=122
2=122
3=5788
4=2300
5=1850
6=43
7=1
8=0
9=0
10=16
11=1937
12=1927
[控制固参]
0=0
