[CCD原图]
CCD0=54 61 66 64 68 67 74 75 80 77 79 76 78 76 79 78 83 83 85 83 86 84 82 85 91 90 93 91 92 89 90 89 87 80 77 75 78 74 78 79 83 79 78 74 73 69 72 71 75 77 81 77 77 74 75 74 79 81 87 89 93 87 93 89 91 88 89 87 89 85 84 78 74 69 72 71 73 71 73 71 73 71 73 70 72 70 72 70 72 70 71 69 71 69 72 70 71 68 70 69 71 69 71 69 71 69 71 69 71 69 71 68 70 69 71 70 73 72 76 74 76 74 75 71 70 67 68 66 
CCD1=0 0 0 0 0 0 0 0 0 0 0 0 0 0 0 0 0 0 0 0 0 0 0 0 0 0 0 0 0 0 0 0 0 0 0 0 0 0 0 0 0 0 0 0 0 0 0 0 0 0 0 0 0 0 0 0 0 0 0 0 0 0 0 0 0 0 0 0 0 0 0 0 0 0 0 0 0 0 0 0 0 0 0 0 0 0 0 0 0 0 0 0 0 0 0 0 0 0 0 0 0 0 0 0 0 0 0 0 0 0 0 0 0 0 0 0 0 0 0 0 0 0 0 0 0 0 0 0 
[CCD拟图]
CCDLRC0=6 70 27 
CCDLRC1=6 70 27 
CCDLRC2=0 0 0 
[反馈数据]
0=109
1=122
2=122
3=5788
4=2300
5=1850
6=43
7=1
8=0
9=0
10=24
11=1945
12=1935
[控制固参]
0=0
