[CCD原图]
CCD0=55 61 67 68 75 78 86 87 93 93 96 97 102 100 107 110 114 116 120 117 121 118 110 117 123 121 124 122 125 123 125 124 126 126 129 128 133 129 135 135 136 135 138 137 141 137 139 138 140 137 138 137 134 133 137 131 137 135 136 135 137 127 139 132 136 133 132 133 132 125 119 105 91 81 84 85 92 92 95 94 96 92 95 92 93 90 92 91 91 90 91 87 89 85 85 81 83 81 83 81 83 80 82 80 82 80 82 80 83 81 82 81 84 81 83 79 80 78 79 78 77 70 69 66 68 67 69 66 
CCD1=0 0 0 0 0 0 0 0 0 0 0 0 0 0 0 0 0 0 0 0 0 0 0 0 0 0 0 0 0 0 0 0 0 0 0 0 0 0 0 0 0 0 0 0 0 0 0 0 0 0 0 0 0 0 0 0 0 0 0 0 0 0 0 0 0 0 0 0 0 0 0 0 0 0 0 0 0 0 0 0 0 0 0 0 0 0 0 0 0 0 0 0 0 0 0 0 0 0 0 0 0 0 0 0 0 0 0 0 0 0 0 0 0 0 0 0 0 0 0 0 0 0 0 0 0 0 0 0 
[CCD拟图]
CCDLRC0=6 122 76 
CCDLRC1=6 122 76 
CCDLRC2=0 0 0 
[反馈数据]
0=109
1=122
2=122
3=5788
4=2300
5=1850
6=43
7=1
8=0
9=0
10=47
11=1968
12=1958
[控制固参]
0=0
