[CCD原图]
CCD0=54 62 68 68 76 76 78 74 76 73 75 73 74 70 72 72 83 97 112 117 123 121 113 120 127 126 130 127 131 128 129 129 132 132 134 133 137 132 137 136 136 134 136 133 138 133 134 134 136 134 135 134 131 130 134 129 133 131 133 133 136 127 139 131 137 135 134 127 95 79 83 84 89 85 88 86 88 86 88 86 88 84 86 83 84 81 83 81 81 79 80 78 80 78 79 77 80 76 78 76 76 75 76 75 76 74 75 73 75 74 77 75 76 69 69 66 69 69 75 73 74 73 76 75 77 76 79 78 
CCD1=0 0 0 0 0 0 0 0 0 0 0 0 0 0 0 0 0 0 0 0 0 0 0 0 0 0 0 0 0 0 0 0 0 0 0 0 0 0 0 0 0 0 0 0 0 0 0 0 0 0 0 0 0 0 0 0 0 0 0 0 0 0 0 0 0 0 0 0 0 0 0 0 0 0 0 0 0 0 0 0 0 0 0 0 0 0 0 0 0 0 0 0 0 0 0 0 0 0 0 0 0 0 0 0 0 0 0 0 0 0 0 0 0 0 0 0 0 0 0 0 0 0 0 0 0 0 0 0 
[CCD拟图]
CCDLRC0=17 70 43 
CCDLRC1=17 70 43 
CCDLRC2=0 0 0 
[反馈数据]
0=109
1=122
2=122
3=5788
4=2300
5=1850
6=43
7=1
8=0
9=0
10=55
11=1976
12=1966
[控制固参]
0=0
