[CCD原图]
CCD0=55 62 66 66 71 70 75 74 80 83 93 96 105 108 114 117 118 117 122 120 124 121 113 120 127 126 130 129 132 132 134 135 137 138 139 137 140 133 137 134 133 131 134 131 135 132 134 133 135 134 135 134 132 130 134 129 134 133 135 135 138 128 140 133 137 135 135 133 117 86 81 79 85 86 89 86 89 86 87 85 86 83 84 81 83 80 81 80 81 79 80 78 79 77 78 77 79 76 77 75 76 75 77 74 76 73 73 70 73 72 76 74 76 71 70 66 68 67 70 71 75 73 75 75 76 76 79 78 
CCD1=0 0 0 0 0 0 0 0 0 0 0 0 0 0 0 0 0 0 0 0 0 0 0 0 0 0 0 0 0 0 0 0 0 0 0 0 0 0 0 0 0 0 0 0 0 0 0 0 0 0 0 0 0 0 0 0 0 0 0 0 0 0 0 0 0 0 0 0 0 0 0 0 0 0 0 0 0 0 0 0 0 0 0 0 0 0 0 0 0 0 0 0 0 0 0 0 0 0 0 0 0 0 0 0 0 0 0 0 0 0 0 0 0 0 0 0 0 0 0 0 0 0 0 0 0 0 0 0 
[CCD拟图]
CCDLRC0=16 69 42 
CCDLRC1=16 69 42 
CCDLRC2=0 0 0 
[反馈数据]
0=109
1=122
2=122
3=5788
4=2300
5=1850
6=43
7=1
8=0
9=0
10=57
11=1978
12=1968
[控制固参]
0=0
