[CCD原图]
CCD0=60 71 82 89 111 123 135 131 134 128 130 126 128 123 124 125 124 123 128 125 128 125 115 122 128 125 128 125 129 126 128 127 130 130 132 131 136 131 136 135 135 134 137 134 139 136 137 138 141 138 140 140 137 137 141 138 143 143 145 147 150 140 154 146 151 149 147 145 144 140 139 128 104 80 81 79 85 83 85 82 85 82 84 81 83 80 83 81 82 80 81 79 81 78 80 79 80 78 80 78 79 78 84 87 90 87 84 76 74 71 72 70 72 73 83 74 73 70 72 69 71 70 73 73 78 82 91 92 
CCD1=0 0 0 0 0 0 0 0 0 0 0 0 0 0 0 0 0 0 0 0 0 0 0 0 0 0 0 0 0 0 0 0 0 0 0 0 0 0 0 0 0 0 0 0 0 0 0 0 0 0 0 0 0 0 0 0 0 0 0 0 0 0 0 0 0 0 0 0 0 0 0 0 0 0 0 0 0 0 0 0 0 0 0 0 0 0 0 0 0 0 0 0 0 0 0 0 0 0 0 0 0 0 0 0 0 0 0 0 0 0 0 0 0 0 0 0 0 0 0 0 0 0 0 0 0 0 0 0 
[CCD拟图]
CCDLRC0=6 71 38 
CCDLRC1=6 71 38 
CCDLRC2=0 0 0 
[反馈数据]
0=109
1=122
2=122
3=5788
4=2300
5=1850
6=43
7=1
8=0
9=0
10=85
11=2006
12=1996
[控制固参]
0=0
