[CCD原图]
CCD0=60 71 82 89 110 123 135 131 135 129 132 127 130 126 128 129 130 129 133 131 135 130 120 126 133 130 132 129 133 131 131 129 132 132 134 134 138 133 137 137 136 133 136 132 137 132 135 136 137 136 137 137 136 134 139 135 140 140 143 145 149 138 153 145 150 149 147 144 142 128 99 79 81 78 82 83 85 83 85 83 85 81 83 81 83 80 82 81 81 80 81 79 81 78 80 78 80 77 79 77 78 76 78 76 77 75 78 76 77 75 77 74 77 74 76 74 76 74 77 74 76 74 77 74 76 76 77 77 
CCD1=0 0 0 0 0 0 0 0 0 0 0 0 0 0 0 0 0 0 0 0 0 0 0 0 0 0 0 0 0 0 0 0 0 0 0 0 0 0 0 0 0 0 0 0 0 0 0 0 0 0 0 0 0 0 0 0 0 0 0 0 0 0 0 0 0 0 0 0 0 0 0 0 0 0 0 0 0 0 0 0 0 0 0 0 0 0 0 0 0 0 0 0 0 0 0 0 0 0 0 0 0 0 0 0 0 0 0 0 0 0 0 0 0 0 0 0 0 0 0 0 0 0 0 0 0 0 0 0 
[CCD拟图]
CCDLRC0=6 71 38 
CCDLRC1=6 71 38 
CCDLRC2=0 0 0 
[反馈数据]
0=109
1=122
2=122
3=5788
4=2300
5=1850
6=43
7=1
8=0
9=0
10=95
11=2016
12=2006
[控制固参]
0=0
