[CCD原图]
CCD0=58 68 79 85 105 115 127 124 127 121 125 121 124 120 122 122 123 121 125 122 125 122 114 119 126 123 127 125 127 125 126 125 128 126 129 128 130 126 131 130 129 127 127 104 85 77 78 79 82 82 86 84 85 85 88 85 89 88 88 86 89 84 89 84 87 85 85 83 84 81 83 81 83 80 81 79 81 80 81 79 81 78 80 78 79 76 79 77 78 76 77 75 78 75 77 76 77 74 77 75 76 74 76 74 76 74 75 74 75 72 71 67 69 68 70 67 73 72 73 69 70 67 67 65 67 66 68 66 
CCD1=0 0 0 0 0 0 0 0 0 0 0 0 0 0 0 0 0 0 0 0 0 0 0 0 0 0 0 0 0 0 0 0 0 0 0 0 0 0 0 0 0 0 0 0 0 0 0 0 0 0 0 0 0 0 0 0 0 0 0 0 0 0 0 0 0 0 0 0 0 0 0 0 0 0 0 0 0 0 0 0 0 0 0 0 0 0 0 0 0 0 0 0 0 0 0 0 0 0 0 0 0 0 0 0 0 0 0 0 0 0 0 0 0 0 0 0 0 0 0 0 0 0 0 0 0 0 0 0 
[CCD拟图]
CCDLRC0=6 46 16 
CCDLRC1=6 46 16 
CCDLRC2=0 0 0 
[反馈数据]
0=109
1=122
2=122
3=5788
4=2300
5=1850
6=43
7=1
8=0
9=0
10=133
11=2054
12=2044
[控制固参]
0=0
