[CCD原图]
CCD0=58 67 78 85 103 115 126 123 126 120 123 120 122 118 120 119 120 119 124 121 125 122 113 119 126 123 127 124 127 125 124 124 125 124 126 124 124 108 92 74 72 71 78 78 82 80 82 82 84 83 86 84 86 84 88 85 88 87 89 86 89 83 88 84 86 83 84 82 83 81 83 80 82 79 81 79 81 78 80 78 81 78 80 78 80 77 79 77 78 77 77 75 78 75 77 76 77 75 77 75 77 74 76 75 76 75 76 72 72 68 71 69 72 71 74 71 72 68 69 65 67 65 67 66 67 65 68 67 
CCD1=0 0 0 0 0 0 0 0 0 0 0 0 0 0 0 0 0 0 0 0 0 0 0 0 0 0 0 0 0 0 0 0 0 0 0 0 0 0 0 0 0 0 0 0 0 0 0 0 0 0 0 0 0 0 0 0 0 0 0 0 0 0 0 0 0 0 0 0 0 0 0 0 0 0 0 0 0 0 0 0 0 0 0 0 0 0 0 0 0 0 0 0 0 0 0 0 0 0 0 0 0 0 0 0 0 0 0 0 0 0 0 0 0 0 0 0 0 0 0 0 0 0 0 0 0 0 0 0 
[CCD拟图]
CCDLRC0=6 40 10 
CCDLRC1=6 40 10 
CCDLRC2=0 0 0 
[反馈数据]
0=109
1=122
2=122
3=5788
4=2300
5=1850
6=43
7=1
8=0
9=0
10=139
11=2060
12=2050
[控制固参]
0=0
