[CCD原图]
CCD0=59 68 79 86 105 117 128 125 128 122 124 121 123 119 121 121 121 121 125 122 126 122 114 120 127 124 127 124 127 125 125 124 126 125 127 127 130 124 129 126 107 81 78 76 80 80 83 82 85 83 86 85 87 86 89 86 89 86 89 87 90 84 89 84 86 84 84 82 84 81 83 81 83 79 82 79 81 79 82 79 81 78 80 78 80 78 79 77 78 76 78 76 78 76 78 76 78 75 78 76 77 75 77 75 76 75 77 73 70 67 71 68 70 69 74 71 72 70 70 68 69 66 67 66 68 66 69 67 
CCD1=0 0 0 0 0 0 0 0 0 0 0 0 0 0 0 0 0 0 0 0 0 0 0 0 0 0 0 0 0 0 0 0 0 0 0 0 0 0 0 0 0 0 0 0 0 0 0 0 0 0 0 0 0 0 0 0 0 0 0 0 0 0 0 0 0 0 0 0 0 0 0 0 0 0 0 0 0 0 0 0 0 0 0 0 0 0 0 0 0 0 0 0 0 0 0 0 0 0 0 0 0 0 0 0 0 0 0 0 0 0 0 0 0 0 0 0 0 0 0 0 0 0 0 0 0 0 0 0 
[CCD拟图]
CCDLRC0=6 41 11 
CCDLRC1=6 41 11 
CCDLRC2=0 0 0 
[反馈数据]
0=109
1=122
2=122
3=5788
4=2300
5=1850
6=43
7=1
8=0
9=0
10=155
11=2076
12=2066
[控制固参]
0=0
