[CCD原图]
CCD0=58 69 79 86 106 117 130 127 131 126 128 123 126 121 123 122 123 121 125 122 125 121 113 120 126 124 127 124 127 125 126 126 127 128 130 129 131 126 131 130 130 123 102 80 80 78 81 82 85 83 86 84 86 83 88 87 89 87 88 87 89 83 88 84 85 84 85 82 83 81 83 81 82 79 82 79 81 79 81 79 80 78 80 77 79 76 79 76 78 76 78 76 77 75 77 76 78 75 77 76 76 74 76 74 76 74 75 72 70 66 68 66 69 69 72 70 73 69 70 68 69 66 67 65 67 66 68 66 
CCD1=0 0 0 0 0 0 0 0 0 0 0 0 0 0 0 0 0 0 0 0 0 0 0 0 0 0 0 0 0 0 0 0 0 0 0 0 0 0 0 0 0 0 0 0 0 0 0 0 0 0 0 0 0 0 0 0 0 0 0 0 0 0 0 0 0 0 0 0 0 0 0 0 0 0 0 0 0 0 0 0 0 0 0 0 0 0 0 0 0 0 0 0 0 0 0 0 0 0 0 0 0 0 0 0 0 0 0 0 0 0 0 0 0 0 0 0 0 0 0 0 0 0 0 0 0 0 0 0 
[CCD拟图]
CCDLRC0=6 43 13 
CCDLRC1=6 43 13 
CCDLRC2=0 0 0 
[反馈数据]
0=109
1=122
2=122
3=5788
4=2300
5=1850
6=43
7=1
8=0
9=0
10=167
11=2088
12=2078
[控制固参]
0=0
