[CCD原图]
CCD0=54 60 66 65 72 73 78 75 78 74 76 75 76 73 76 73 75 73 75 73 77 74 73 73 77 75 78 76 79 77 78 77 79 78 80 78 81 75 75 72 76 93 125 134 142 141 145 147 151 151 152 152 150 149 154 148 152 150 151 150 151 140 153 145 149 146 145 147 148 145 147 146 148 142 148 146 148 146 149 149 151 145 149 147 148 145 146 148 146 145 143 141 143 140 143 141 143 137 139 139 138 134 136 133 132 132 131 124 100 79 79 76 77 76 81 81 84 81 84 81 82 81 83 80 82 82 84 83 
CCD1=0 0 0 0 0 0 0 0 0 0 0 0 0 0 0 0 0 0 0 0 0 0 0 0 0 0 0 0 0 0 0 0 0 0 0 0 0 0 0 0 0 0 0 0 0 0 0 0 0 0 0 0 0 0 0 0 0 0 0 0 0 0 0 0 0 0 0 0 0 0 0 0 0 0 0 0 0 0 0 0 0 0 0 0 0 0 0 0 0 0 0 0 0 0 0 0 0 0 0 0 0 0 0 0 0 0 0 0 0 0 0 0 0 0 0 0 0 0 0 0 0 0 0 0 0 0 0 0 
[CCD拟图]
CCDLRC0=41 109 75 
CCDLRC1=41 109 75 
CCDLRC2=0 0 0 
[反馈数据]
0=109
1=122
2=122
3=5788
4=2300
5=1850
6=43
7=1
8=0
9=0
10=102
11=231
12=221
[控制固参]
0=0
