[CCD原图]
CCD0=54 61 67 68 75 77 83 80 83 79 81 79 81 78 81 79 82 79 83 82 85 82 77 76 82 92 122 127 131 129 130 130 132 131 133 133 137 132 136 135 134 131 134 132 136 133 135 136 139 138 139 138 137 136 140 136 141 139 142 142 144 135 148 142 148 147 149 152 155 154 157 156 157 147 149 144 146 142 142 139 141 136 140 137 138 135 136 139 137 136 134 132 130 100 86 82 84 83 87 85 86 82 85 83 83 83 84 82 84 81 83 81 83 79 82 79 82 80 82 80 81 80 82 80 81 81 84 82 
CCD1=0 0 0 0 0 0 0 0 0 0 0 0 0 0 0 0 0 0 0 0 0 0 0 0 0 0 0 0 0 0 0 0 0 0 0 0 0 0 0 0 0 0 0 0 0 0 0 0 0 0 0 0 0 0 0 0 0 0 0 0 0 0 0 0 0 0 0 0 0 0 0 0 0 0 0 0 0 0 0 0 0 0 0 0 0 0 0 0 0 0 0 0 0 0 0 0 0 0 0 0 0 0 0 0 0 0 0 0 0 0 0 0 0 0 0 0 0 0 0 0 0 0 0 0 0 0 0 0 
[CCD拟图]
CCDLRC0=24 94 59 
CCDLRC1=24 94 59 
CCDLRC2=0 0 0 
[反馈数据]
0=109
1=122
2=122
3=5788
4=2300
5=1850
6=43
7=1
8=0
9=0
10=167
11=40
12=30
[控制固参]
0=0
