[CCD原图]
CCD0=53 59 64 63 68 68 72 69 71 69 71 68 71 69 71 69 70 70 72 71 73 71 72 71 75 73 74 73 75 73 74 73 75 74 76 74 76 73 76 74 76 73 76 74 77 75 78 76 78 78 79 77 79 77 80 77 80 78 81 80 81 77 82 79 81 79 82 79 81 78 81 80 87 89 100 107 119 125 131 133 135 131 136 133 133 131 132 134 133 132 131 128 131 128 131 131 132 127 130 129 129 124 127 123 124 125 126 127 125 123 123 122 123 118 123 118 122 121 122 119 121 120 122 120 118 124 129 128 
CCD1=0 0 0 0 0 0 0 0 0 0 0 0 0 0 0 0 0 0 0 0 0 0 0 0 0 0 0 0 0 0 0 0 0 0 0 0 0 0 0 0 0 0 0 0 0 0 0 0 0 0 0 0 0 0 0 0 0 0 0 0 0 0 0 0 0 0 0 0 0 0 0 0 0 0 0 0 0 0 0 0 0 0 0 0 0 0 0 0 0 0 0 0 0 0 0 0 0 0 0 0 0 0 0 0 0 0 0 0 0 0 0 0 0 0 0 0 0 0 0 0 0 0 0 0 0 0 0 0 
[CCD拟图]
CCDLRC0=65 122 104 
CCDLRC1=65 122 104 
CCDLRC2=0 0 0 
[反馈数据]
0=109
1=122
2=122
3=5788
4=2300
5=1850
6=43
7=1
8=0
9=0
10=132
11=261
12=251
[控制固参]
0=0
