[CCD原图]
CCD0=52 59 63 63 67 66 70 68 71 68 70 67 70 68 70 68 70 68 71 69 71 69 70 70 73 71 73 72 74 72 74 72 74 73 75 73 76 73 76 74 76 74 76 74 77 75 77 75 78 76 78 76 78 76 79 77 79 77 79 78 81 77 80 78 79 77 80 78 80 77 80 78 80 78 80 78 81 78 81 79 82 79 81 79 80 78 79 79 81 84 90 96 106 109 116 120 125 123 127 127 128 125 128 126 126 126 127 129 126 125 125 124 125 119 124 119 122 120 121 117 119 118 121 117 116 121 125 125 
CCD1=0 0 0 0 0 0 0 0 0 0 0 0 0 0 0 0 0 0 0 0 0 0 0 0 0 0 0 0 0 0 0 0 0 0 0 0 0 0 0 0 0 0 0 0 0 0 0 0 0 0 0 0 0 0 0 0 0 0 0 0 0 0 0 0 0 0 0 0 0 0 0 0 0 0 0 0 0 0 0 0 0 0 0 0 0 0 0 0 0 0 0 0 0 0 0 0 0 0 0 0 0 0 0 0 0 0 0 0 0 0 0 0 0 0 0 0 0 0 0 0 0 0 0 0 0 0 0 0 
[CCD拟图]
CCDLRC0=88 122 122 
CCDLRC1=88 122 122 
CCDLRC2=0 0 0 
[反馈数据]
0=109
1=122
2=122
3=5788
4=2300
5=1850
6=43
7=1
8=0
9=0
10=144
11=273
12=263
[控制固参]
0=0
