[CCD原图]
CCD0=54 61 67 66 73 74 79 77 80 76 79 76 79 76 79 77 79 77 80 78 82 79 78 79 83 81 83 82 84 82 84 83 84 83 87 84 86 80 81 78 79 76 83 91 109 121 134 140 144 143 145 145 142 142 146 142 148 147 149 151 153 144 158 152 156 154 153 154 154 150 151 149 150 144 148 146 147 145 147 145 148 142 146 142 145 142 143 145 142 141 140 138 142 139 142 142 144 140 144 143 144 140 144 141 140 143 144 144 140 139 137 134 133 122 101 78 78 76 79 80 83 82 84 82 83 83 85 84 
CCD1=0 0 0 0 0 0 0 0 0 0 0 0 0 0 0 0 0 0 0 0 0 0 0 0 0 0 0 0 0 0 0 0 0 0 0 0 0 0 0 0 0 0 0 0 0 0 0 0 0 0 0 0 0 0 0 0 0 0 0 0 0 0 0 0 0 0 0 0 0 0 0 0 0 0 0 0 0 0 0 0 0 0 0 0 0 0 0 0 0 0 0 0 0 0 0 0 0 0 0 0 0 0 0 0 0 0 0 0 0 0 0 0 0 0 0 0 0 0 0 0 0 0 0 0 0 0 0 0 
[CCD拟图]
CCDLRC0=40 115 77 
CCDLRC1=40 115 77 
CCDLRC2=0 0 0 
[反馈数据]
0=109
1=122
2=122
3=5788
4=2300
5=1850
6=43
7=1
8=0
9=0
10=194
11=323
12=313
[控制固参]
0=0
