[CCD原图]
CCD0=54 61 67 67 75 76 81 79 81 78 80 78 80 77 79 78 80 79 81 79 82 80 78 79 83 80 84 81 84 82 84 83 85 84 86 85 88 84 88 87 88 86 85 81 85 96 127 136 138 136 137 136 133 133 137 132 139 137 138 138 140 131 144 136 142 139 139 139 138 136 140 140 142 138 144 141 145 142 144 144 148 142 149 148 152 150 151 153 148 144 140 137 138 133 135 134 135 130 133 132 132 127 129 127 128 128 129 130 127 126 125 123 120 90 81 78 81 81 84 81 83 83 84 81 83 82 85 83 
CCD1=0 0 0 0 0 0 0 0 0 0 0 0 0 0 0 0 0 0 0 0 0 0 0 0 0 0 0 0 0 0 0 0 0 0 0 0 0 0 0 0 0 0 0 0 0 0 0 0 0 0 0 0 0 0 0 0 0 0 0 0 0 0 0 0 0 0 0 0 0 0 0 0 0 0 0 0 0 0 0 0 0 0 0 0 0 0 0 0 0 0 0 0 0 0 0 0 0 0 0 0 0 0 0 0 0 0 0 0 0 0 0 0 0 0 0 0 0 0 0 0 0 0 0 0 0 0 0 0 
[CCD拟图]
CCDLRC0=44 113 78 
CCDLRC1=44 113 78 
CCDLRC2=0 0 0 
[反馈数据]
0=109
1=122
2=122
3=5788
4=2300
5=1850
6=43
7=1
8=0
9=0
10=234
11=363
12=353
[控制固参]
0=0
