[CCD原图]
CCD0=54 61 66 67 75 76 81 79 81 78 81 78 81 77 79 78 80 79 81 80 83 80 78 79 83 81 83 81 84 82 83 83 85 84 86 84 87 84 87 85 86 83 81 77 81 88 124 133 137 134 136 136 134 133 138 134 138 137 140 141 142 133 146 139 144 142 141 142 143 141 144 144 147 141 145 142 144 141 143 142 144 139 143 140 141 138 139 140 138 138 135 132 134 131 133 133 135 131 134 132 133 128 131 128 128 129 130 131 128 126 125 119 99 79 79 78 81 81 83 82 83 81 83 80 82 81 84 82 
CCD1=0 0 0 0 0 0 0 0 0 0 0 0 0 0 0 0 0 0 0 0 0 0 0 0 0 0 0 0 0 0 0 0 0 0 0 0 0 0 0 0 0 0 0 0 0 0 0 0 0 0 0 0 0 0 0 0 0 0 0 0 0 0 0 0 0 0 0 0 0 0 0 0 0 0 0 0 0 0 0 0 0 0 0 0 0 0 0 0 0 0 0 0 0 0 0 0 0 0 0 0 0 0 0 0 0 0 0 0 0 0 0 0 0 0 0 0 0 0 0 0 0 0 0 0 0 0 0 0 
[CCD拟图]
CCDLRC0=46 112 79 
CCDLRC1=46 112 79 
CCDLRC2=0 0 0 
[反馈数据]
0=109
1=122
2=122
3=5788
4=2300
5=1850
6=43
7=1
8=0
9=0
10=5
11=390
12=380
[控制固参]
0=0
