[CCD原图]
CCD0=54 61 66 66 74 75 79 77 79 76 80 77 79 76 79 78 80 78 81 78 82 79 78 78 77 73 76 91 122 124 126 126 128 129 131 130 134 129 135 134 135 133 136 133 137 133 135 137 139 138 140 139 137 138 142 138 142 142 143 143 145 135 147 140 144 143 142 142 143 140 142 141 143 136 142 138 142 139 141 140 143 138 142 139 140 138 138 140 137 134 127 103 84 78 80 82 84 81 83 82 84 81 83 81 82 80 82 81 82 80 81 79 81 78 80 78 81 79 80 78 80 78 80 78 79 79 82 80 
CCD1=0 0 0 0 0 0 0 0 0 0 0 0 0 0 0 0 0 0 0 0 0 0 0 0 0 0 0 0 0 0 0 0 0 0 0 0 0 0 0 0 0 0 0 0 0 0 0 0 0 0 0 0 0 0 0 0 0 0 0 0 0 0 0 0 0 0 0 0 0 0 0 0 0 0 0 0 0 0 0 0 0 0 0 0 0 0 0 0 0 0 0 0 0 0 0 0 0 0 0 0 0 0 0 0 0 0 0 0 0 0 0 0 0 0 0 0 0 0 0 0 0 0 0 0 0 0 0 0 
[CCD拟图]
CCDLRC0=26 93 59 
CCDLRC1=26 93 59 
CCDLRC2=0 0 0 
[反馈数据]
0=109
1=122
2=122
3=5788
4=2300
5=1850
6=43
7=1
8=0
9=0
10=47
11=432
12=422
[控制固参]
0=0
