[CCD原图]
CCD0=54 61 67 68 76 78 84 80 83 79 82 79 81 79 81 80 82 81 84 82 85 83 81 82 83 78 80 81 110 125 128 127 130 131 134 133 138 135 141 142 142 139 141 137 142 136 138 138 141 136 138 138 136 137 141 137 143 142 144 143 145 136 150 142 146 144 144 146 148 146 151 152 157 149 152 147 148 145 145 143 145 138 142 140 141 136 137 140 137 136 135 132 134 131 131 107 87 80 82 83 86 84 85 83 84 83 84 83 84 81 83 81 83 80 82 79 83 81 83 80 82 81 83 80 81 81 84 82 
CCD1=0 0 0 0 0 0 0 0 0 0 0 0 0 0 0 0 0 0 0 0 0 0 0 0 0 0 0 0 0 0 0 0 0 0 0 0 0 0 0 0 0 0 0 0 0 0 0 0 0 0 0 0 0 0 0 0 0 0 0 0 0 0 0 0 0 0 0 0 0 0 0 0 0 0 0 0 0 0 0 0 0 0 0 0 0 0 0 0 0 0 0 0 0 0 0 0 0 0 0 0 0 0 0 0 0 0 0 0 0 0 0 0 0 0 0 0 0 0 0 0 0 0 0 0 0 0 0 0 
[CCD拟图]
CCDLRC0=27 96 61 
CCDLRC1=27 96 61 
CCDLRC2=0 0 0 
[反馈数据]
0=109
1=122
2=122
3=5788
4=2300
5=1850
6=43
7=1
8=0
9=0
10=190
11=63
12=53
[控制固参]
0=0
