[CCD原图]
CCD0=54 61 66 66 72 73 79 76 79 76 76 70 72 74 97 109 111 110 115 113 117 114 107 113 119 116 119 118 122 120 121 121 123 123 126 125 129 124 129 128 128 127 129 128 132 129 132 132 135 131 133 133 132 131 135 131 135 133 135 135 136 127 139 132 136 133 133 133 134 132 133 132 134 129 133 130 132 130 130 129 123 87 79 75 78 78 83 82 83 82 83 80 83 80 83 80 82 79 81 80 81 77 80 78 79 78 79 77 79 77 78 76 78 76 79 76 79 77 79 76 79 77 79 77 78 78 82 79 
CCD1=0 0 0 0 0 0 0 0 0 0 0 0 0 0 0 0 0 0 0 0 0 0 0 0 0 0 0 0 0 0 0 0 0 0 0 0 0 0 0 0 0 0 0 0 0 0 0 0 0 0 0 0 0 0 0 0 0 0 0 0 0 0 0 0 0 0 0 0 0 0 0 0 0 0 0 0 0 0 0 0 0 0 0 0 0 0 0 0 0 0 0 0 0 0 0 0 0 0 0 0 0 0 0 0 0 0 0 0 0 0 0 0 0 0 0 0 0 0 0 0 0 0 0 0 0 0 0 0 
[CCD拟图]
CCDLRC0=13 81 47 
CCDLRC1=13 81 47 
CCDLRC2=0 0 0 
[反馈数据]
0=109
1=122
2=122
3=5788
4=2300
5=1850
6=43
7=1
8=0
9=0
10=84
11=469
12=459
[控制固参]
0=0
