[CCD原图]
CCD0=53 60 66 65 72 73 77 74 77 74 76 74 76 73 75 72 73 71 74 73 82 90 95 106 116 115 118 117 120 119 120 120 122 122 125 124 128 123 127 127 126 125 128 126 131 127 130 131 134 132 133 133 131 130 134 129 134 132 135 134 136 127 139 131 135 133 133 133 134 131 133 132 135 128 133 130 132 130 132 130 132 128 132 128 130 127 128 129 126 117 97 80 78 75 76 75 76 73 76 74 76 73 75 73 76 75 76 76 77 76 78 75 78 76 79 76 78 76 78 76 77 75 78 75 77 76 79 78 
CCD1=0 0 0 0 0 0 0 0 0 0 0 0 0 0 0 0 0 0 0 0 0 0 0 0 0 0 0 0 0 0 0 0 0 0 0 0 0 0 0 0 0 0 0 0 0 0 0 0 0 0 0 0 0 0 0 0 0 0 0 0 0 0 0 0 0 0 0 0 0 0 0 0 0 0 0 0 0 0 0 0 0 0 0 0 0 0 0 0 0 0 0 0 0 0 0 0 0 0 0 0 0 0 0 0 0 0 0 0 0 0 0 0 0 0 0 0 0 0 0 0 0 0 0 0 0 0 0 0 
[CCD拟图]
CCDLRC0=17 88 52 
CCDLRC1=17 88 52 
CCDLRC2=0 0 0 
[反馈数据]
0=109
1=122
2=122
3=5788
4=2300
5=1850
6=43
7=1
8=0
9=0
10=92
11=477
12=467
[控制固参]
0=0
