[CCD原图]
CCD0=53 60 66 65 70 71 75 73 75 72 74 72 75 71 74 72 74 72 76 74 77 75 74 75 78 77 78 74 74 75 87 102 115 119 122 121 124 119 126 125 125 123 126 123 128 124 128 128 131 129 130 130 128 129 132 128 133 132 133 132 135 126 137 131 135 133 133 132 133 130 133 132 134 129 133 130 132 130 131 130 132 127 131 128 128 126 128 129 128 127 126 124 127 124 127 126 128 123 126 124 124 120 122 119 120 119 119 117 108 99 92 83 81 76 78 75 75 73 76 75 78 76 79 77 78 77 81 77 
CCD1=0 0 0 0 0 0 0 0 0 0 0 0 0 0 0 0 0 0 0 0 0 0 0 0 0 0 0 0 0 0 0 0 0 0 0 0 0 0 0 0 0 0 0 0 0 0 0 0 0 0 0 0 0 0 0 0 0 0 0 0 0 0 0 0 0 0 0 0 0 0 0 0 0 0 0 0 0 0 0 0 0 0 0 0 0 0 0 0 0 0 0 0 0 0 0 0 0 0 0 0 0 0 0 0 0 0 0 0 0 0 0 0 0 0 0 0 0 0 0 0 0 0 0 0 0 0 0 0 
[CCD拟图]
CCDLRC0=28 105 66 
CCDLRC1=28 105 66 
CCDLRC2=0 0 0 
[反馈数据]
0=109
1=122
2=122
3=5788
4=2300
5=1850
6=43
7=1
8=0
9=0
10=98
11=483
12=473
[控制固参]
0=0
