[CCD原图]
CCD0=53 59 64 63 67 67 69 65 70 70 73 70 73 71 73 72 73 72 76 74 76 74 74 74 78 76 78 77 79 77 80 78 81 80 82 80 79 75 79 85 115 126 131 130 136 132 136 137 141 139 141 142 140 139 143 138 144 140 141 139 140 130 142 135 139 138 138 139 141 138 141 139 141 135 139 136 140 138 140 137 140 134 138 136 137 135 136 138 138 138 137 135 139 136 139 139 140 135 138 136 136 131 133 129 128 129 130 126 100 81 80 78 83 81 84 81 83 81 84 82 83 81 83 81 83 83 86 85 
CCD1=0 0 0 0 0 0 0 0 0 0 0 0 0 0 0 0 0 0 0 0 0 0 0 0 0 0 0 0 0 0 0 0 0 0 0 0 0 0 0 0 0 0 0 0 0 0 0 0 0 0 0 0 0 0 0 0 0 0 0 0 0 0 0 0 0 0 0 0 0 0 0 0 0 0 0 0 0 0 0 0 0 0 0 0 0 0 0 0 0 0 0 0 0 0 0 0 0 0 0 0 0 0 0 0 0 0 0 0 0 0 0 0 0 0 0 0 0 0 0 0 0 0 0 0 0 0 0 0 
[CCD拟图]
CCDLRC0=38 108 73 
CCDLRC1=38 108 73 
CCDLRC2=0 0 0 
[反馈数据]
0=109
1=122
2=122
3=5788
4=2300
5=1850
6=43
7=1
8=0
9=0
10=205
11=590
12=580
[控制固参]
0=0
