[CCD原图]
CCD0=52 58 63 61 66 66 69 66 69 66 68 66 67 64 68 68 70 69 72 70 73 71 70 70 73 72 74 73 76 73 75 73 76 75 78 76 78 76 79 78 79 76 76 74 77 75 82 108 129 132 134 135 133 134 139 134 139 138 138 138 140 130 142 134 137 135 134 135 136 134 138 136 138 133 138 135 138 136 138 136 138 134 138 135 137 134 136 138 136 135 133 132 135 133 137 137 139 135 138 137 137 131 135 131 130 131 131 131 128 125 125 121 116 95 80 76 78 76 79 80 83 81 83 81 82 81 85 84 
CCD1=0 0 0 0 0 0 0 0 0 0 0 0 0 0 0 0 0 0 0 0 0 0 0 0 0 0 0 0 0 0 0 0 0 0 0 0 0 0 0 0 0 0 0 0 0 0 0 0 0 0 0 0 0 0 0 0 0 0 0 0 0 0 0 0 0 0 0 0 0 0 0 0 0 0 0 0 0 0 0 0 0 0 0 0 0 0 0 0 0 0 0 0 0 0 0 0 0 0 0 0 0 0 0 0 0 0 0 0 0 0 0 0 0 0 0 0 0 0 0 0 0 0 0 0 0 0 0 0 
[CCD拟图]
CCDLRC0=46 114 80 
CCDLRC1=46 114 80 
CCDLRC2=0 0 0 
[反馈数据]
0=109
1=122
2=122
3=5788
4=2300
5=1850
6=43
7=1
8=0
9=0
10=223
11=608
12=598
[控制固参]
0=0
