[CCD原图]
CCD0=52 59 64 62 67 66 69 67 69 67 69 64 67 65 70 69 71 69 72 70 73 71 71 71 75 73 74 73 75 73 75 74 78 76 79 77 80 76 80 80 81 80 81 76 80 79 103 127 133 131 134 134 131 131 135 131 136 133 135 136 137 128 138 131 135 132 132 133 135 133 136 136 138 133 137 135 137 137 138 137 140 135 140 136 137 136 137 140 138 137 136 134 135 132 134 134 136 132 136 134 134 128 131 128 129 130 130 130 127 126 126 125 125 113 93 79 80 78 84 81 83 82 84 82 82 83 86 85 
CCD1=0 0 0 0 0 0 0 0 0 0 0 0 0 0 0 0 0 0 0 0 0 0 0 0 0 0 0 0 0 0 0 0 0 0 0 0 0 0 0 0 0 0 0 0 0 0 0 0 0 0 0 0 0 0 0 0 0 0 0 0 0 0 0 0 0 0 0 0 0 0 0 0 0 0 0 0 0 0 0 0 0 0 0 0 0 0 0 0 0 0 0 0 0 0 0 0 0 0 0 0 0 0 0 0 0 0 0 0 0 0 0 0 0 0 0 0 0 0 0 0 0 0 0 0 0 0 0 0 
[CCD拟图]
CCDLRC0=45 115 80 
CCDLRC1=45 115 80 
CCDLRC2=0 0 0 
[反馈数据]
0=109
1=122
2=122
3=5788
4=2300
5=1850
6=43
7=1
8=0
9=0
10=236
11=621
12=611
[控制固参]
0=0
