[CCD原图]
CCD0=53 59 64 63 68 67 71 68 71 67 72 70 72 69 70 69 71 70 73 72 74 71 72 72 75 74 76 74 77 73 75 74 78 76 79 76 76 73 76 75 89 109 121 121 127 123 127 129 133 132 134 134 132 131 134 128 133 131 131 131 133 126 137 131 135 133 133 133 134 131 135 134 135 131 135 133 135 134 136 134 137 133 138 136 137 135 136 139 137 136 135 132 133 129 130 129 130 124 128 126 126 122 125 121 121 122 123 123 120 115 102 85 81 78 82 81 83 82 84 81 83 81 83 81 82 82 85 84 
CCD1=0 0 0 0 0 0 0 0 0 0 0 0 0 0 0 0 0 0 0 0 0 0 0 0 0 0 0 0 0 0 0 0 0 0 0 0 0 0 0 0 0 0 0 0 0 0 0 0 0 0 0 0 0 0 0 0 0 0 0 0 0 0 0 0 0 0 0 0 0 0 0 0 0 0 0 0 0 0 0 0 0 0 0 0 0 0 0 0 0 0 0 0 0 0 0 0 0 0 0 0 0 0 0 0 0 0 0 0 0 0 0 0 0 0 0 0 0 0 0 0 0 0 0 0 0 0 0 0 
[CCD拟图]
CCDLRC0=41 112 76 
CCDLRC1=41 112 76 
CCDLRC2=0 0 0 
[反馈数据]
0=109
1=122
2=122
3=5788
4=2300
5=1850
6=43
7=1
8=0
9=0
10=250
11=635
12=625
[控制固参]
0=0
