[CCD原图]
CCD0=53 59 64 63 67 65 70 66 67 64 68 69 71 68 71 69 71 70 73 71 74 72 72 72 75 73 74 76 91 104 113 116 120 121 123 123 126 122 127 126 127 125 129 127 132 129 131 131 134 131 132 131 128 127 131 127 132 130 133 133 135 127 138 131 135 132 132 133 134 131 132 131 132 125 129 126 129 126 128 128 131 127 132 130 132 131 134 136 135 134 132 129 131 128 130 129 131 123 116 93 81 75 78 77 80 81 84 82 82 80 82 79 82 78 81 78 81 79 82 79 81 80 82 80 82 83 86 84 
CCD1=0 0 0 0 0 0 0 0 0 0 0 0 0 0 0 0 0 0 0 0 0 0 0 0 0 0 0 0 0 0 0 0 0 0 0 0 0 0 0 0 0 0 0 0 0 0 0 0 0 0 0 0 0 0 0 0 0 0 0 0 0 0 0 0 0 0 0 0 0 0 0 0 0 0 0 0 0 0 0 0 0 0 0 0 0 0 0 0 0 0 0 0 0 0 0 0 0 0 0 0 0 0 0 0 0 0 0 0 0 0 0 0 0 0 0 0 0 0 0 0 0 0 0 0 0 0 0 0 
[CCD拟图]
CCDLRC0=25 97 61 
CCDLRC1=25 97 61 
CCDLRC2=0 0 0 
[反馈数据]
0=109
1=122
2=122
3=5788
4=2300
5=1850
6=43
7=1
8=0
9=0
10=65
11=706
12=696
[控制固参]
0=0
