[CCD原图]
CCD0=52 59 64 62 66 64 68 67 70 66 67 64 67 68 72 72 73 70 70 68 71 68 73 83 94 96 102 104 109 107 109 109 111 111 115 114 117 113 119 118 119 118 121 120 124 121 123 124 128 125 126 126 124 122 127 122 127 126 128 127 130 121 133 126 130 128 127 127 129 127 129 127 130 123 128 125 127 125 128 127 130 125 128 126 128 125 126 128 124 105 83 78 79 78 82 81 83 80 81 78 79 78 82 79 80 79 80 79 80 78 80 78 79 76 79 76 79 77 79 77 79 77 79 77 79 78 81 79 
CCD1=0 0 0 0 0 0 0 0 0 0 0 0 0 0 0 0 0 0 0 0 0 0 0 0 0 0 0 0 0 0 0 0 0 0 0 0 0 0 0 0 0 0 0 0 0 0 0 0 0 0 0 0 0 0 0 0 0 0 0 0 0 0 0 0 0 0 0 0 0 0 0 0 0 0 0 0 0 0 0 0 0 0 0 0 0 0 0 0 0 0 0 0 0 0 0 0 0 0 0 0 0 0 0 0 0 0 0 0 0 0 0 0 0 0 0 0 0 0 0 0 0 0 0 0 0 0 0 0 
[CCD拟图]
CCDLRC0=22 89 55 
CCDLRC1=22 89 55 
CCDLRC2=0 0 0 
[反馈数据]
0=109
1=122
2=122
3=5788
4=2300
5=1850
6=43
7=1
8=0
9=0
10=100
11=741
12=731
[控制固参]
0=0
