[CCD原图]
CCD0=54 62 67 68 76 79 84 81 84 80 82 80 82 79 81 80 82 81 84 82 85 82 81 83 86 84 87 82 81 79 80 79 94 125 136 138 144 139 147 146 146 144 145 141 144 138 141 140 142 140 140 140 138 136 140 137 141 140 142 143 145 137 150 143 147 146 145 147 149 147 151 153 159 153 158 156 158 155 155 152 151 144 146 143 144 141 141 143 139 138 136 134 136 132 135 135 136 131 135 132 129 107 89 84 85 82 86 84 85 83 85 82 84 81 83 81 83 81 83 81 82 81 83 80 81 81 85 84 
CCD1=0 0 0 0 0 0 0 0 0 0 0 0 0 0 0 0 0 0 0 0 0 0 0 0 0 0 0 0 0 0 0 0 0 0 0 0 0 0 0 0 0 0 0 0 0 0 0 0 0 0 0 0 0 0 0 0 0 0 0 0 0 0 0 0 0 0 0 0 0 0 0 0 0 0 0 0 0 0 0 0 0 0 0 0 0 0 0 0 0 0 0 0 0 0 0 0 0 0 0 0 0 0 0 0 0 0 0 0 0 0 0 0 0 0 0 0 0 0 0 0 0 0 0 0 0 0 0 0 
[CCD拟图]
CCDLRC0=32 101 66 
CCDLRC1=32 101 66 
CCDLRC2=0 0 0 
[反馈数据]
0=109
1=122
2=122
3=5788
4=2300
5=1850
6=43
7=1
8=0
9=0
10=220
11=93
12=83
[控制固参]
0=0
