[CCD原图]
CCD0=54 60 66 65 71 71 75 71 71 67 71 79 96 101 106 107 109 109 113 110 115 112 105 109 115 112 115 113 115 113 114 112 113 112 115 113 118 114 121 120 120 119 122 120 124 121 123 123 126 124 125 124 123 121 125 121 125 125 128 129 132 126 138 132 137 135 135 136 136 133 135 133 134 128 132 130 131 126 117 92 85 81 84 83 85 82 85 84 84 82 83 81 83 81 83 81 83 80 82 80 81 79 81 79 81 79 80 79 80 78 79 77 80 77 79 77 79 78 80 77 80 78 80 78 79 78 81 80 
CCD1=0 0 0 0 0 0 0 0 0 0 0 0 0 0 0 0 0 0 0 0 0 0 0 0 0 0 0 0 0 0 0 0 0 0 0 0 0 0 0 0 0 0 0 0 0 0 0 0 0 0 0 0 0 0 0 0 0 0 0 0 0 0 0 0 0 0 0 0 0 0 0 0 0 0 0 0 0 0 0 0 0 0 0 0 0 0 0 0 0 0 0 0 0 0 0 0 0 0 0 0 0 0 0 0 0 0 0 0 0 0 0 0 0 0 0 0 0 0 0 0 0 0 0 0 0 0 0 0 
[CCD拟图]
CCDLRC0=8 78 43 
CCDLRC1=8 78 43 
CCDLRC2=0 0 0 
[反馈数据]
0=109
1=122
2=122
3=5788
4=2300
5=1850
6=43
7=1
8=0
9=0
10=246
11=887
12=877
[控制固参]
0=0
