[CCD原图]
CCD0=64 73 81 83 96 103 112 109 113 109 112 105 105 100 104 112 140 179 218 224 234 231 207 228 244 244 248 246 251 247 247 246 246 249 251 249 252 242 251 250 246 251 255 255 255 255 255 255 255 255 255 255 255 255 255 255 255 255 255 255 255 255 255 255 255 255 255 255 255 255 255 255 255 255 255 255 255 255 255 255 255 255 255 255 203 153 139 141 142 143 143 139 140 137 139 138 138 133 136 134 134 130 133 131 130 131 132 132 130 128 129 127 128 123 126 122 125 124 126 124 125 125 128 125 123 128 133 134 
CCD1=0 0 0 0 0 0 0 0 0 0 0 0 0 0 0 0 0 0 0 0 0 0 0 0 0 0 0 0 0 0 0 0 0 0 0 0 0 0 0 0 0 0 0 0 0 0 0 0 0 0 0 0 0 0 0 0 0 0 0 0 0 0 0 0 0 0 0 0 0 0 0 0 0 0 0 0 0 0 0 0 0 0 0 0 0 0 0 0 0 0 0 0 0 0 0 0 0 0 0 0 0 0 0 0 0 0 0 0 0 0 0 0 0 0 0 0 0 0 0 0 0 0 0 0 0 0 0 0 
[CCD拟图]
CCDLRC0=14 83 48 
CCDLRC1=14 83 48 
CCDLRC2=0 0 0 
[反馈数据]
0=109
1=122
2=122
3=5788
4=2300
5=1850
6=43
7=1
8=0
9=0
10=250
11=891
12=881
[控制固参]
0=0
