[CCD原图]
CCD0=53 58 64 63 68 67 70 68 72 69 72 70 72 70 73 71 73 72 74 72 74 71 71 71 85 101 107 107 111 109 109 110 112 112 115 116 119 115 119 117 118 115 116 112 114 110 114 116 120 121 123 124 122 122 125 121 126 125 126 126 128 119 129 121 124 119 117 115 117 116 123 123 128 125 131 129 133 133 135 135 137 131 135 132 133 130 129 129 124 116 100 78 76 75 77 76 81 81 83 81 82 81 82 81 82 80 82 81 81 79 81 79 81 78 80 78 80 79 81 78 80 78 80 78 79 80 82 80 
CCD1=0 0 0 0 0 0 0 0 0 0 0 0 0 0 0 0 0 0 0 0 0 0 0 0 0 0 0 0 0 0 0 0 0 0 0 0 0 0 0 0 0 0 0 0 0 0 0 0 0 0 0 0 0 0 0 0 0 0 0 0 0 0 0 0 0 0 0 0 0 0 0 0 0 0 0 0 0 0 0 0 0 0 0 0 0 0 0 0 0 0 0 0 0 0 0 0 0 0 0 0 0 0 0 0 0 0 0 0 0 0 0 0 0 0 0 0 0 0 0 0 0 0 0 0 0 0 0 0 
[CCD拟图]
CCDLRC0=23 91 57 
CCDLRC1=23 91 57 
CCDLRC2=0 0 0 
[反馈数据]
0=109
1=122
2=122
3=5788
4=2300
5=1850
6=43
7=1
8=0
9=0
10=29
11=926
12=916
[控制固参]
0=0
