[CCD原图]
CCD0=53 59 64 63 67 68 72 69 72 70 72 70 73 70 73 71 73 72 74 72 74 71 71 72 89 101 108 106 111 109 110 110 113 113 116 115 119 115 119 117 117 114 115 111 114 109 113 115 120 120 123 123 122 122 126 121 127 125 127 126 128 120 129 122 126 121 119 117 117 115 121 124 128 125 130 128 132 131 134 135 137 132 135 132 133 130 130 130 125 119 108 85 78 75 78 77 79 81 83 82 83 81 83 81 81 80 82 81 81 80 81 79 81 78 81 78 81 79 80 79 80 78 79 78 79 80 82 81 
CCD1=0 0 0 0 0 0 0 0 0 0 0 0 0 0 0 0 0 0 0 0 0 0 0 0 0 0 0 0 0 0 0 0 0 0 0 0 0 0 0 0 0 0 0 0 0 0 0 0 0 0 0 0 0 0 0 0 0 0 0 0 0 0 0 0 0 0 0 0 0 0 0 0 0 0 0 0 0 0 0 0 0 0 0 0 0 0 0 0 0 0 0 0 0 0 0 0 0 0 0 0 0 0 0 0 0 0 0 0 0 0 0 0 0 0 0 0 0 0 0 0 0 0 0 0 0 0 0 0 
[CCD拟图]
CCDLRC0=23 91 57 
CCDLRC1=23 91 57 
CCDLRC2=0 0 0 
[反馈数据]
0=109
1=122
2=122
3=5788
4=2300
5=1850
6=43
7=1
8=0
9=0
10=31
11=928
12=918
[控制固参]
0=0
