[CCD原图]
CCD0=53 59 64 63 68 67 71 68 71 69 71 68 73 69 71 68 70 69 72 70 73 71 71 71 74 72 74 71 71 68 71 70 78 97 112 113 117 115 120 121 121 121 125 124 128 125 126 125 127 125 126 124 120 116 117 112 118 120 123 126 129 121 132 125 129 128 128 129 129 127 130 129 131 126 129 125 126 124 126 125 128 124 131 129 132 130 132 136 135 136 135 133 135 133 135 134 135 130 130 125 107 83 83 80 82 81 83 82 83 80 82 80 82 79 82 79 81 80 81 79 81 79 81 79 80 80 83 81 
CCD1=0 0 0 0 0 0 0 0 0 0 0 0 0 0 0 0 0 0 0 0 0 0 0 0 0 0 0 0 0 0 0 0 0 0 0 0 0 0 0 0 0 0 0 0 0 0 0 0 0 0 0 0 0 0 0 0 0 0 0 0 0 0 0 0 0 0 0 0 0 0 0 0 0 0 0 0 0 0 0 0 0 0 0 0 0 0 0 0 0 0 0 0 0 0 0 0 0 0 0 0 0 0 0 0 0 0 0 0 0 0 0 0 0 0 0 0 0 0 0 0 0 0 0 0 0 0 0 0 
[CCD拟图]
CCDLRC0=33 100 66 
CCDLRC1=33 100 66 
CCDLRC2=0 0 0 
[反馈数据]
0=109
1=122
2=122
3=5788
4=2300
5=1850
6=43
7=1
8=0
9=0
10=79
11=976
12=966
[控制固参]
0=0
