[CCD原图]
CCD0=52 58 63 62 67 67 71 68 71 69 71 68 71 68 71 69 71 69 71 70 72 70 71 69 73 71 73 71 74 72 74 72 75 73 76 74 77 74 78 75 78 75 78 76 78 76 78 76 79 77 80 77 79 76 79 76 80 78 80 79 82 78 83 79 82 80 83 81 83 81 85 83 86 82 84 79 82 81 84 85 96 105 121 127 131 129 130 133 130 129 127 125 126 123 126 125 126 122 125 123 123 119 123 120 120 121 122 123 121 120 121 119 121 117 120 116 120 119 120 117 119 118 121 119 118 125 132 133 
CCD1=0 0 0 0 0 0 0 0 0 0 0 0 0 0 0 0 0 0 0 0 0 0 0 0 0 0 0 0 0 0 0 0 0 0 0 0 0 0 0 0 0 0 0 0 0 0 0 0 0 0 0 0 0 0 0 0 0 0 0 0 0 0 0 0 0 0 0 0 0 0 0 0 0 0 0 0 0 0 0 0 0 0 0 0 0 0 0 0 0 0 0 0 0 0 0 0 0 0 0 0 0 0 0 0 0 0 0 0 0 0 0 0 0 0 0 0 0 0 0 0 0 0 0 0 0 0 0 0 
[CCD拟图]
CCDLRC0=77 122 112 
CCDLRC1=77 122 112 
CCDLRC2=0 0 0 
[反馈数据]
0=109
1=122
2=122
3=5788
4=2300
5=1850
6=43
7=1
8=0
9=0
10=164
11=1061
12=1051
[控制固参]
0=0
