[CCD原图]
CCD0=53 59 65 64 69 69 73 71 74 72 75 73 77 75 78 78 80 79 82 81 83 82 80 81 84 81 83 81 83 80 81 80 82 80 82 81 83 79 83 81 82 78 80 77 78 77 81 84 95 104 115 122 129 134 141 135 139 137 138 139 140 132 142 136 140 138 137 137 138 136 139 138 140 134 139 136 138 136 138 137 140 134 139 136 136 134 135 139 138 139 141 140 145 143 149 150 152 146 148 144 142 135 135 130 129 130 130 130 127 126 126 124 126 121 125 120 124 122 123 121 122 121 124 121 119 125 130 130 
CCD1=0 0 0 0 0 0 0 0 0 0 0 0 0 0 0 0 0 0 0 0 0 0 0 0 0 0 0 0 0 0 0 0 0 0 0 0 0 0 0 0 0 0 0 0 0 0 0 0 0 0 0 0 0 0 0 0 0 0 0 0 0 0 0 0 0 0 0 0 0 0 0 0 0 0 0 0 0 0 0 0 0 0 0 0 0 0 0 0 0 0 0 0 0 0 0 0 0 0 0 0 0 0 0 0 0 0 0 0 0 0 0 0 0 0 0 0 0 0 0 0 0 0 0 0 0 0 0 0 
[CCD拟图]
CCDLRC0=55 122 90 
CCDLRC1=55 122 90 
CCDLRC2=0 0 0 
[反馈数据]
0=109
1=122
2=122
3=5788
4=2300
5=1850
6=43
7=1
8=0
9=0
10=193
11=1090
12=1080
[控制固参]
0=0
