[CCD原图]
CCD0=54 60 65 65 70 71 74 71 72 69 71 68 74 78 90 101 108 112 119 118 123 121 114 121 130 129 134 133 135 132 132 130 131 131 132 131 134 128 133 132 131 129 133 130 134 131 134 134 136 135 137 137 135 134 138 134 140 138 141 142 146 138 154 149 158 159 160 163 163 158 158 154 153 143 146 141 142 139 140 138 142 135 140 136 137 135 136 138 136 136 136 134 137 135 138 139 141 137 140 139 138 134 136 132 132 133 133 134 130 126 125 119 114 103 99 89 87 81 81 76 78 75 77 74 76 76 79 78 
CCD1=0 0 0 0 0 0 0 0 0 0 0 0 0 0 0 0 0 0 0 0 0 0 0 0 0 0 0 0 0 0 0 0 0 0 0 0 0 0 0 0 0 0 0 0 0 0 0 0 0 0 0 0 0 0 0 0 0 0 0 0 0 0 0 0 0 0 0 0 0 0 0 0 0 0 0 0 0 0 0 0 0 0 0 0 0 0 0 0 0 0 0 0 0 0 0 0 0 0 0 0 0 0 0 0 0 0 0 0 0 0 0 0 0 0 0 0 0 0 0 0 0 0 0 0 0 0 0 0 
[CCD拟图]
CCDLRC0=18 122 70 
CCDLRC1=18 122 70 
CCDLRC2=0 0 0 
[反馈数据]
0=109
1=122
2=122
3=5788
4=2300
5=1850
6=43
7=1
8=0
9=0
10=204
11=1101
12=1091
[控制固参]
0=0
