[CCD原图]
CCD0=54 62 67 67 73 74 77 71 72 70 74 80 94 101 112 117 121 121 127 124 129 127 118 126 132 130 130 127 129 126 126 126 127 127 129 128 132 127 131 131 131 129 132 129 134 131 134 134 138 136 138 139 137 138 143 141 150 153 158 163 167 155 169 157 160 153 149 147 146 141 142 140 143 136 141 138 140 138 139 137 140 135 140 138 140 138 141 144 143 142 143 141 143 139 141 140 141 136 138 136 136 130 132 129 127 126 122 115 106 98 93 84 83 78 79 76 77 74 76 75 76 76 78 78 80 80 84 82 
CCD1=0 0 0 0 0 0 0 0 0 0 0 0 0 0 0 0 0 0 0 0 0 0 0 0 0 0 0 0 0 0 0 0 0 0 0 0 0 0 0 0 0 0 0 0 0 0 0 0 0 0 0 0 0 0 0 0 0 0 0 0 0 0 0 0 0 0 0 0 0 0 0 0 0 0 0 0 0 0 0 0 0 0 0 0 0 0 0 0 0 0 0 0 0 0 0 0 0 0 0 0 0 0 0 0 0 0 0 0 0 0 0 0 0 0 0 0 0 0 0 0 0 0 0 0 0 0 0 0 
[CCD拟图]
CCDLRC0=14 114 64 
CCDLRC1=14 114 64 
CCDLRC2=0 0 0 
[反馈数据]
0=109
1=122
2=122
3=5788
4=2300
5=1850
6=43
7=1
8=0
9=0
10=205
11=1102
12=1092
[控制固参]
0=0
