[CCD原图]
CCD0=55 62 68 69 77 78 84 81 83 79 82 79 82 78 81 80 81 80 83 81 84 81 80 81 85 84 87 85 87 85 83 79 78 77 81 96 131 144 159 164 164 155 154 149 151 144 144 143 144 143 144 145 141 141 146 140 146 144 146 146 147 138 152 144 149 147 147 147 148 145 149 148 151 146 152 151 154 152 153 153 155 149 153 149 148 144 145 146 143 142 141 139 140 136 138 139 140 135 138 136 136 131 133 130 125 114 92 77 77 75 76 77 86 84 86 83 85 83 84 83 84 82 84 82 83 82 85 83 
CCD1=0 0 0 0 0 0 0 0 0 0 0 0 0 0 0 0 0 0 0 0 0 0 0 0 0 0 0 0 0 0 0 0 0 0 0 0 0 0 0 0 0 0 0 0 0 0 0 0 0 0 0 0 0 0 0 0 0 0 0 0 0 0 0 0 0 0 0 0 0 0 0 0 0 0 0 0 0 0 0 0 0 0 0 0 0 0 0 0 0 0 0 0 0 0 0 0 0 0 0 0 0 0 0 0 0 0 0 0 0 0 0 0 0 0 0 0 0 0 0 0 0 0 0 0 0 0 0 0 
[CCD拟图]
CCDLRC0=36 106 71 
CCDLRC1=36 106 71 
CCDLRC2=0 0 0 
[反馈数据]
0=109
1=122
2=122
3=5788
4=2300
5=1850
6=43
7=1
8=0
9=0
10=254
11=127
12=117
[控制固参]
0=0
