[CCD原图]
CCD0=53 61 66 65 71 72 77 74 76 73 75 73 76 73 75 74 76 73 74 71 75 80 94 111 120 118 121 119 123 120 121 121 122 122 123 122 127 122 126 127 127 125 127 125 130 126 129 131 134 132 134 133 132 131 135 130 134 133 135 135 136 128 140 133 137 135 135 134 136 133 136 134 137 131 135 132 134 133 133 132 135 130 135 131 132 129 130 132 130 129 127 125 127 117 93 78 77 74 78 79 80 77 80 78 78 76 79 77 79 77 78 76 79 75 77 74 77 75 78 76 77 75 77 75 77 76 78 77 
CCD1=0 0 0 0 0 0 0 0 0 0 0 0 0 0 0 0 0 0 0 0 0 0 0 0 0 0 0 0 0 0 0 0 0 0 0 0 0 0 0 0 0 0 0 0 0 0 0 0 0 0 0 0 0 0 0 0 0 0 0 0 0 0 0 0 0 0 0 0 0 0 0 0 0 0 0 0 0 0 0 0 0 0 0 0 0 0 0 0 0 0 0 0 0 0 0 0 0 0 0 0 0 0 0 0 0 0 0 0 0 0 0 0 0 0 0 0 0 0 0 0 0 0 0 0 0 0 0 0 
[CCD拟图]
CCDLRC0=23 94 58 
CCDLRC1=23 94 58 
CCDLRC2=0 0 0 
[反馈数据]
0=109
1=122
2=122
3=5788
4=2300
5=1850
6=43
7=1
8=0
9=0
10=134
11=1287
12=1277
[控制固参]
0=0
