[CCD原图]
CCD0=53 60 65 66 72 73 78 75 77 74 77 75 76 74 76 74 77 75 78 76 78 76 76 76 79 77 79 77 80 78 79 78 80 80 81 80 82 79 83 81 82 81 83 81 84 81 82 78 81 92 115 131 132 133 137 132 138 136 137 138 140 131 143 137 141 139 139 140 142 140 144 145 149 144 150 146 148 143 143 142 144 137 142 137 138 136 136 137 135 134 132 130 132 129 131 130 132 126 129 128 128 124 126 124 124 127 128 129 128 126 126 124 124 118 120 111 101 83 79 76 78 77 82 81 82 82 84 82 
CCD1=0 0 0 0 0 0 0 0 0 0 0 0 0 0 0 0 0 0 0 0 0 0 0 0 0 0 0 0 0 0 0 0 0 0 0 0 0 0 0 0 0 0 0 0 0 0 0 0 0 0 0 0 0 0 0 0 0 0 0 0 0 0 0 0 0 0 0 0 0 0 0 0 0 0 0 0 0 0 0 0 0 0 0 0 0 0 0 0 0 0 0 0 0 0 0 0 0 0 0 0 0 0 0 0 0 0 0 0 0 0 0 0 0 0 0 0 0 0 0 0 0 0 0 0 0 0 0 0 
[CCD拟图]
CCDLRC0=46 114 80 
CCDLRC1=46 114 80 
CCDLRC2=0 0 0 
[反馈数据]
0=109
1=122
2=122
3=5788
4=2300
5=1850
6=43
7=1
8=0
9=0
10=204
11=1357
12=1347
[控制固参]
0=0
