[CCD原图]
CCD0=53 59 66 65 71 71 77 74 77 74 77 74 77 74 76 75 77 75 77 76 79 76 76 76 80 76 79 77 80 78 79 78 80 80 82 79 83 79 82 81 83 80 83 81 84 82 84 83 84 79 81 83 109 129 135 132 137 137 138 137 141 132 143 136 140 139 138 139 141 137 141 140 144 140 148 146 150 147 147 144 146 139 142 139 140 136 137 139 136 135 133 131 133 129 131 131 131 125 128 126 127 123 127 124 124 125 126 127 126 125 127 126 126 120 124 120 122 120 116 99 85 77 79 77 81 82 84 83 
CCD1=0 0 0 0 0 0 0 0 0 0 0 0 0 0 0 0 0 0 0 0 0 0 0 0 0 0 0 0 0 0 0 0 0 0 0 0 0 0 0 0 0 0 0 0 0 0 0 0 0 0 0 0 0 0 0 0 0 0 0 0 0 0 0 0 0 0 0 0 0 0 0 0 0 0 0 0 0 0 0 0 0 0 0 0 0 0 0 0 0 0 0 0 0 0 0 0 0 0 0 0 0 0 0 0 0 0 0 0 0 0 0 0 0 0 0 0 0 0 0 0 0 0 0 0 0 0 0 0 
[CCD拟图]
CCDLRC0=49 117 83 
CCDLRC1=49 117 83 
CCDLRC2=0 0 0 
[反馈数据]
0=109
1=122
2=122
3=5788
4=2300
5=1850
6=43
7=1
8=0
9=0
10=205
11=1358
12=1348
[控制固参]
0=0
