[CCD原图]
CCD0=53 61 66 66 73 75 80 76 78 75 78 75 76 73 76 75 76 75 78 75 79 76 75 76 79 77 80 78 80 78 79 79 80 80 82 80 82 79 83 81 82 80 83 81 84 82 84 83 84 79 81 79 86 114 132 128 133 133 135 136 139 129 141 134 138 137 138 139 141 139 143 142 146 141 147 144 147 145 145 143 144 137 141 137 137 134 136 137 134 134 133 130 132 128 131 129 129 125 127 125 126 123 125 123 124 124 126 127 126 126 127 125 128 121 126 122 124 121 116 95 80 75 77 75 78 81 84 82 
CCD1=0 0 0 0 0 0 0 0 0 0 0 0 0 0 0 0 0 0 0 0 0 0 0 0 0 0 0 0 0 0 0 0 0 0 0 0 0 0 0 0 0 0 0 0 0 0 0 0 0 0 0 0 0 0 0 0 0 0 0 0 0 0 0 0 0 0 0 0 0 0 0 0 0 0 0 0 0 0 0 0 0 0 0 0 0 0 0 0 0 0 0 0 0 0 0 0 0 0 0 0 0 0 0 0 0 0 0 0 0 0 0 0 0 0 0 0 0 0 0 0 0 0 0 0 0 0 0 0 
[CCD拟图]
CCDLRC0=53 120 86 
CCDLRC1=53 120 86 
CCDLRC2=0 0 0 
[反馈数据]
0=109
1=122
2=122
3=5788
4=2300
5=1850
6=43
7=1
8=0
9=0
10=226
11=1379
12=1369
[控制固参]
0=0
