[CCD原图]
CCD0=55 62 67 68 74 75 80 77 80 76 79 76 79 76 79 77 79 77 80 78 81 78 78 78 82 80 82 80 82 80 82 81 82 80 83 81 84 81 85 82 83 79 81 80 92 116 128 128 132 130 132 131 130 129 132 128 134 131 134 136 141 133 147 143 150 151 152 154 157 154 155 152 152 141 143 137 136 134 136 133 136 131 134 131 132 129 131 133 131 130 129 127 129 126 128 128 129 125 128 128 130 128 133 132 131 133 132 131 126 123 121 113 102 83 81 77 81 81 83 80 82 80 82 81 82 82 84 83 
CCD1=0 0 0 0 0 0 0 0 0 0 0 0 0 0 0 0 0 0 0 0 0 0 0 0 0 0 0 0 0 0 0 0 0 0 0 0 0 0 0 0 0 0 0 0 0 0 0 0 0 0 0 0 0 0 0 0 0 0 0 0 0 0 0 0 0 0 0 0 0 0 0 0 0 0 0 0 0 0 0 0 0 0 0 0 0 0 0 0 0 0 0 0 0 0 0 0 0 0 0 0 0 0 0 0 0 0 0 0 0 0 0 0 0 0 0 0 0 0 0 0 0 0 0 0 0 0 0 0 
[CCD拟图]
CCDLRC0=45 113 79 
CCDLRC1=45 113 79 
CCDLRC2=0 0 0 
[反馈数据]
0=109
1=122
2=122
3=5788
4=2300
5=1850
6=43
7=1
8=0
9=0
10=234
11=1387
12=1377
[控制固参]
0=0
