[CCD原图]
CCD0=54 61 67 68 74 76 81 78 80 77 80 76 78 75 78 75 75 73 75 72 73 70 71 71 75 73 75 79 97 111 118 119 122 122 124 123 125 122 126 126 126 124 127 125 130 127 129 128 132 130 131 132 131 130 136 134 142 145 153 159 166 156 171 159 160 154 148 144 142 136 137 135 136 129 133 131 133 132 132 132 134 128 133 130 131 128 130 132 130 130 128 126 129 127 131 132 138 137 142 139 136 127 115 89 78 76 79 76 78 79 83 81 83 80 82 79 81 79 81 79 80 79 80 78 79 79 82 81 
CCD1=0 0 0 0 0 0 0 0 0 0 0 0 0 0 0 0 0 0 0 0 0 0 0 0 0 0 0 0 0 0 0 0 0 0 0 0 0 0 0 0 0 0 0 0 0 0 0 0 0 0 0 0 0 0 0 0 0 0 0 0 0 0 0 0 0 0 0 0 0 0 0 0 0 0 0 0 0 0 0 0 0 0 0 0 0 0 0 0 0 0 0 0 0 0 0 0 0 0 0 0 0 0 0 0 0 0 0 0 0 0 0 0 0 0 0 0 0 0 0 0 0 0 0 0 0 0 0 0 
[CCD拟图]
CCDLRC0=31 104 67 
CCDLRC1=31 104 67 
CCDLRC2=0 0 0 
[反馈数据]
0=109
1=122
2=122
3=5788
4=2300
5=1850
6=43
7=1
8=0
9=0
10=243
11=1396
12=1386
[控制固参]
0=0
