[CCD原图]
CCD0=57 65 73 76 90 97 95 81 86 88 96 101 109 111 119 123 125 124 127 122 125 122 112 117 123 121 123 122 124 122 122 121 123 122 124 124 127 122 127 127 127 125 128 126 132 127 130 131 133 132 134 134 134 135 143 143 152 155 160 162 163 151 163 151 151 145 141 138 137 134 135 134 136 129 134 131 134 131 133 133 134 129 133 130 131 129 129 132 131 130 130 129 132 130 134 135 137 129 119 99 88 80 82 81 84 83 84 83 84 82 83 81 82 79 82 79 81 79 81 78 80 79 81 78 80 80 82 81 
CCD1=0 0 0 0 0 0 0 0 0 0 0 0 0 0 0 0 0 0 0 0 0 0 0 0 0 0 0 0 0 0 0 0 0 0 0 0 0 0 0 0 0 0 0 0 0 0 0 0 0 0 0 0 0 0 0 0 0 0 0 0 0 0 0 0 0 0 0 0 0 0 0 0 0 0 0 0 0 0 0 0 0 0 0 0 0 0 0 0 0 0 0 0 0 0 0 0 0 0 0 0 0 0 0 0 0 0 0 0 0 0 0 0 0 0 0 0 0 0 0 0 0 0 0 0 0 0 0 0 
[CCD拟图]
CCDLRC0=17 101 59 
CCDLRC1=17 101 59 
CCDLRC2=0 0 0 
[反馈数据]
0=109
1=122
2=122
3=5788
4=2300
5=1850
6=43
7=1
8=0
9=0
10=249
11=1402
12=1392
[控制固参]
0=0
