[CCD原图]
CCD0=86 105 132 159 215 255 255 255 255 255 255 255 255 255 255 255 255 255 255 255 255 255 235 255 255 255 255 255 255 255 255 255 255 255 255 255 255 255 255 255 255 255 255 255 255 255 255 255 255 255 255 255 255 255 255 255 255 255 255 255 255 255 255 255 255 255 255 255 255 255 255 255 251 220 206 185 169 149 136 125 126 124 131 132 137 137 142 148 148 148 148 145 148 144 147 148 152 147 151 150 149 145 145 142 141 141 141 140 136 134 134 132 132 126 130 126 129 127 128 125 126 125 128 125 122 127 131 131 
CCD1=0 0 0 0 0 0 0 0 0 0 0 0 0 0 0 0 0 0 0 0 0 0 0 0 0 0 0 0 0 0 0 0 0 0 0 0 0 0 0 0 0 0 0 0 0 0 0 0 0 0 0 0 0 0 0 0 0 0 0 0 0 0 0 0 0 0 0 0 0 0 0 0 0 0 0 0 0 0 0 0 0 0 0 0 0 0 0 0 0 0 0 0 0 0 0 0 0 0 0 0 0 0 0 0 0 0 0 0 0 0 0 0 0 0 0 0 0 0 0 0 0 0 0 0 0 0 0 0 
[CCD拟图]
CCDLRC0=6 81 37 
CCDLRC1=6 81 37 
CCDLRC2=0 0 0 
[反馈数据]
0=109
1=122
2=122
3=5788
4=2300
5=1850
6=43
7=1
8=0
9=0
10=5
11=1414
12=1404
[控制固参]
0=0
