[CCD原图]
CCD0=55 62 68 68 76 78 88 95 107 112 120 120 123 119 123 122 123 124 128 128 133 131 122 131 140 138 142 140 143 140 139 138 139 138 139 138 141 136 141 140 140 138 141 139 143 140 142 143 146 144 145 145 142 142 146 141 147 145 148 146 148 139 152 144 148 145 145 145 143 136 129 117 110 95 90 82 84 84 86 86 89 86 89 87 88 86 88 87 88 85 87 84 86 84 86 83 85 82 84 83 85 82 84 82 83 81 84 81 83 81 82 80 83 80 82 80 82 80 83 79 81 80 81 79 81 80 83 82 
CCD1=0 0 0 0 0 0 0 0 0 0 0 0 0 0 0 0 0 0 0 0 0 0 0 0 0 0 0 0 0 0 0 0 0 0 0 0 0 0 0 0 0 0 0 0 0 0 0 0 0 0 0 0 0 0 0 0 0 0 0 0 0 0 0 0 0 0 0 0 0 0 0 0 0 0 0 0 0 0 0 0 0 0 0 0 0 0 0 0 0 0 0 0 0 0 0 0 0 0 0 0 0 0 0 0 0 0 0 0 0 0 0 0 0 0 0 0 0 0 0 0 0 0 0 0 0 0 0 0 
[CCD拟图]
CCDLRC0=6 66 22 
CCDLRC1=6 66 22 
CCDLRC2=0 0 0 
[反馈数据]
0=109
1=122
2=122
3=5788
4=2300
5=1850
6=43
7=1
8=0
9=0
10=42
11=1451
12=1441
[控制固参]
0=0
