[CCD原图]
CCD0=54 60 66 67 74 75 80 77 79 75 78 76 78 75 78 76 78 76 79 77 80 78 77 77 81 79 81 79 81 80 81 80 82 81 83 82 84 81 84 82 84 82 84 82 85 82 85 83 85 83 85 83 83 81 83 80 82 80 81 79 81 78 83 79 83 81 83 83 85 83 86 85 87 83 87 85 87 85 87 86 88 85 86 82 83 78 80 79 80 76 76 75 82 87 101 112 122 123 129 130 132 129 133 130 130 133 135 136 134 134 135 135 137 131 136 131 134 132 131 128 128 126 129 125 123 129 131 128 
CCD1=0 0 0 0 0 0 0 0 0 0 0 0 0 0 0 0 0 0 0 0 0 0 0 0 0 0 0 0 0 0 0 0 0 0 0 0 0 0 0 0 0 0 0 0 0 0 0 0 0 0 0 0 0 0 0 0 0 0 0 0 0 0 0 0 0 0 0 0 0 0 0 0 0 0 0 0 0 0 0 0 0 0 0 0 0 0 0 0 0 0 0 0 0 0 0 0 0 0 0 0 0 0 0 0 0 0 0 0 0 0 0 0 0 0 0 0 0 0 0 0 0 0 0 0 0 0 0 0 
[CCD拟图]
CCDLRC0=90 122 122 
CCDLRC1=90 122 122 
CCDLRC2=0 0 0 
[反馈数据]
0=109
1=122
2=122
3=5788
4=2300
5=1850
6=43
7=1
8=0
9=0
10=65
11=1474
12=1464
[控制固参]
0=0
