[CCD原图]
CCD0=53 61 66 66 74 76 80 78 80 77 79 76 78 75 78 76 78 76 79 78 80 77 76 76 80 79 81 78 81 79 81 80 82 80 82 81 83 80 85 82 84 82 85 82 85 83 86 84 86 85 86 85 85 84 87 84 87 86 88 86 88 84 89 86 88 87 89 87 88 87 88 88 89 86 89 85 87 85 87 86 88 86 88 84 84 82 83 81 82 80 82 83 90 96 109 117 126 126 131 133 133 130 134 133 133 136 138 138 136 134 133 133 133 125 130 125 128 126 126 122 124 123 125 123 122 129 135 135 
CCD1=0 0 0 0 0 0 0 0 0 0 0 0 0 0 0 0 0 0 0 0 0 0 0 0 0 0 0 0 0 0 0 0 0 0 0 0 0 0 0 0 0 0 0 0 0 0 0 0 0 0 0 0 0 0 0 0 0 0 0 0 0 0 0 0 0 0 0 0 0 0 0 0 0 0 0 0 0 0 0 0 0 0 0 0 0 0 0 0 0 0 0 0 0 0 0 0 0 0 0 0 0 0 0 0 0 0 0 0 0 0 0 0 0 0 0 0 0 0 0 0 0 0 0 0 0 0 0 0 
[CCD拟图]
CCDLRC0=96 122 122 
CCDLRC1=96 122 122 
CCDLRC2=0 0 0 
[反馈数据]
0=109
1=122
2=122
3=5788
4=2300
5=1850
6=43
7=1
8=0
9=0
10=76
11=1485
12=1475
[控制固参]
0=0
