[CCD原图]
CCD0=54 60 66 66 73 75 80 77 79 76 78 76 78 75 77 75 77 76 80 77 80 77 76 77 81 79 82 80 81 80 81 81 82 80 83 81 84 81 84 82 84 82 85 83 86 83 86 84 87 85 87 86 86 85 88 85 87 87 88 88 90 85 90 86 89 87 89 88 89 86 88 86 86 81 85 83 85 83 85 82 84 81 84 82 84 83 88 93 102 114 125 131 140 140 144 145 147 140 143 140 138 132 133 129 128 129 129 130 127 126 127 127 129 125 129 124 129 127 128 126 127 125 127 123 121 125 131 130 
CCD1=0 0 0 0 0 0 0 0 0 0 0 0 0 0 0 0 0 0 0 0 0 0 0 0 0 0 0 0 0 0 0 0 0 0 0 0 0 0 0 0 0 0 0 0 0 0 0 0 0 0 0 0 0 0 0 0 0 0 0 0 0 0 0 0 0 0 0 0 0 0 0 0 0 0 0 0 0 0 0 0 0 0 0 0 0 0 0 0 0 0 0 0 0 0 0 0 0 0 0 0 0 0 0 0 0 0 0 0 0 0 0 0 0 0 0 0 0 0 0 0 0 0 0 0 0 0 0 0 
[CCD拟图]
CCDLRC0=89 122 122 
CCDLRC1=89 122 122 
CCDLRC2=0 0 0 
[反馈数据]
0=109
1=122
2=122
3=5788
4=2300
5=1850
6=43
7=1
8=0
9=0
10=80
11=1489
12=1479
[控制固参]
0=0
