[CCD原图]
CCD0=53 61 67 67 75 77 81 78 81 78 80 77 79 76 80 77 79 77 80 78 81 78 77 78 82 79 82 80 83 81 82 81 83 81 84 82 85 81 84 81 82 79 82 80 85 83 86 85 86 84 86 82 81 78 80 77 80 77 79 79 85 90 108 114 127 130 134 137 140 137 141 140 143 138 142 140 143 142 143 144 147 141 146 142 146 145 147 150 148 148 147 142 143 138 139 137 137 132 134 132 132 127 130 127 127 128 129 129 127 126 126 125 128 123 130 128 134 136 142 142 146 147 151 147 141 146 148 145 
CCD1=0 0 0 0 0 0 0 0 0 0 0 0 0 0 0 0 0 0 0 0 0 0 0 0 0 0 0 0 0 0 0 0 0 0 0 0 0 0 0 0 0 0 0 0 0 0 0 0 0 0 0 0 0 0 0 0 0 0 0 0 0 0 0 0 0 0 0 0 0 0 0 0 0 0 0 0 0 0 0 0 0 0 0 0 0 0 0 0 0 0 0 0 0 0 0 0 0 0 0 0 0 0 0 0 0 0 0 0 0 0 0 0 0 0 0 0 0 0 0 0 0 0 0 0 0 0 0 0 
[CCD拟图]
CCDLRC0=65 122 103 
CCDLRC1=65 122 103 
CCDLRC2=0 0 0 
[反馈数据]
0=109
1=122
2=122
3=5788
4=2300
5=1850
6=43
7=1
8=0
9=0
10=94
11=1503
12=1493
[控制固参]
0=0
