[CCD原图]
CCD0=54 60 66 66 74 75 80 77 80 76 78 76 78 75 78 76 79 76 80 78 81 79 78 79 82 79 82 80 82 80 82 80 82 81 83 82 84 80 82 78 78 77 83 96 117 129 138 139 143 140 142 142 139 138 143 137 142 141 141 141 143 134 147 139 144 141 140 140 140 138 139 138 140 136 139 135 138 136 137 137 139 133 137 134 136 133 134 136 134 133 131 128 131 127 129 129 129 125 127 127 127 123 125 124 124 126 127 128 125 124 124 121 123 114 111 94 81 73 75 74 76 76 80 79 80 80 82 80 
CCD1=0 0 0 0 0 0 0 0 0 0 0 0 0 0 0 0 0 0 0 0 0 0 0 0 0 0 0 0 0 0 0 0 0 0 0 0 0 0 0 0 0 0 0 0 0 0 0 0 0 0 0 0 0 0 0 0 0 0 0 0 0 0 0 0 0 0 0 0 0 0 0 0 0 0 0 0 0 0 0 0 0 0 0 0 0 0 0 0 0 0 0 0 0 0 0 0 0 0 0 0 0 0 0 0 0 0 0 0 0 0 0 0 0 0 0 0 0 0 0 0 0 0 0 0 0 0 0 0 
[CCD拟图]
CCDLRC0=46 116 81 
CCDLRC1=46 116 81 
CCDLRC2=0 0 0 
[反馈数据]
0=109
1=122
2=122
3=5788
4=2300
5=1850
6=43
7=1
8=0
9=0
10=151
11=1560
12=1550
[控制固参]
0=0
