[CCD原图]
CCD0=57 67 76 80 96 103 114 111 113 108 110 108 110 106 109 108 108 108 112 109 113 111 106 116 123 121 124 123 127 124 125 124 126 127 129 128 132 127 133 132 133 132 136 134 139 135 136 134 137 134 135 135 134 131 136 131 136 136 137 137 137 130 141 134 138 135 137 137 136 135 138 138 141 135 140 137 139 138 140 140 142 136 141 138 141 140 143 148 148 150 150 148 148 143 142 137 136 130 132 132 131 127 130 127 127 128 129 129 126 125 125 124 126 120 125 120 124 123 124 121 122 121 124 121 120 125 130 131 
CCD1=0 0 0 0 0 0 0 0 0 0 0 0 0 0 0 0 0 0 0 0 0 0 0 0 0 0 0 0 0 0 0 0 0 0 0 0 0 0 0 0 0 0 0 0 0 0 0 0 0 0 0 0 0 0 0 0 0 0 0 0 0 0 0 0 0 0 0 0 0 0 0 0 0 0 0 0 0 0 0 0 0 0 0 0 0 0 0 0 0 0 0 0 0 0 0 0 0 0 0 0 0 0 0 0 0 0 0 0 0 0 0 0 0 0 0 0 0 0 0 0 0 0 0 0 0 0 0 0 
[CCD拟图]
CCDLRC0=6 122 64 
CCDLRC1=6 122 64 
CCDLRC2=0 0 0 
[反馈数据]
0=68
1=84
2=76
3=4933
4=500
5=500
6=8
7=0
8=0
9=0
10=12
11=1578
12=1913
[控制固参]
0=0
