[CCD原图]
CCD0=58 68 79 85 104 115 126 122 127 119 122 119 122 117 120 120 120 119 123 122 124 122 113 121 127 125 128 125 129 128 128 128 129 130 132 131 135 129 135 134 134 132 134 132 136 133 136 137 139 137 138 138 136 135 137 133 138 136 139 138 141 131 144 136 141 138 137 138 138 136 138 136 138 129 128 114 101 84 79 75 79 77 80 79 83 82 84 84 84 82 84 82 84 81 84 82 83 81 83 82 83 81 83 80 81 80 81 80 81 80 81 79 81 77 79 78 80 78 80 78 79 78 80 78 79 79 81 80 
CCD1=0 0 0 0 0 0 0 0 0 0 0 0 0 0 0 0 0 0 0 0 0 0 0 0 0 0 0 0 0 0 0 0 0 0 0 0 0 0 0 0 0 0 0 0 0 0 0 0 0 0 0 0 0 0 0 0 0 0 0 0 0 0 0 0 0 0 0 0 0 0 0 0 0 0 0 0 0 0 0 0 0 0 0 0 0 0 0 0 0 0 0 0 0 0 0 0 0 0 0 0 0 0 0 0 0 0 0 0 0 0 0 0 0 0 0 0 0 0 0 0 0 0 0 0 0 0 0 0 
[CCD拟图]
CCDLRC0=6 79 40 
CCDLRC1=6 79 40 
CCDLRC2=0 0 0 
[反馈数据]
0=68
1=84
2=76
3=4933
4=500
5=500
6=8
7=0
8=0
9=0
10=79
11=1645
12=1980
[控制固参]
0=0
