[CCD原图]
CCD0=58 68 78 85 104 116 126 123 127 122 124 121 123 119 122 122 122 121 125 121 125 122 112 119 126 123 126 123 126 124 124 124 125 125 125 123 123 115 116 108 103 95 91 84 83 78 79 78 81 79 81 80 81 78 79 77 81 80 84 83 85 81 86 83 85 84 85 84 85 83 85 84 86 82 85 83 84 83 85 83 85 83 85 82 85 82 83 83 83 82 83 80 83 81 83 81 83 80 82 81 82 79 82 80 81 80 82 80 81 80 81 79 80 78 79 76 78 75 77 74 75 73 74 72 73 73 76 76 
CCD1=0 0 0 0 0 0 0 0 0 0 0 0 0 0 0 0 0 0 0 0 0 0 0 0 0 0 0 0 0 0 0 0 0 0 0 0 0 0 0 0 0 0 0 0 0 0 0 0 0 0 0 0 0 0 0 0 0 0 0 0 0 0 0 0 0 0 0 0 0 0 0 0 0 0 0 0 0 0 0 0 0 0 0 0 0 0 0 0 0 0 0 0 0 0 0 0 0 0 0 0 0 0 0 0 0 0 0 0 0 0 0 0 0 0 0 0 0 0 0 0 0 0 0 0 0 0 0 0 
[CCD拟图]
CCDLRC0=6 46 7 
CCDLRC1=6 46 7 
CCDLRC2=0 0 0 
[反馈数据]
0=68
1=84
2=76
3=4933
4=500
5=500
6=8
7=0
8=0
9=0
10=124
11=1690
12=2025
[控制固参]
0=0
