[CCD原图]
CCD0=54 61 66 67 73 73 76 70 72 69 72 69 72 69 72 70 72 71 74 73 76 73 74 74 77 76 78 77 80 78 79 78 80 79 81 80 82 79 82 80 82 80 82 81 83 81 83 82 84 83 85 83 84 82 84 82 84 82 85 83 86 82 86 84 85 84 85 84 85 83 85 84 86 82 85 82 85 83 85 83 85 81 82 78 79 77 80 81 84 82 84 80 82 80 83 87 97 102 113 118 121 116 119 116 118 120 123 123 122 121 121 121 122 116 121 117 120 119 120 117 119 118 119 117 115 120 125 124 
CCD1=0 0 0 0 0 0 0 0 0 0 0 0 0 0 0 0 0 0 0 0 0 0 0 0 0 0 0 0 0 0 0 0 0 0 0 0 0 0 0 0 0 0 0 0 0 0 0 0 0 0 0 0 0 0 0 0 0 0 0 0 0 0 0 0 0 0 0 0 0 0 0 0 0 0 0 0 0 0 0 0 0 0 0 0 0 0 0 0 0 0 0 0 0 0 0 0 0 0 0 0 0 0 0 0 0 0 0 0 0 0 0 0 0 0 0 0 0 0 0 0 0 0 0 0 0 0 0 0 
[CCD拟图]
CCDLRC0=6 122 6 
CCDLRC1=6 122 6 
CCDLRC2=0 0 0 
[反馈数据]
0=68
1=84
2=76
3=4933
4=500
5=500
6=8
7=0
8=0
9=0
10=143
11=1709
12=2044
[控制固参]
0=0
