[CCD原图]
CCD0=53 60 66 66 72 73 79 75 78 75 77 74 77 74 76 74 76 74 77 75 78 76 75 75 78 76 79 76 78 77 78 76 79 77 79 78 80 76 80 79 80 78 80 79 81 78 81 80 81 80 83 80 81 80 82 80 83 81 83 82 84 80 85 81 83 82 83 81 83 81 83 82 84 81 83 82 84 81 83 81 83 81 82 80 82 79 81 81 81 80 81 78 81 78 80 79 80 77 80 78 80 78 80 78 79 78 79 78 79 77 79 76 79 76 78 76 79 77 79 76 79 77 78 76 78 77 80 78 
CCD1=0 0 0 0 0 0 0 0 0 0 0 0 0 0 0 0 0 0 0 0 0 0 0 0 0 0 0 0 0 0 0 0 0 0 0 0 0 0 0 0 0 0 0 0 0 0 0 0 0 0 0 0 0 0 0 0 0 0 0 0 0 0 0 0 0 0 0 0 0 0 0 0 0 0 0 0 0 0 0 0 0 0 0 0 0 0 0 0 0 0 0 0 0 0 0 0 0 0 0 0 0 0 0 0 0 0 0 0 0 0 0 0 0 0 0 0 0 0 0 0 0 0 0 0 0 0 0 0 
[CCD拟图]
CCDLRC0=6 122 64 
CCDLRC1=6 122 64 
CCDLRC2=0 0 0 
[反馈数据]
0=68
1=84
2=76
3=4933
4=500
5=500
6=8
7=0
8=0
9=0
10=170
11=1736
12=2071
[控制固参]
0=0
