[CCD原图]
CCD0=53 60 65 65 72 72 77 74 77 74 76 74 76 73 76 74 76 74 76 74 77 75 74 74 78 75 78 76 78 76 78 76 78 76 78 76 80 76 79 78 79 77 80 78 80 78 80 78 80 79 81 80 80 79 81 79 81 78 81 81 83 79 83 79 82 80 82 80 82 80 82 81 83 80 82 80 82 79 82 81 82 79 82 79 82 79 81 80 80 79 80 78 80 78 80 80 81 78 80 78 80 77 79 76 78 77 78 78 79 77 79 76 78 75 78 75 78 76 78 76 78 76 77 75 78 77 80 78 
CCD1=0 0 0 0 0 0 0 0 0 0 0 0 0 0 0 0 0 0 0 0 0 0 0 0 0 0 0 0 0 0 0 0 0 0 0 0 0 0 0 0 0 0 0 0 0 0 0 0 0 0 0 0 0 0 0 0 0 0 0 0 0 0 0 0 0 0 0 0 0 0 0 0 0 0 0 0 0 0 0 0 0 0 0 0 0 0 0 0 0 0 0 0 0 0 0 0 0 0 0 0 0 0 0 0 0 0 0 0 0 0 0 0 0 0 0 0 0 0 0 0 0 0 0 0 0 0 0 0 
[CCD拟图]
CCDLRC0=6 122 64 
CCDLRC1=6 122 64 
CCDLRC2=0 0 0 
[反馈数据]
0=68
1=84
2=76
3=4933
4=500
5=500
6=8
7=0
8=0
9=0
10=179
11=1745
12=2080
[控制固参]
0=0
