[CCD原图]
CCD0=52 60 65 64 72 73 77 75 77 73 76 74 75 73 76 74 75 73 76 74 77 74 73 74 77 75 77 75 78 76 77 76 77 75 78 76 79 76 79 78 79 76 79 78 79 77 80 78 80 79 81 79 80 79 82 78 81 80 81 80 82 78 82 79 82 79 81 80 81 79 81 81 83 79 82 80 82 80 82 79 82 79 81 79 81 80 81 80 80 79 80 78 80 78 80 78 80 76 79 78 79 76 78 77 78 77 78 77 78 76 78 76 78 75 78 75 78 76 78 75 78 76 78 76 77 77 80 78 
CCD1=0 0 0 0 0 0 0 0 0 0 0 0 0 0 0 0 0 0 0 0 0 0 0 0 0 0 0 0 0 0 0 0 0 0 0 0 0 0 0 0 0 0 0 0 0 0 0 0 0 0 0 0 0 0 0 0 0 0 0 0 0 0 0 0 0 0 0 0 0 0 0 0 0 0 0 0 0 0 0 0 0 0 0 0 0 0 0 0 0 0 0 0 0 0 0 0 0 0 0 0 0 0 0 0 0 0 0 0 0 0 0 0 0 0 0 0 0 0 0 0 0 0 0 0 0 0 0 0 
[CCD拟图]
CCDLRC0=6 122 64 
CCDLRC1=6 122 64 
CCDLRC2=0 0 0 
[反馈数据]
0=68
1=84
2=76
3=4933
4=500
5=500
6=8
7=0
8=0
9=0
10=184
11=1750
12=2085
[控制固参]
0=0
