[CCD原图]
CCD0=60 69 79 85 103 113 124 120 124 119 120 117 119 116 118 120 120 119 124 122 128 126 120 132 143 144 151 152 157 156 155 149 146 141 140 137 139 132 135 134 133 130 134 131 136 132 134 135 137 135 136 135 133 133 137 133 138 137 138 139 142 132 145 138 142 140 140 140 141 138 140 140 142 136 141 139 142 142 145 146 149 146 152 151 154 152 152 153 148 145 142 138 139 135 137 136 137 132 135 132 131 127 130 127 127 128 128 128 126 125 126 126 130 127 137 137 145 144 144 137 136 132 132 127 123 128 132 131 
CCD1=0 0 0 0 0 0 0 0 0 0 0 0 0 0 0 0 0 0 0 0 0 0 0 0 0 0 0 0 0 0 0 0 0 0 0 0 0 0 0 0 0 0 0 0 0 0 0 0 0 0 0 0 0 0 0 0 0 0 0 0 0 0 0 0 0 0 0 0 0 0 0 0 0 0 0 0 0 0 0 0 0 0 0 0 0 0 0 0 0 0 0 0 0 0 0 0 0 0 0 0 0 0 0 0 0 0 0 0 0 0 0 0 0 0 0 0 0 0 0 0 0 0 0 0 0 0 0 0 
[CCD拟图]
CCDLRC0=6 122 64 
CCDLRC1=6 122 64 
CCDLRC2=0 0 0 
[反馈数据]
0=68
1=84
2=76
3=4933
4=500
5=500
6=8
7=0
8=0
9=0
10=87
11=1909
12=2244
[控制固参]
0=0
