[CCD原图]
CCD0=56 62 68 68 76 78 83 80 80 76 84 117 133 127 127 125 122 121 124 121 124 121 112 120 125 124 126 124 126 125 126 125 127 127 130 129 133 129 135 134 133 131 135 133 137 133 137 139 143 146 152 156 159 164 171 163 164 156 152 148 148 137 150 141 145 144 143 143 144 141 143 141 143 135 137 126 113 87 82 79 80 78 83 83 85 83 84 83 84 83 84 83 88 88 91 92 97 97 103 105 109 109 114 115 118 121 124 126 124 126 126 127 129 123 128 124 128 127 128 126 126 127 130 127 125 129 133 133 
CCD1=0 0 0 0 0 0 0 0 0 0 0 0 0 0 0 0 0 0 0 0 0 0 0 0 0 0 0 0 0 0 0 0 0 0 0 0 0 0 0 0 0 0 0 0 0 0 0 0 0 0 0 0 0 0 0 0 0 0 0 0 0 0 0 0 0 0 0 0 0 0 0 0 0 0 0 0 0 0 0 0 0 0 0 0 0 0 0 0 0 0 0 0 0 0 0 0 0 0 0 0 0 0 0 0 0 0 0 0 0 0 0 0 0 0 0 0 0 0 0 0 0 0 0 0 0 0 0 0 
[CCD拟图]
CCDLRC0=9 76 42 
CCDLRC1=9 76 42 
CCDLRC2=0 0 0 
[反馈数据]
0=68
1=84
2=76
3=4933
4=500
5=500
6=8
7=0
8=0
9=0
10=102
11=1924
12=2259
[控制固参]
0=0
