[CCD原图]
CCD0=53 61 66 67 73 74 79 76 80 76 78 76 79 75 78 77 78 77 80 78 80 79 78 78 82 80 82 80 82 81 82 82 82 78 78 76 79 77 93 116 138 145 147 139 139 133 135 134 137 135 137 136 134 134 137 132 137 136 137 138 141 132 145 139 143 141 140 140 142 139 143 142 145 139 145 144 149 150 156 162 170 166 171 164 159 150 146 146 143 140 137 135 137 133 136 135 136 131 134 132 133 128 130 127 126 120 106 88 82 80 82 82 84 82 85 82 85 82 84 82 84 83 84 82 82 83 86 84 
CCD1=0 0 0 0 0 0 0 0 0 0 0 0 0 0 0 0 0 0 0 0 0 0 0 0 0 0 0 0 0 0 0 0 0 0 0 0 0 0 0 0 0 0 0 0 0 0 0 0 0 0 0 0 0 0 0 0 0 0 0 0 0 0 0 0 0 0 0 0 0 0 0 0 0 0 0 0 0 0 0 0 0 0 0 0 0 0 0 0 0 0 0 0 0 0 0 0 0 0 0 0 0 0 0 0 0 0 0 0 0 0 0 0 0 0 0 0 0 0 0 0 0 0 0 0 0 0 0 0 
[CCD拟图]
CCDLRC0=35 104 69 
CCDLRC1=35 104 69 
CCDLRC2=0 0 0 
[反馈数据]
0=68
1=84
2=76
3=4933
4=500
5=500
6=8
7=0
8=0
9=0
10=121
11=1943
12=2278
[控制固参]
0=0
