[CCD原图]
CCD0=53 60 66 66 73 74 78 76 78 75 78 75 78 75 77 75 78 76 79 76 80 77 76 77 81 78 81 80 82 81 81 81 83 82 84 82 85 81 83 79 79 77 80 78 101 126 135 135 136 135 137 136 134 134 138 134 138 136 139 139 138 131 144 137 141 140 139 141 142 139 142 141 143 137 142 139 143 143 147 149 156 157 167 168 171 167 163 162 153 147 142 138 139 134 137 136 137 132 135 133 133 129 132 129 129 130 130 130 128 125 125 124 119 89 82 78 81 83 86 83 85 84 86 83 84 85 87 86 
CCD1=0 0 0 0 0 0 0 0 0 0 0 0 0 0 0 0 0 0 0 0 0 0 0 0 0 0 0 0 0 0 0 0 0 0 0 0 0 0 0 0 0 0 0 0 0 0 0 0 0 0 0 0 0 0 0 0 0 0 0 0 0 0 0 0 0 0 0 0 0 0 0 0 0 0 0 0 0 0 0 0 0 0 0 0 0 0 0 0 0 0 0 0 0 0 0 0 0 0 0 0 0 0 0 0 0 0 0 0 0 0 0 0 0 0 0 0 0 0 0 0 0 0 0 0 0 0 0 0 
[CCD拟图]
CCDLRC0=43 113 78 
CCDLRC1=43 113 78 
CCDLRC2=0 0 0 
[反馈数据]
0=68
1=84
2=76
3=4933
4=500
5=500
6=8
7=0
8=0
9=0
10=146
11=1968
12=2303
[控制固参]
0=0
