[CCD原图]
CCD0=54 61 66 66 73 74 78 76 79 75 77 75 78 75 77 75 78 77 79 77 79 77 77 77 81 79 81 80 82 80 81 80 82 81 83 81 84 85 89 78 79 76 78 85 116 127 134 135 137 135 137 136 135 134 138 132 138 137 139 139 140 132 144 137 141 140 140 140 142 140 142 141 143 137 143 139 143 144 148 150 159 161 170 169 171 164 159 155 145 142 139 136 137 135 136 136 136 132 134 133 134 129 131 129 128 129 130 130 127 125 125 122 113 84 81 79 82 83 86 83 85 84 85 84 85 84 88 87 
CCD1=0 0 0 0 0 0 0 0 0 0 0 0 0 0 0 0 0 0 0 0 0 0 0 0 0 0 0 0 0 0 0 0 0 0 0 0 0 0 0 0 0 0 0 0 0 0 0 0 0 0 0 0 0 0 0 0 0 0 0 0 0 0 0 0 0 0 0 0 0 0 0 0 0 0 0 0 0 0 0 0 0 0 0 0 0 0 0 0 0 0 0 0 0 0 0 0 0 0 0 0 0 0 0 0 0 0 0 0 0 0 0 0 0 0 0 0 0 0 0 0 0 0 0 0 0 0 0 0 
[CCD拟图]
CCDLRC0=43 113 78 
CCDLRC1=43 113 78 
CCDLRC2=0 0 0 
[反馈数据]
0=68
1=84
2=76
3=4933
4=500
5=500
6=8
7=0
8=0
9=0
10=162
11=1984
12=2319
[控制固参]
0=0
