[CCD原图]
CCD0=54 61 66 66 73 74 78 75 78 75 78 75 77 75 77 75 77 75 79 77 80 77 76 78 81 78 81 80 82 80 81 80 83 81 84 82 84 80 80 76 78 76 81 101 126 129 133 134 137 136 138 137 135 135 139 134 139 137 139 138 141 133 145 138 142 141 140 141 142 140 141 139 143 137 142 140 143 144 148 153 162 162 168 163 161 154 149 148 143 139 138 135 136 134 137 137 137 132 135 133 133 129 131 128 128 129 130 129 127 124 123 104 83 78 80 81 85 84 85 84 85 84 85 83 84 85 87 85 
CCD1=0 0 0 0 0 0 0 0 0 0 0 0 0 0 0 0 0 0 0 0 0 0 0 0 0 0 0 0 0 0 0 0 0 0 0 0 0 0 0 0 0 0 0 0 0 0 0 0 0 0 0 0 0 0 0 0 0 0 0 0 0 0 0 0 0 0 0 0 0 0 0 0 0 0 0 0 0 0 0 0 0 0 0 0 0 0 0 0 0 0 0 0 0 0 0 0 0 0 0 0 0 0 0 0 0 0 0 0 0 0 0 0 0 0 0 0 0 0 0 0 0 0 0 0 0 0 0 0 
[CCD拟图]
CCDLRC0=42 112 77 
CCDLRC1=42 112 77 
CCDLRC2=0 0 0 
[反馈数据]
0=68
1=84
2=76
3=4933
4=500
5=500
6=8
7=0
8=0
9=0
10=184
11=2006
12=2341
[控制固参]
0=0
