[CCD原图]
CCD0=53 60 65 63 71 70 75 73 75 72 74 72 74 71 73 69 71 71 91 102 107 104 99 103 109 107 109 107 111 109 109 109 110 110 112 110 114 110 114 114 114 112 116 114 119 116 118 118 121 119 121 120 119 117 121 116 120 117 119 116 119 111 121 115 118 115 116 116 117 112 114 113 116 111 115 112 115 113 115 114 116 112 116 114 114 101 80 73 73 72 75 73 75 73 75 72 75 71 73 72 73 70 72 70 71 70 72 70 72 70 71 69 72 69 72 69 72 70 71 69 71 70 72 69 71 69 72 70 
CCD1=0 0 0 0 0 0 0 0 0 0 0 0 0 0 0 0 0 0 0 0 0 0 0 0 0 0 0 0 0 0 0 0 0 0 0 0 0 0 0 0 0 0 0 0 0 0 0 0 0 0 0 0 0 0 0 0 0 0 0 0 0 0 0 0 0 0 0 0 0 0 0 0 0 0 0 0 0 0 0 0 0 0 0 0 0 0 0 0 0 0 0 0 0 0 0 0 0 0 0 0 0 0 0 0 0 0 0 0 0 0 0 0 0 0 0 0 0 0 0 0 0 0 0 0 0 0 0 0 
[CCD拟图]
CCDLRC0=17 87 52 
CCDLRC1=17 87 52 
CCDLRC2=0 0 0 
[反馈数据]
0=68
1=84
2=76
3=4933
4=500
5=500
6=8
7=0
8=0
9=0
10=180
11=210
12=545
[控制固参]
0=0
