[CCD原图]
CCD0=54 60 67 66 73 73 78 76 78 75 77 74 78 75 77 75 77 76 78 77 80 78 77 76 80 78 81 79 81 80 81 80 82 80 82 80 81 76 79 76 78 88 114 124 131 129 132 133 135 133 135 136 133 133 137 133 137 136 138 137 139 130 142 135 140 139 140 140 141 138 140 140 143 138 143 142 147 147 151 153 157 151 153 146 144 141 139 142 139 138 137 133 136 132 135 133 136 131 134 132 132 128 130 127 126 126 128 127 106 83 82 79 83 82 85 82 84 84 85 84 86 84 86 84 85 83 85 85 
CCD1=0 0 0 0 0 0 0 0 0 0 0 0 0 0 0 0 0 0 0 0 0 0 0 0 0 0 0 0 0 0 0 0 0 0 0 0 0 0 0 0 0 0 0 0 0 0 0 0 0 0 0 0 0 0 0 0 0 0 0 0 0 0 0 0 0 0 0 0 0 0 0 0 0 0 0 0 0 0 0 0 0 0 0 0 0 0 0 0 0 0 0 0 0 0 0 0 0 0 0 0 0 0 0 0 0 0 0 0 0 0 0 0 0 0 0 0 0 0 0 0 0 0 0 0 0 0 0 0 
[CCD拟图]
CCDLRC0=40 109 74 
CCDLRC1=40 109 74 
CCDLRC2=0 0 0 
[反馈数据]
0=68
1=84
2=76
3=4933
4=500
5=500
6=8
7=0
8=0
9=0
10=244
11=2066
12=2401
[控制固参]
0=0
