[CCD原图]
CCD0=53 61 66 66 72 73 78 75 77 75 77 74 77 74 76 74 77 76 78 77 79 77 76 76 80 78 80 78 81 79 81 80 81 80 82 81 84 80 82 79 81 78 81 105 130 128 132 133 136 135 136 137 134 134 138 133 137 136 139 138 140 131 143 136 140 138 138 140 141 138 141 140 143 138 144 142 147 146 149 150 153 148 151 147 146 142 141 142 139 138 137 134 135 132 135 134 134 131 134 132 132 128 129 127 127 128 128 129 126 122 104 82 80 76 78 77 81 82 84 83 85 84 86 84 85 86 88 87 
CCD1=0 0 0 0 0 0 0 0 0 0 0 0 0 0 0 0 0 0 0 0 0 0 0 0 0 0 0 0 0 0 0 0 0 0 0 0 0 0 0 0 0 0 0 0 0 0 0 0 0 0 0 0 0 0 0 0 0 0 0 0 0 0 0 0 0 0 0 0 0 0 0 0 0 0 0 0 0 0 0 0 0 0 0 0 0 0 0 0 0 0 0 0 0 0 0 0 0 0 0 0 0 0 0 0 0 0 0 0 0 0 0 0 0 0 0 0 0 0 0 0 0 0 0 0 0 0 0 0 
[CCD拟图]
CCDLRC0=42 111 76 
CCDLRC1=42 111 76 
CCDLRC2=0 0 0 
[反馈数据]
0=68
1=84
2=76
3=4933
4=500
5=500
6=8
7=0
8=0
9=0
10=3
11=2081
12=2416
[控制固参]
0=0
