[CCD原图]
CCD0=53 60 65 65 71 72 76 73 76 73 76 74 76 74 77 76 78 76 79 78 80 78 77 77 81 80 82 80 82 80 81 81 82 81 82 80 83 79 83 81 82 80 82 80 80 75 76 74 76 78 96 117 126 130 136 133 138 137 140 140 142 133 146 138 143 141 141 142 143 140 145 145 149 144 150 147 149 147 148 147 148 141 144 141 142 139 140 141 139 138 136 134 136 133 136 136 137 132 135 134 135 130 134 131 130 132 132 133 129 128 129 128 130 124 128 124 127 126 127 123 121 102 83 76 76 75 76 74 
CCD1=0 0 0 0 0 0 0 0 0 0 0 0 0 0 0 0 0 0 0 0 0 0 0 0 0 0 0 0 0 0 0 0 0 0 0 0 0 0 0 0 0 0 0 0 0 0 0 0 0 0 0 0 0 0 0 0 0 0 0 0 0 0 0 0 0 0 0 0 0 0 0 0 0 0 0 0 0 0 0 0 0 0 0 0 0 0 0 0 0 0 0 0 0 0 0 0 0 0 0 0 0 0 0 0 0 0 0 0 0 0 0 0 0 0 0 0 0 0 0 0 0 0 0 0 0 0 0 0 
[CCD拟图]
CCDLRC0=48 121 84 
CCDLRC1=48 121 84 
CCDLRC2=0 0 0 
[反馈数据]
0=68
1=84
2=76
3=4933
4=500
5=500
6=8
7=0
8=0
9=0
10=23
11=2101
12=2436
[控制固参]
0=0
