[CCD原图]
CCD0=53 60 65 66 70 71 76 74 77 74 77 75 77 75 78 76 78 76 79 77 80 78 77 76 81 79 81 79 81 79 80 79 80 79 81 79 83 79 82 80 82 80 81 80 82 79 79 76 77 75 77 80 99 117 132 132 138 138 140 141 143 132 147 140 145 144 143 145 146 145 151 150 154 146 151 147 150 148 148 147 148 142 145 141 142 138 139 141 139 138 136 134 136 133 136 135 136 133 136 134 134 129 132 130 131 131 132 133 130 129 130 128 129 125 129 125 129 128 130 127 128 127 131 129 127 131 134 129 
CCD1=0 0 0 0 0 0 0 0 0 0 0 0 0 0 0 0 0 0 0 0 0 0 0 0 0 0 0 0 0 0 0 0 0 0 0 0 0 0 0 0 0 0 0 0 0 0 0 0 0 0 0 0 0 0 0 0 0 0 0 0 0 0 0 0 0 0 0 0 0 0 0 0 0 0 0 0 0 0 0 0 0 0 0 0 0 0 0 0 0 0 0 0 0 0 0 0 0 0 0 0 0 0 0 0 0 0 0 0 0 0 0 0 0 0 0 0 0 0 0 0 0 0 0 0 0 0 0 0 
[CCD拟图]
CCDLRC0=51 122 87 
CCDLRC1=51 122 87 
CCDLRC2=0 0 0 
[反馈数据]
0=68
1=84
2=76
3=4933
4=500
5=500
6=8
7=0
8=0
9=0
10=30
11=2108
12=2443
[控制固参]
0=0
