[CCD原图]
CCD0=54 61 66 67 74 76 82 81 85 83 85 81 84 80 82 80 81 79 81 79 80 78 76 76 79 78 79 78 80 78 79 78 80 78 81 79 82 79 82 81 82 80 83 80 84 83 85 84 86 84 86 84 85 83 86 84 86 85 87 86 90 85 92 88 92 89 89 85 85 82 85 88 100 109 127 130 136 135 135 134 136 131 135 132 135 132 133 134 133 132 130 129 130 127 130 129 131 127 129 128 127 124 126 123 124 125 125 126 124 122 123 121 124 119 123 118 122 120 122 119 121 119 122 121 119 125 129 129 
CCD1=0 0 0 0 0 0 0 0 0 0 0 0 0 0 0 0 0 0 0 0 0 0 0 0 0 0 0 0 0 0 0 0 0 0 0 0 0 0 0 0 0 0 0 0 0 0 0 0 0 0 0 0 0 0 0 0 0 0 0 0 0 0 0 0 0 0 0 0 0 0 0 0 0 0 0 0 0 0 0 0 0 0 0 0 0 0 0 0 0 0 0 0 0 0 0 0 0 0 0 0 0 0 0 0 0 0 0 0 0 0 0 0 0 0 0 0 0 0 0 0 0 0 0 0 0 0 0 0 
[CCD拟图]
CCDLRC0=6 122 72 
CCDLRC1=6 122 72 
CCDLRC2=0 0 0 
[反馈数据]
0=68
1=84
2=76
3=4933
4=500
5=500
6=8
7=0
8=0
9=0
10=83
11=2161
12=2496
[控制固参]
0=0
