[CCD原图]
CCD0=54 62 68 69 78 82 87 82 84 79 81 77 79 75 77 75 76 75 78 75 78 75 75 75 79 78 79 77 80 78 79 79 81 79 81 80 82 80 82 81 83 81 83 82 85 82 84 83 85 83 85 83 84 82 85 83 87 85 88 87 89 84 88 84 87 86 87 85 86 83 85 82 84 80 78 75 77 74 77 81 92 100 114 121 128 127 129 132 130 130 130 128 130 128 130 129 131 127 130 128 127 124 125 123 122 122 124 125 123 122 122 121 123 117 123 118 122 120 122 119 121 120 123 119 118 123 127 125 
CCD1=0 0 0 0 0 0 0 0 0 0 0 0 0 0 0 0 0 0 0 0 0 0 0 0 0 0 0 0 0 0 0 0 0 0 0 0 0 0 0 0 0 0 0 0 0 0 0 0 0 0 0 0 0 0 0 0 0 0 0 0 0 0 0 0 0 0 0 0 0 0 0 0 0 0 0 0 0 0 0 0 0 0 0 0 0 0 0 0 0 0 0 0 0 0 0 0 0 0 0 0 0 0 0 0 0 0 0 0 0 0 0 0 0 0 0 0 0 0 0 0 0 0 0 0 0 0 0 0 
[CCD拟图]
CCDLRC0=6 122 72 
CCDLRC1=6 122 72 
CCDLRC2=0 0 0 
[反馈数据]
0=68
1=84
2=76
3=4933
4=500
5=500
6=8
7=0
8=0
9=0
10=90
11=2168
12=2503
[控制固参]
0=0
