[CCD原图]
CCD0=54 61 68 70 79 82 88 83 84 79 80 76 78 75 77 74 76 74 77 75 78 75 75 74 76 73 75 73 78 76 78 77 79 78 80 79 82 79 81 80 82 80 82 80 81 78 79 78 80 78 80 78 79 78 81 79 83 82 85 85 86 81 85 80 82 78 80 78 79 77 80 77 80 77 79 76 79 77 79 78 80 77 79 78 80 78 79 78 79 77 78 76 78 75 76 74 75 72 76 77 83 88 103 112 116 120 122 124 122 120 121 120 121 116 121 117 120 117 119 115 117 115 116 115 114 120 125 124 
CCD1=0 0 0 0 0 0 0 0 0 0 0 0 0 0 0 0 0 0 0 0 0 0 0 0 0 0 0 0 0 0 0 0 0 0 0 0 0 0 0 0 0 0 0 0 0 0 0 0 0 0 0 0 0 0 0 0 0 0 0 0 0 0 0 0 0 0 0 0 0 0 0 0 0 0 0 0 0 0 0 0 0 0 0 0 0 0 0 0 0 0 0 0 0 0 0 0 0 0 0 0 0 0 0 0 0 0 0 0 0 0 0 0 0 0 0 0 0 0 0 0 0 0 0 0 0 0 0 0 
[CCD拟图]
CCDLRC0=6 122 72 
CCDLRC1=6 122 72 
CCDLRC2=0 0 0 
[反馈数据]
0=68
1=84
2=76
3=4933
4=500
5=500
6=8
7=0
8=0
9=0
10=100
11=2178
12=2513
[控制固参]
0=0
