[CCD原图]
CCD0=53 62 68 69 78 80 84 79 81 76 78 75 77 73 75 74 75 73 76 74 77 74 74 74 78 75 78 76 78 76 78 77 78 77 79 76 78 73 76 74 75 72 75 72 75 72 75 73 74 73 75 72 74 72 74 72 75 73 75 74 76 73 76 73 76 74 76 75 76 74 77 76 77 74 77 74 76 75 77 75 76 72 75 74 77 74 76 76 77 75 76 74 76 74 76 74 76 74 76 74 75 73 75 73 75 73 76 74 76 74 76 73 76 73 75 73 75 73 74 71 73 71 74 75 82 93 106 109 
CCD1=0 0 0 0 0 0 0 0 0 0 0 0 0 0 0 0 0 0 0 0 0 0 0 0 0 0 0 0 0 0 0 0 0 0 0 0 0 0 0 0 0 0 0 0 0 0 0 0 0 0 0 0 0 0 0 0 0 0 0 0 0 0 0 0 0 0 0 0 0 0 0 0 0 0 0 0 0 0 0 0 0 0 0 0 0 0 0 0 0 0 0 0 0 0 0 0 0 0 0 0 0 0 0 0 0 0 0 0 0 0 0 0 0 0 0 0 0 0 0 0 0 0 0 0 0 0 0 0 
[CCD拟图]
CCDLRC0=6 122 72 
CCDLRC1=6 122 72 
CCDLRC2=0 0 0 
[反馈数据]
0=68
1=84
2=76
3=4933
4=500
5=500
6=8
7=0
8=0
9=0
10=111
11=2189
12=2524
[控制固参]
0=0
