[CCD原图]
CCD0=53 60 65 64 69 69 74 72 74 71 72 67 69 68 89 104 106 105 109 106 108 106 99 103 109 107 109 108 110 108 109 108 110 109 112 111 115 111 115 115 116 114 118 116 119 115 118 119 121 119 120 118 117 115 118 114 118 117 118 119 121 112 121 115 119 118 118 118 120 116 121 119 120 116 120 119 120 118 119 118 121 114 110 84 76 73 74 74 76 74 75 73 75 72 75 72 74 71 73 72 74 70 72 70 72 70 71 69 71 69 71 68 71 68 71 69 71 69 71 68 70 68 70 67 70 68 71 69 
CCD1=0 0 0 0 0 0 0 0 0 0 0 0 0 0 0 0 0 0 0 0 0 0 0 0 0 0 0 0 0 0 0 0 0 0 0 0 0 0 0 0 0 0 0 0 0 0 0 0 0 0 0 0 0 0 0 0 0 0 0 0 0 0 0 0 0 0 0 0 0 0 0 0 0 0 0 0 0 0 0 0 0 0 0 0 0 0 0 0 0 0 0 0 0 0 0 0 0 0 0 0 0 0 0 0 0 0 0 0 0 0 0 0 0 0 0 0 0 0 0 0 0 0 0 0 0 0 0 0 
[CCD拟图]
CCDLRC0=14 84 49 
CCDLRC1=14 84 49 
CCDLRC2=0 0 0 
[反馈数据]
0=68
1=84
2=76
3=4933
4=500
5=500
6=8
7=0
8=0
9=0
10=196
11=226
12=561
[控制固参]
0=0
