[CCD原图]
CCD0=53 60 66 66 73 74 78 76 77 74 75 72 74 72 74 72 74 73 74 73 75 72 73 72 75 74 77 75 77 73 74 73 74 70 71 70 72 69 72 69 69 67 69 67 69 66 69 67 69 67 70 68 70 68 70 68 70 69 71 69 71 69 71 69 71 70 72 70 72 70 73 71 74 71 73 71 73 72 73 71 74 72 74 72 73 71 73 72 74 73 75 72 74 71 73 72 74 71 74 72 74 71 74 71 73 72 73 72 73 72 73 71 73 71 73 71 73 72 73 71 73 71 73 71 73 73 75 73 
CCD1=0 0 0 0 0 0 0 0 0 0 0 0 0 0 0 0 0 0 0 0 0 0 0 0 0 0 0 0 0 0 0 0 0 0 0 0 0 0 0 0 0 0 0 0 0 0 0 0 0 0 0 0 0 0 0 0 0 0 0 0 0 0 0 0 0 0 0 0 0 0 0 0 0 0 0 0 0 0 0 0 0 0 0 0 0 0 0 0 0 0 0 0 0 0 0 0 0 0 0 0 0 0 0 0 0 0 0 0 0 0 0 0 0 0 0 0 0 0 0 0 0 0 0 0 0 0 0 0 
[CCD拟图]
CCDLRC0=6 122 72 
CCDLRC1=6 122 72 
CCDLRC2=0 0 0 
[反馈数据]
0=68
1=84
2=76
3=4933
4=500
5=500
6=8
7=0
8=0
9=0
10=119
11=2197
12=2532
[控制固参]
0=0
