[CCD原图]
CCD0=53 60 65 65 71 72 77 74 76 72 75 72 74 71 73 71 73 71 74 72 75 72 73 72 76 72 71 67 69 66 68 65 67 64 66 64 66 64 67 65 66 64 66 64 67 64 66 65 67 65 68 65 67 65 68 66 69 68 70 68 71 68 71 68 70 68 70 68 71 68 71 68 70 68 72 69 71 69 71 70 71 69 71 68 72 69 72 70 73 71 72 70 73 70 73 71 74 71 73 71 73 70 72 70 72 71 72 70 72 70 72 69 73 70 72 70 72 72 76 71 72 70 72 70 72 72 73 72 
CCD1=0 0 0 0 0 0 0 0 0 0 0 0 0 0 0 0 0 0 0 0 0 0 0 0 0 0 0 0 0 0 0 0 0 0 0 0 0 0 0 0 0 0 0 0 0 0 0 0 0 0 0 0 0 0 0 0 0 0 0 0 0 0 0 0 0 0 0 0 0 0 0 0 0 0 0 0 0 0 0 0 0 0 0 0 0 0 0 0 0 0 0 0 0 0 0 0 0 0 0 0 0 0 0 0 0 0 0 0 0 0 0 0 0 0 0 0 0 0 0 0 0 0 0 0 0 0 0 0 
[CCD拟图]
CCDLRC0=6 122 72 
CCDLRC1=6 122 72 
CCDLRC2=0 0 0 
[反馈数据]
0=68
1=84
2=76
3=4933
4=500
5=500
6=8
7=0
8=0
9=0
10=127
11=2205
12=2540
[控制固参]
0=0
