[CCD原图]
CCD0=54 62 68 64 70 71 75 72 74 71 74 71 73 69 72 69 71 70 72 70 73 71 72 75 81 81 84 83 86 82 83 82 84 81 80 69 69 67 70 71 82 95 104 103 103 99 100 100 100 83 77 75 76 75 77 76 84 91 107 110 103 93 99 97 112 117 102 95 82 70 72 71 75 73 77 75 75 71 71 69 72 69 72 69 71 68 70 69 71 70 71 69 72 68 71 69 72 69 72 70 72 69 71 70 71 69 71 69 71 69 71 69 72 70 72 70 72 70 72 70 72 70 72 70 72 71 73 69 
CCD1=0 0 0 0 0 0 0 0 0 0 0 0 0 0 0 0 0 0 0 0 0 0 0 0 0 0 0 0 0 0 0 0 0 0 0 0 0 0 0 0 0 0 0 0 0 0 0 0 0 0 0 0 0 0 0 0 0 0 0 0 0 0 0 0 0 0 0 0 0 0 0 0 0 0 0 0 0 0 0 0 0 0 0 0 0 0 0 0 0 0 0 0 0 0 0 0 0 0 0 0 0 0 0 0 0 0 0 0 0 0 0 0 0 0 0 0 0 0 0 0 0 0 0 0 0 0 0 0 
[CCD拟图]
CCDLRC0=39 69 54 
CCDLRC1=39 69 54 
CCDLRC2=0 0 0 
[反馈数据]
0=68
1=84
2=76
3=4933
4=500
5=500
6=8
7=0
8=0
9=0
10=162
11=2240
12=2575
[控制固参]
0=0
