[CCD原图]
CCD0=53 60 65 65 69 66 68 66 76 94 107 104 105 102 104 103 103 103 106 104 107 105 99 104 109 107 109 107 110 108 109 109 110 110 113 111 114 110 115 114 115 113 116 114 118 115 117 116 118 116 118 116 115 113 117 113 118 115 117 117 118 110 121 115 119 117 117 118 118 116 118 117 120 114 118 116 117 116 117 116 114 90 76 72 73 72 75 74 75 74 75 72 74 71 74 73 73 71 73 71 72 70 72 69 71 69 71 69 71 69 70 68 70 68 70 68 70 68 71 68 70 67 69 68 70 68 71 68 
CCD1=0 0 0 0 0 0 0 0 0 0 0 0 0 0 0 0 0 0 0 0 0 0 0 0 0 0 0 0 0 0 0 0 0 0 0 0 0 0 0 0 0 0 0 0 0 0 0 0 0 0 0 0 0 0 0 0 0 0 0 0 0 0 0 0 0 0 0 0 0 0 0 0 0 0 0 0 0 0 0 0 0 0 0 0 0 0 0 0 0 0 0 0 0 0 0 0 0 0 0 0 0 0 0 0 0 0 0 0 0 0 0 0 0 0 0 0 0 0 0 0 0 0 0 0 0 0 0 0 
[CCD拟图]
CCDLRC0=9 83 46 
CCDLRC1=9 83 46 
CCDLRC2=0 0 0 
[反馈数据]
0=68
1=84
2=76
3=4933
4=500
5=500
6=8
7=0
8=0
9=0
10=200
11=230
12=565
[控制固参]
0=0
