[CCD原图]
CCD0=55 63 70 68 71 72 75 72 74 71 73 71 72 69 71 69 71 69 72 70 72 70 71 72 78 77 81 80 84 82 82 81 82 81 81 72 69 67 69 70 79 91 103 103 104 98 100 99 100 84 78 74 75 74 76 75 81 88 103 109 103 92 99 95 106 116 104 95 85 70 71 70 74 72 76 75 75 71 71 69 73 69 72 68 71 68 71 69 71 70 71 69 72 69 72 70 72 69 72 70 72 69 71 69 71 68 71 68 71 69 71 70 72 69 72 70 72 71 72 71 72 71 72 70 72 71 72 69 
CCD1=0 0 0 0 0 0 0 0 0 0 0 0 0 0 0 0 0 0 0 0 0 0 0 0 0 0 0 0 0 0 0 0 0 0 0 0 0 0 0 0 0 0 0 0 0 0 0 0 0 0 0 0 0 0 0 0 0 0 0 0 0 0 0 0 0 0 0 0 0 0 0 0 0 0 0 0 0 0 0 0 0 0 0 0 0 0 0 0 0 0 0 0 0 0 0 0 0 0 0 0 0 0 0 0 0 0 0 0 0 0 0 0 0 0 0 0 0 0 0 0 0 0 0 0 0 0 0 0 
[CCD拟图]
CCDLRC0=39 69 54 
CCDLRC1=39 69 54 
CCDLRC2=0 0 0 
[反馈数据]
0=68
1=84
2=76
3=4933
4=500
5=500
6=8
7=0
8=0
9=0
10=175
11=2253
12=2588
[控制固参]
0=0
