[CCD原图]
CCD0=54 62 70 72 71 71 75 72 74 71 73 70 73 70 72 70 71 69 72 71 73 72 73 75 81 79 81 81 84 82 83 81 83 80 78 69 68 66 69 67 71 80 95 98 102 98 100 100 103 97 84 75 75 73 76 74 78 81 92 95 95 90 98 95 109 112 100 95 90 72 72 70 73 72 76 73 73 68 71 70 72 70 72 70 71 68 71 69 71 70 71 69 71 69 72 70 72 69 72 70 72 69 72 69 71 69 71 69 71 69 71 69 72 70 72 70 72 71 73 70 72 70 72 70 72 69 71 68 
CCD1=0 0 0 0 0 0 0 0 0 0 0 0 0 0 0 0 0 0 0 0 0 0 0 0 0 0 0 0 0 0 0 0 0 0 0 0 0 0 0 0 0 0 0 0 0 0 0 0 0 0 0 0 0 0 0 0 0 0 0 0 0 0 0 0 0 0 0 0 0 0 0 0 0 0 0 0 0 0 0 0 0 0 0 0 0 0 0 0 0 0 0 0 0 0 0 0 0 0 0 0 0 0 0 0 0 0 0 0 0 0 0 0 0 0 0 0 0 0 0 0 0 0 0 0 0 0 0 0 
[CCD拟图]
CCDLRC0=40 69 54 
CCDLRC1=40 69 54 
CCDLRC2=0 0 0 
[反馈数据]
0=68
1=84
2=76
3=4933
4=500
5=500
6=8
7=0
8=0
9=0
10=185
11=2263
12=2598
[控制固参]
0=0
