[CCD原图]
CCD0=52 58 63 61 65 65 68 66 69 67 69 67 70 67 69 66 68 66 69 67 70 68 69 68 72 70 72 70 73 71 73 72 73 71 72 70 72 69 71 71 76 75 78 76 79 78 81 80 81 79 79 74 76 73 77 82 104 119 128 131 135 128 140 133 137 134 135 137 138 136 138 137 140 134 140 138 142 141 144 145 150 145 149 144 143 138 138 141 138 136 133 130 132 129 132 131 132 127 129 129 129 125 128 125 126 127 127 127 126 125 126 126 128 123 127 124 127 126 127 124 126 125 129 126 125 132 137 138 
CCD1=0 0 0 0 0 0 0 0 0 0 0 0 0 0 0 0 0 0 0 0 0 0 0 0 0 0 0 0 0 0 0 0 0 0 0 0 0 0 0 0 0 0 0 0 0 0 0 0 0 0 0 0 0 0 0 0 0 0 0 0 0 0 0 0 0 0 0 0 0 0 0 0 0 0 0 0 0 0 0 0 0 0 0 0 0 0 0 0 0 0 0 0 0 0 0 0 0 0 0 0 0 0 0 0 0 0 0 0 0 0 0 0 0 0 0 0 0 0 0 0 0 0 0 0 0 0 0 0 
[CCD拟图]
CCDLRC0=55 122 88 
CCDLRC1=55 122 88 
CCDLRC2=0 0 0 
[反馈数据]
0=68
1=84
2=76
3=4933
4=500
5=500
6=8
7=0
8=0
9=0
10=3
11=2337
12=2672
[控制固参]
0=0
