[CCD原图]
CCD0=52 58 63 62 65 65 69 66 69 67 69 66 68 66 68 66 68 67 69 67 70 68 69 69 71 70 73 71 73 71 73 72 73 70 72 70 71 68 71 73 76 74 78 76 80 78 81 79 81 80 81 77 76 74 76 75 84 98 118 127 133 126 139 133 138 136 136 137 137 135 138 138 141 135 140 138 142 141 144 144 147 141 144 140 142 142 142 142 137 135 133 131 132 129 132 131 131 127 131 129 128 125 127 124 124 126 128 128 127 127 128 127 129 123 128 123 127 125 127 124 126 126 129 127 126 133 138 138 
CCD1=0 0 0 0 0 0 0 0 0 0 0 0 0 0 0 0 0 0 0 0 0 0 0 0 0 0 0 0 0 0 0 0 0 0 0 0 0 0 0 0 0 0 0 0 0 0 0 0 0 0 0 0 0 0 0 0 0 0 0 0 0 0 0 0 0 0 0 0 0 0 0 0 0 0 0 0 0 0 0 0 0 0 0 0 0 0 0 0 0 0 0 0 0 0 0 0 0 0 0 0 0 0 0 0 0 0 0 0 0 0 0 0 0 0 0 0 0 0 0 0 0 0 0 0 0 0 0 0 
[CCD拟图]
CCDLRC0=55 122 88 
CCDLRC1=55 122 88 
CCDLRC2=0 0 0 
[反馈数据]
0=68
1=84
2=76
3=4933
4=500
5=500
6=8
7=0
8=0
9=0
10=8
11=2342
12=2677
[控制固参]
0=0
