[CCD原图]
CCD0=52 58 62 61 66 66 69 66 69 66 68 66 68 65 68 66 69 67 69 68 71 68 69 69 72 70 72 70 72 71 71 71 73 72 75 74 77 75 79 78 80 78 80 78 81 78 80 79 81 80 82 80 81 80 83 80 82 80 81 80 86 93 119 127 137 136 136 137 138 137 141 141 146 142 147 143 145 141 141 138 141 135 139 135 137 134 135 139 137 137 136 134 136 133 135 136 137 132 136 135 135 132 135 132 132 134 133 134 130 130 130 130 130 126 131 127 131 130 132 129 132 131 135 132 130 137 142 140 
CCD1=0 0 0 0 0 0 0 0 0 0 0 0 0 0 0 0 0 0 0 0 0 0 0 0 0 0 0 0 0 0 0 0 0 0 0 0 0 0 0 0 0 0 0 0 0 0 0 0 0 0 0 0 0 0 0 0 0 0 0 0 0 0 0 0 0 0 0 0 0 0 0 0 0 0 0 0 0 0 0 0 0 0 0 0 0 0 0 0 0 0 0 0 0 0 0 0 0 0 0 0 0 0 0 0 0 0 0 0 0 0 0 0 0 0 0 0 0 0 0 0 0 0 0 0 0 0 0 0 
[CCD拟图]
CCDLRC0=59 122 90 
CCDLRC1=59 122 90 
CCDLRC2=0 0 0 
[反馈数据]
0=68
1=84
2=76
3=4933
4=500
5=500
6=8
7=0
8=0
9=0
10=22
11=2356
12=2691
[控制固参]
0=0
