[CCD原图]
CCD0=55 61 66 66 72 71 74 71 75 72 77 79 88 91 100 103 109 110 116 116 120 119 111 119 127 124 128 128 132 130 131 131 134 135 138 137 141 135 140 139 138 135 138 135 138 135 137 138 141 140 140 141 138 139 143 138 144 143 145 146 148 139 152 145 150 150 150 151 153 150 153 152 154 147 151 147 149 147 148 147 149 144 148 146 147 145 146 149 147 146 143 140 143 140 143 143 144 139 141 140 138 132 131 120 104 86 79 75 77 75 79 80 84 82 85 83 86 84 86 84 86 85 86 85 86 87 90 88 
CCD1=0 0 0 0 0 0 0 0 0 0 0 0 0 0 0 0 0 0 0 0 0 0 0 0 0 0 0 0 0 0 0 0 0 0 0 0 0 0 0 0 0 0 0 0 0 0 0 0 0 0 0 0 0 0 0 0 0 0 0 0 0 0 0 0 0 0 0 0 0 0 0 0 0 0 0 0 0 0 0 0 0 0 0 0 0 0 0 0 0 0 0 0 0 0 0 0 0 0 0 0 0 0 0 0 0 0 0 0 0 0 0 0 0 0 0 0 0 0 0 0 0 0 0 0 0 0 0 0 
[CCD拟图]
CCDLRC0=15 106 60 
CCDLRC1=15 106 60 
CCDLRC2=0 0 0 
[反馈数据]
0=68
1=84
2=76
3=4933
4=500
5=500
6=8
7=0
8=0
9=0
10=78
11=2412
12=2747
[控制固参]
0=0
