[CCD原图]
CCD0=59 69 79 86 105 117 128 125 126 120 122 118 120 115 118 116 117 117 122 119 122 120 112 118 125 122 125 123 127 125 126 125 127 127 130 128 133 128 133 134 136 134 138 136 143 140 144 144 144 138 138 138 135 133 137 132 137 136 137 137 139 130 143 135 141 138 136 136 132 124 118 104 99 97 93 84 85 84 87 85 89 87 90 89 90 89 90 90 90 87 88 86 88 85 87 86 87 84 87 85 86 84 86 85 85 85 86 85 86 84 86 84 86 83 85 82 85 83 84 82 83 82 84 81 82 82 85 83 
CCD1=0 0 0 0 0 0 0 0 0 0 0 0 0 0 0 0 0 0 0 0 0 0 0 0 0 0 0 0 0 0 0 0 0 0 0 0 0 0 0 0 0 0 0 0 0 0 0 0 0 0 0 0 0 0 0 0 0 0 0 0 0 0 0 0 0 0 0 0 0 0 0 0 0 0 0 0 0 0 0 0 0 0 0 0 0 0 0 0 0 0 0 0 0 0 0 0 0 0 0 0 0 0 0 0 0 0 0 0 0 0 0 0 0 0 0 0 0 0 0 0 0 0 0 0 0 0 0 0 
[CCD拟图]
CCDLRC0=6 75 27 
CCDLRC1=6 75 27 
CCDLRC2=0 0 0 
[反馈数据]
0=68
1=84
2=76
3=4933
4=500
5=500
6=8
7=0
8=0
9=0
10=153
11=2487
12=2822
[控制固参]
0=0
