[CCD原图]
CCD0=58 68 77 83 101 112 122 119 122 116 118 115 117 113 115 115 116 115 118 117 121 118 111 117 124 122 125 123 126 124 125 126 127 127 129 128 132 127 132 132 133 132 137 136 142 140 143 146 149 147 148 147 140 137 141 135 139 135 136 135 132 116 114 99 93 84 85 83 85 82 86 85 88 86 90 88 89 87 89 87 89 87 90 88 90 88 90 88 89 87 88 85 88 85 88 85 87 84 86 85 86 83 85 84 85 85 85 84 86 84 86 84 86 83 85 82 85 83 85 83 83 82 84 82 82 82 84 83 
CCD1=0 0 0 0 0 0 0 0 0 0 0 0 0 0 0 0 0 0 0 0 0 0 0 0 0 0 0 0 0 0 0 0 0 0 0 0 0 0 0 0 0 0 0 0 0 0 0 0 0 0 0 0 0 0 0 0 0 0 0 0 0 0 0 0 0 0 0 0 0 0 0 0 0 0 0 0 0 0 0 0 0 0 0 0 0 0 0 0 0 0 0 0 0 0 0 0 0 0 0 0 0 0 0 0 0 0 0 0 0 0 0 0 0 0 0 0 0 0 0 0 0 0 0 0 0 0 0 0 
[CCD拟图]
CCDLRC0=6 66 18 
CCDLRC1=6 66 18 
CCDLRC2=0 0 0 
[反馈数据]
0=68
1=84
2=76
3=4933
4=500
5=500
6=8
7=0
8=0
9=0
10=157
11=2491
12=2826
[控制固参]
0=0
