[CCD原图]
CCD0=58 67 77 83 100 112 122 119 123 116 118 115 117 113 115 114 115 115 120 116 121 118 110 118 124 122 125 124 126 124 125 125 127 127 129 128 132 126 133 131 131 131 136 135 141 139 144 145 150 148 149 149 143 140 141 135 141 136 137 135 133 116 114 97 91 84 84 83 85 83 86 87 89 87 90 88 90 88 89 86 88 87 90 88 90 88 90 89 90 88 89 86 88 85 87 85 87 85 87 85 86 83 86 83 85 84 86 84 85 83 86 84 85 83 85 82 85 84 85 82 84 81 83 82 82 82 85 84 
CCD1=0 0 0 0 0 0 0 0 0 0 0 0 0 0 0 0 0 0 0 0 0 0 0 0 0 0 0 0 0 0 0 0 0 0 0 0 0 0 0 0 0 0 0 0 0 0 0 0 0 0 0 0 0 0 0 0 0 0 0 0 0 0 0 0 0 0 0 0 0 0 0 0 0 0 0 0 0 0 0 0 0 0 0 0 0 0 0 0 0 0 0 0 0 0 0 0 0 0 0 0 0 0 0 0 0 0 0 0 0 0 0 0 0 0 0 0 0 0 0 0 0 0 0 0 0 0 0 0 
[CCD拟图]
CCDLRC0=6 65 17 
CCDLRC1=6 65 17 
CCDLRC2=0 0 0 
[反馈数据]
0=68
1=84
2=76
3=4933
4=500
5=500
6=8
7=0
8=0
9=0
10=158
11=2492
12=2827
[控制固参]
0=0
