[CCD原图]
CCD0=56 64 71 71 81 86 94 95 94 74 69 67 70 69 72 70 71 71 74 72 75 72 73 72 75 73 76 74 76 75 76 73 73 71 74 72 74 73 83 96 110 117 124 124 130 127 130 131 137 136 138 138 135 135 138 133 137 136 137 137 139 130 143 135 139 137 136 138 139 136 139 138 140 135 140 137 140 139 140 139 142 137 143 140 143 143 146 154 154 155 152 146 146 141 140 137 137 132 134 132 131 126 130 126 126 127 128 128 125 124 125 123 124 119 124 119 123 122 124 120 122 121 123 121 120 124 130 128 
CCD1=0 0 0 0 0 0 0 0 0 0 0 0 0 0 0 0 0 0 0 0 0 0 0 0 0 0 0 0 0 0 0 0 0 0 0 0 0 0 0 0 0 0 0 0 0 0 0 0 0 0 0 0 0 0 0 0 0 0 0 0 0 0 0 0 0 0 0 0 0 0 0 0 0 0 0 0 0 0 0 0 0 0 0 0 0 0 0 0 0 0 0 0 0 0 0 0 0 0 0 0 0 0 0 0 0 0 0 0 0 0 0 0 0 0 0 0 0 0 0 0 0 0 0 0 0 0 0 0 
[CCD拟图]
CCDLRC0=37 122 80 
CCDLRC1=37 122 80 
CCDLRC2=0 0 0 
[反馈数据]
0=68
1=84
2=76
3=4933
4=500
5=500
6=8
7=0
8=0
9=0
10=226
11=2560
12=2895
[控制固参]
0=0
