[CCD原图]
CCD0=52 58 64 62 66 66 69 67 69 67 70 67 70 68 70 68 70 70 72 70 72 70 70 70 74 72 74 72 74 72 75 73 76 76 81 81 85 82 85 83 83 81 83 80 83 80 82 81 83 82 83 82 83 81 83 80 82 80 82 80 83 83 96 104 118 128 133 135 137 135 138 136 140 135 139 137 139 136 138 137 140 135 140 138 140 138 139 141 136 135 134 132 133 129 132 131 132 128 130 130 130 126 128 126 126 127 128 127 125 124 125 124 126 121 125 121 125 125 125 123 125 124 128 126 125 131 136 136 
CCD1=0 0 0 0 0 0 0 0 0 0 0 0 0 0 0 0 0 0 0 0 0 0 0 0 0 0 0 0 0 0 0 0 0 0 0 0 0 0 0 0 0 0 0 0 0 0 0 0 0 0 0 0 0 0 0 0 0 0 0 0 0 0 0 0 0 0 0 0 0 0 0 0 0 0 0 0 0 0 0 0 0 0 0 0 0 0 0 0 0 0 0 0 0 0 0 0 0 0 0 0 0 0 0 0 0 0 0 0 0 0 0 0 0 0 0 0 0 0 0 0 0 0 0 0 0 0 0 0 
[CCD拟图]
CCDLRC0=59 122 102 
CCDLRC1=59 122 102 
CCDLRC2=0 0 0 
[反馈数据]
0=68
1=84
2=76
3=4933
4=500
5=500
6=8
7=0
8=0
9=0
10=2
11=2592
12=2927
[控制固参]
0=0
