[CCD原图]
CCD0=53 60 65 64 69 70 75 72 75 73 76 74 76 73 76 74 76 75 78 75 78 75 74 75 77 75 78 75 77 75 77 75 78 76 79 77 80 77 80 78 80 78 81 79 82 80 82 81 83 82 84 83 84 83 87 84 88 87 89 86 84 77 79 77 83 91 108 124 137 139 142 141 143 136 139 137 138 136 137 136 138 133 136 133 136 132 133 135 133 133 131 129 132 129 132 131 133 128 131 131 131 127 131 128 129 132 134 135 133 133 133 132 134 127 131 125 128 125 126 123 124 124 125 123 122 126 131 131 
CCD1=0 0 0 0 0 0 0 0 0 0 0 0 0 0 0 0 0 0 0 0 0 0 0 0 0 0 0 0 0 0 0 0 0 0 0 0 0 0 0 0 0 0 0 0 0 0 0 0 0 0 0 0 0 0 0 0 0 0 0 0 0 0 0 0 0 0 0 0 0 0 0 0 0 0 0 0 0 0 0 0 0 0 0 0 0 0 0 0 0 0 0 0 0 0 0 0 0 0 0 0 0 0 0 0 0 0 0 0 0 0 0 0 0 0 0 0 0 0 0 0 0 0 0 0 0 0 0 0 
[CCD拟图]
CCDLRC0=63 122 106 
CCDLRC1=63 122 106 
CCDLRC2=0 0 0 
[反馈数据]
0=68
1=84
2=76
3=4933
4=500
5=500
6=8
7=0
8=0
9=0
10=25
11=2615
12=2950
[控制固参]
0=0
