[CCD原图]
CCD0=53 61 66 65 71 72 76 74 76 73 76 74 76 74 76 74 76 75 77 76 79 77 77 78 81 79 79 77 78 74 79 79 83 83 84 83 85 83 85 84 86 84 86 83 84 76 77 75 77 76 82 94 113 124 134 133 139 138 140 140 143 135 149 143 150 150 150 150 150 149 154 153 157 151 155 150 150 148 147 144 146 140 143 140 141 138 138 141 138 138 136 134 136 133 135 135 136 132 135 135 137 134 140 139 141 143 142 139 134 130 129 127 127 121 126 121 125 123 125 122 124 123 125 124 123 129 135 135 
CCD1=0 0 0 0 0 0 0 0 0 0 0 0 0 0 0 0 0 0 0 0 0 0 0 0 0 0 0 0 0 0 0 0 0 0 0 0 0 0 0 0 0 0 0 0 0 0 0 0 0 0 0 0 0 0 0 0 0 0 0 0 0 0 0 0 0 0 0 0 0 0 0 0 0 0 0 0 0 0 0 0 0 0 0 0 0 0 0 0 0 0 0 0 0 0 0 0 0 0 0 0 0 0 0 0 0 0 0 0 0 0 0 0 0 0 0 0 0 0 0 0 0 0 0 0 0 0 0 0 
[CCD拟图]
CCDLRC0=51 122 94 
CCDLRC1=51 122 94 
CCDLRC2=0 0 0 
[反馈数据]
0=68
1=84
2=76
3=4933
4=500
5=500
6=8
7=0
8=0
9=0
10=47
11=2637
12=2972
[控制固参]
0=0
