[CCD原图]
CCD0=60 70 81 88 109 120 131 127 130 124 126 122 124 120 123 122 123 123 127 124 128 126 118 124 130 127 128 125 129 128 130 130 132 132 135 135 138 133 139 140 142 141 145 143 147 142 143 142 144 142 143 142 140 139 143 138 145 143 145 145 147 138 151 144 148 146 145 146 147 145 149 151 157 154 162 159 160 156 154 149 148 141 145 141 142 140 140 142 140 139 139 135 138 135 138 138 140 136 140 141 141 138 139 134 133 135 134 135 132 130 129 127 129 123 128 123 126 125 127 124 125 124 126 123 122 128 132 132 
CCD1=0 0 0 0 0 0 0 0 0 0 0 0 0 0 0 0 0 0 0 0 0 0 0 0 0 0 0 0 0 0 0 0 0 0 0 0 0 0 0 0 0 0 0 0 0 0 0 0 0 0 0 0 0 0 0 0 0 0 0 0 0 0 0 0 0 0 0 0 0 0 0 0 0 0 0 0 0 0 0 0 0 0 0 0 0 0 0 0 0 0 0 0 0 0 0 0 0 0 0 0 0 0 0 0 0 0 0 0 0 0 0 0 0 0 0 0 0 0 0 0 0 0 0 0 0 0 0 0 
[CCD拟图]
CCDLRC0=6 122 64 
CCDLRC1=6 122 64 
CCDLRC2=0 0 0 
[反馈数据]
0=68
1=84
2=76
3=4933
4=500
5=500
6=8
7=0
8=0
9=0
10=71
11=2661
12=2996
[控制固参]
0=0
