[CCD原图]
CCD0=60 70 80 87 107 120 131 126 130 123 125 122 124 120 122 122 123 122 127 124 128 125 116 123 130 128 131 128 131 127 128 127 129 130 133 133 137 132 139 139 138 138 142 139 144 140 141 141 143 141 141 141 139 138 141 137 143 141 142 143 146 137 151 143 148 146 145 145 148 147 154 156 162 158 163 159 159 154 151 147 147 140 143 139 140 137 138 140 137 136 135 132 135 132 136 136 137 134 138 138 138 135 138 129 99 85 84 81 81 78 79 77 80 79 81 81 84 83 85 83 84 83 85 82 84 84 88 86 
CCD1=0 0 0 0 0 0 0 0 0 0 0 0 0 0 0 0 0 0 0 0 0 0 0 0 0 0 0 0 0 0 0 0 0 0 0 0 0 0 0 0 0 0 0 0 0 0 0 0 0 0 0 0 0 0 0 0 0 0 0 0 0 0 0 0 0 0 0 0 0 0 0 0 0 0 0 0 0 0 0 0 0 0 0 0 0 0 0 0 0 0 0 0 0 0 0 0 0 0 0 0 0 0 0 0 0 0 0 0 0 0 0 0 0 0 0 0 0 0 0 0 0 0 0 0 0 0 0 0 
[CCD拟图]
CCDLRC0=6 109 57 
CCDLRC1=6 109 57 
CCDLRC2=0 0 0 
[反馈数据]
0=68
1=84
2=76
3=4933
4=500
5=500
6=8
7=0
8=0
9=0
10=85
11=2675
12=3010
[控制固参]
0=0
