[CCD原图]
CCD0=54 61 66 66 72 72 76 73 76 73 76 74 77 74 77 75 78 78 80 78 81 78 77 78 82 80 83 81 84 83 85 81 79 78 85 111 133 131 138 140 140 139 143 140 144 139 143 143 145 143 145 144 142 141 145 141 146 145 147 147 150 140 155 146 151 150 150 151 152 150 153 152 155 149 154 151 154 150 151 148 148 143 148 144 145 143 144 147 144 143 142 140 143 140 143 142 144 140 144 144 143 138 142 139 138 130 95 83 83 80 86 85 87 84 86 84 87 86 87 84 86 85 86 84 85 86 89 88 
CCD1=0 0 0 0 0 0 0 0 0 0 0 0 0 0 0 0 0 0 0 0 0 0 0 0 0 0 0 0 0 0 0 0 0 0 0 0 0 0 0 0 0 0 0 0 0 0 0 0 0 0 0 0 0 0 0 0 0 0 0 0 0 0 0 0 0 0 0 0 0 0 0 0 0 0 0 0 0 0 0 0 0 0 0 0 0 0 0 0 0 0 0 0 0 0 0 0 0 0 0 0 0 0 0 0 0 0 0 0 0 0 0 0 0 0 0 0 0 0 0 0 0 0 0 0 0 0 0 0 
[CCD拟图]
CCDLRC0=33 107 70 
CCDLRC1=33 107 70 
CCDLRC2=0 0 0 
[反馈数据]
0=68
1=84
2=76
3=4933
4=500
5=500
6=8
7=0
8=0
9=0
10=96
11=2686
12=3021
[控制固参]
0=0
