[CCD原图]
CCD0=54 62 66 66 73 74 79 77 81 77 79 77 78 75 78 76 77 77 79 77 80 79 77 78 82 80 82 81 84 81 81 77 78 76 77 76 97 119 133 136 136 134 140 136 141 138 141 143 146 144 146 145 143 142 147 143 147 146 148 149 151 142 155 147 153 152 151 152 153 151 154 154 156 149 154 151 152 149 150 148 150 143 149 145 147 144 145 147 144 144 142 141 143 140 142 142 144 139 143 142 141 136 138 133 126 102 83 79 79 78 81 83 86 83 86 83 85 84 86 83 85 84 85 83 84 85 88 86 
CCD1=0 0 0 0 0 0 0 0 0 0 0 0 0 0 0 0 0 0 0 0 0 0 0 0 0 0 0 0 0 0 0 0 0 0 0 0 0 0 0 0 0 0 0 0 0 0 0 0 0 0 0 0 0 0 0 0 0 0 0 0 0 0 0 0 0 0 0 0 0 0 0 0 0 0 0 0 0 0 0 0 0 0 0 0 0 0 0 0 0 0 0 0 0 0 0 0 0 0 0 0 0 0 0 0 0 0 0 0 0 0 0 0 0 0 0 0 0 0 0 0 0 0 0 0 0 0 0 0 
[CCD拟图]
CCDLRC0=35 106 70 
CCDLRC1=35 106 70 
CCDLRC2=0 0 0 
[反馈数据]
0=68
1=84
2=76
3=4933
4=500
5=500
6=8
7=0
8=0
9=0
10=112
11=2702
12=3037
[控制固参]
0=0
