[CCD原图]
CCD0=55 64 73 78 92 100 109 105 107 102 105 101 103 99 102 101 102 101 104 102 105 102 97 102 107 105 108 105 107 105 107 106 109 108 110 109 111 107 111 109 108 101 97 86 82 74 72 69 70 68 71 68 71 69 72 70 73 72 74 73 75 71 75 72 75 73 74 73 75 73 75 74 75 73 76 73 76 73 75 72 75 71 74 72 74 72 73 72 74 72 73 70 73 70 72 69 72 69 70 67 69 67 71 68 70 69 70 69 70 68 70 68 70 67 70 67 70 68 70 67 70 68 70 68 70 68 70 69 
CCD1=0 0 0 0 0 0 0 0 0 0 0 0 0 0 0 0 0 0 0 0 0 0 0 0 0 0 0 0 0 0 0 0 0 0 0 0 0 0 0 0 0 0 0 0 0 0 0 0 0 0 0 0 0 0 0 0 0 0 0 0 0 0 0 0 0 0 0 0 0 0 0 0 0 0 0 0 0 0 0 0 0 0 0 0 0 0 0 0 0 0 0 0 0 0 0 0 0 0 0 0 0 0 0 0 0 0 0 0 0 0 0 0 0 0 0 0 0 0 0 0 0 0 0 0 0 0 0 0 
[CCD拟图]
CCDLRC0=6 47 10 
CCDLRC1=6 47 10 
CCDLRC2=0 0 0 
[反馈数据]
0=68
1=84
2=76
3=4933
4=500
5=500
6=8
7=0
8=0
9=0
10=247
11=277
12=612
[控制固参]
0=0
