[CCD原图]
CCD0=54 60 66 66 73 73 78 76 79 76 79 76 78 77 79 77 78 77 80 78 81 77 76 75 79 80 82 79 82 80 82 82 80 76 78 78 107 129 137 138 138 138 141 139 143 140 142 142 146 145 145 146 143 142 147 143 148 148 149 149 151 141 156 149 155 154 154 154 157 153 155 154 155 147 153 149 151 147 148 146 150 144 148 145 146 144 144 148 146 145 144 143 145 142 145 145 147 143 147 146 144 137 137 120 91 79 81 79 81 83 86 84 87 83 86 83 85 83 85 83 84 83 85 83 85 85 87 86 
CCD1=0 0 0 0 0 0 0 0 0 0 0 0 0 0 0 0 0 0 0 0 0 0 0 0 0 0 0 0 0 0 0 0 0 0 0 0 0 0 0 0 0 0 0 0 0 0 0 0 0 0 0 0 0 0 0 0 0 0 0 0 0 0 0 0 0 0 0 0 0 0 0 0 0 0 0 0 0 0 0 0 0 0 0 0 0 0 0 0 0 0 0 0 0 0 0 0 0 0 0 0 0 0 0 0 0 0 0 0 0 0 0 0 0 0 0 0 0 0 0 0 0 0 0 0 0 0 0 0 
[CCD拟图]
CCDLRC0=35 104 69 
CCDLRC1=35 104 69 
CCDLRC2=0 0 0 
[反馈数据]
0=68
1=84
2=76
3=4933
4=500
5=500
6=8
7=0
8=0
9=0
10=128
11=2718
12=3053
[控制固参]
0=0
