[CCD原图]
CCD0=54 61 66 66 73 74 78 76 79 76 78 76 78 75 77 76 77 76 80 77 80 78 77 78 81 79 82 80 82 81 82 81 83 80 80 76 79 84 117 128 129 128 131 130 134 132 135 136 140 139 141 140 138 137 142 138 142 141 142 142 145 137 153 148 155 158 158 159 159 154 154 150 150 142 146 142 144 142 142 141 143 137 140 137 139 135 137 139 138 138 137 136 139 138 145 150 154 150 155 156 153 146 145 141 137 131 103 83 82 79 82 83 86 83 85 82 85 83 83 80 80 78 80 78 80 81 84 82 
CCD1=0 0 0 0 0 0 0 0 0 0 0 0 0 0 0 0 0 0 0 0 0 0 0 0 0 0 0 0 0 0 0 0 0 0 0 0 0 0 0 0 0 0 0 0 0 0 0 0 0 0 0 0 0 0 0 0 0 0 0 0 0 0 0 0 0 0 0 0 0 0 0 0 0 0 0 0 0 0 0 0 0 0 0 0 0 0 0 0 0 0 0 0 0 0 0 0 0 0 0 0 0 0 0 0 0 0 0 0 0 0 0 0 0 0 0 0 0 0 0 0 0 0 0 0 0 0 0 0 
[CCD拟图]
CCDLRC0=36 107 71 
CCDLRC1=36 107 71 
CCDLRC2=0 0 0 
[反馈数据]
0=68
1=84
2=76
3=4933
4=500
5=500
6=8
7=0
8=0
9=0
10=142
11=2732
12=3067
[控制固参]
0=0
