[CCD原图]
CCD0=53 61 66 66 73 73 79 76 78 75 78 75 78 75 78 76 78 76 79 78 81 78 77 78 82 80 82 80 82 80 82 80 82 81 83 81 85 82 85 84 85 80 77 72 75 75 90 112 131 135 138 138 136 136 139 134 140 140 143 144 147 140 156 148 151 149 147 147 145 142 144 143 144 138 141 138 141 138 140 139 141 135 140 136 138 136 138 140 138 138 138 136 141 146 159 167 169 160 158 152 143 132 130 125 124 124 127 128 127 127 128 128 131 126 131 127 131 130 132 129 130 129 133 130 127 134 138 137 
CCD1=0 0 0 0 0 0 0 0 0 0 0 0 0 0 0 0 0 0 0 0 0 0 0 0 0 0 0 0 0 0 0 0 0 0 0 0 0 0 0 0 0 0 0 0 0 0 0 0 0 0 0 0 0 0 0 0 0 0 0 0 0 0 0 0 0 0 0 0 0 0 0 0 0 0 0 0 0 0 0 0 0 0 0 0 0 0 0 0 0 0 0 0 0 0 0 0 0 0 0 0 0 0 0 0 0 0 0 0 0 0 0 0 0 0 0 0 0 0 0 0 0 0 0 0 0 0 0 0 
[CCD拟图]
CCDLRC0=45 122 84 
CCDLRC1=45 122 84 
CCDLRC2=0 0 0 
[反馈数据]
0=68
1=84
2=76
3=4933
4=500
5=500
6=8
7=0
8=0
9=0
10=162
11=2752
12=3087
[控制固参]
0=0
