[CCD原图]
CCD0=55 62 66 65 71 72 77 73 73 69 72 70 73 72 75 74 76 75 78 76 78 75 76 75 79 77 80 77 80 79 80 78 80 79 81 80 82 80 82 81 82 81 83 82 84 82 84 83 85 83 86 85 86 83 87 84 87 86 88 86 88 84 89 85 88 86 87 85 85 81 83 82 94 111 132 138 144 143 145 145 148 143 148 145 146 143 145 146 143 142 140 137 139 135 137 135 136 130 133 132 132 128 131 128 128 129 130 129 127 127 127 126 129 124 128 124 128 127 129 126 128 127 130 128 126 131 136 136 
CCD1=0 0 0 0 0 0 0 0 0 0 0 0 0 0 0 0 0 0 0 0 0 0 0 0 0 0 0 0 0 0 0 0 0 0 0 0 0 0 0 0 0 0 0 0 0 0 0 0 0 0 0 0 0 0 0 0 0 0 0 0 0 0 0 0 0 0 0 0 0 0 0 0 0 0 0 0 0 0 0 0 0 0 0 0 0 0 0 0 0 0 0 0 0 0 0 0 0 0 0 0 0 0 0 0 0 0 0 0 0 0 0 0 0 0 0 0 0 0 0 0 0 0 0 0 0 0 0 0 
[CCD拟图]
CCDLRC0=71 122 110 
CCDLRC1=71 122 110 
CCDLRC2=0 0 0 
[反馈数据]
0=68
1=84
2=76
3=4933
4=500
5=500
6=8
7=0
8=0
9=0
10=190
11=2780
12=3115
[控制固参]
0=0
