[CCD原图]
CCD0=53 60 65 64 70 71 76 73 76 72 75 72 75 72 74 72 74 74 76 75 77 75 74 72 73 71 73 70 81 101 111 115 118 118 120 119 122 116 121 120 120 118 121 118 121 117 119 117 117 113 113 111 112 112 120 117 123 122 125 124 127 118 129 121 125 123 123 122 122 118 119 114 117 112 117 114 116 115 120 119 121 117 122 118 120 117 118 119 118 117 116 114 115 111 112 107 93 73 72 70 71 71 74 72 73 72 73 72 73 71 72 69 71 69 71 69 71 70 71 68 70 68 70 68 70 68 71 68 
CCD1=0 0 0 0 0 0 0 0 0 0 0 0 0 0 0 0 0 0 0 0 0 0 0 0 0 0 0 0 0 0 0 0 0 0 0 0 0 0 0 0 0 0 0 0 0 0 0 0 0 0 0 0 0 0 0 0 0 0 0 0 0 0 0 0 0 0 0 0 0 0 0 0 0 0 0 0 0 0 0 0 0 0 0 0 0 0 0 0 0 0 0 0 0 0 0 0 0 0 0 0 0 0 0 0 0 0 0 0 0 0 0 0 0 0 0 0 0 0 0 0 0 0 0 0 0 0 0 0 
[CCD拟图]
CCDLRC0=27 97 62 
CCDLRC1=27 97 62 
CCDLRC2=0 0 0 
[反馈数据]
0=68
1=84
2=76
3=4933
4=500
5=500
6=8
7=0
8=0
9=0
10=6
11=36
12=371
[控制固参]
0=0
