[CCD原图]
CCD0=54 61 66 66 71 73 79 77 80 76 79 76 78 75 77 76 77 76 78 76 79 76 76 77 80 78 80 78 81 79 81 79 81 80 81 81 82 80 83 82 83 82 84 83 86 83 86 84 86 85 87 86 86 83 86 80 80 78 80 78 83 100 132 137 145 144 143 144 144 142 144 144 146 140 145 142 145 143 144 143 146 140 143 141 142 140 141 145 143 144 143 141 143 139 141 140 141 136 139 136 136 130 133 130 129 130 130 129 125 124 125 124 127 121 126 122 126 125 127 124 126 125 128 126 123 130 134 134 
CCD1=0 0 0 0 0 0 0 0 0 0 0 0 0 0 0 0 0 0 0 0 0 0 0 0 0 0 0 0 0 0 0 0 0 0 0 0 0 0 0 0 0 0 0 0 0 0 0 0 0 0 0 0 0 0 0 0 0 0 0 0 0 0 0 0 0 0 0 0 0 0 0 0 0 0 0 0 0 0 0 0 0 0 0 0 0 0 0 0 0 0 0 0 0 0 0 0 0 0 0 0 0 0 0 0 0 0 0 0 0 0 0 0 0 0 0 0 0 0 0 0 0 0 0 0 0 0 0 0 
[CCD拟图]
CCDLRC0=60 122 99 
CCDLRC1=60 122 99 
CCDLRC2=0 0 0 
[反馈数据]
0=68
1=84
2=76
3=4933
4=500
5=500
6=8
7=0
8=0
9=0
10=213
11=2803
12=3138
[控制固参]
0=0
