[CCD原图]
CCD0=54 61 66 67 74 75 80 77 79 76 79 76 79 76 78 76 78 77 80 78 80 77 77 77 81 79 81 80 82 80 82 81 83 81 84 82 84 82 84 82 81 78 85 102 130 134 138 140 143 142 143 144 142 141 145 141 146 145 147 147 149 139 152 145 149 148 147 146 148 146 148 146 148 142 146 142 145 143 145 144 146 140 145 141 142 139 140 142 138 137 136 133 136 133 137 137 138 135 138 137 137 132 135 133 133 134 134 135 132 132 131 127 107 83 81 78 82 82 84 82 83 80 83 80 82 82 84 83 
CCD1=0 0 0 0 0 0 0 0 0 0 0 0 0 0 0 0 0 0 0 0 0 0 0 0 0 0 0 0 0 0 0 0 0 0 0 0 0 0 0 0 0 0 0 0 0 0 0 0 0 0 0 0 0 0 0 0 0 0 0 0 0 0 0 0 0 0 0 0 0 0 0 0 0 0 0 0 0 0 0 0 0 0 0 0 0 0 0 0 0 0 0 0 0 0 0 0 0 0 0 0 0 0 0 0 0 0 0 0 0 0 0 0 0 0 0 0 0 0 0 0 0 0 0 0 0 0 0 0 
[CCD拟图]
CCDLRC0=43 115 79 
CCDLRC1=43 115 79 
CCDLRC2=0 0 0 
[反馈数据]
0=68
1=84
2=76
3=4933
4=500
5=500
6=8
7=0
8=0
9=0
10=229
11=2819
12=3154
[控制固参]
0=0
