[CCD原图]
CCD0=54 61 66 66 74 75 79 76 79 75 78 75 78 75 78 76 77 77 79 77 79 78 76 77 81 78 82 79 80 75 75 76 91 117 127 126 129 126 131 131 131 130 133 132 136 133 135 135 139 138 139 138 136 135 140 135 140 138 140 139 141 132 145 139 143 140 140 140 141 138 141 139 141 135 140 137 139 137 139 138 140 135 139 136 137 134 135 137 135 135 133 130 133 129 133 131 133 127 127 116 99 78 78 75 76 76 81 81 83 81 83 81 83 79 82 79 81 80 81 79 81 79 81 79 81 80 82 81 
CCD1=0 0 0 0 0 0 0 0 0 0 0 0 0 0 0 0 0 0 0 0 0 0 0 0 0 0 0 0 0 0 0 0 0 0 0 0 0 0 0 0 0 0 0 0 0 0 0 0 0 0 0 0 0 0 0 0 0 0 0 0 0 0 0 0 0 0 0 0 0 0 0 0 0 0 0 0 0 0 0 0 0 0 0 0 0 0 0 0 0 0 0 0 0 0 0 0 0 0 0 0 0 0 0 0 0 0 0 0 0 0 0 0 0 0 0 0 0 0 0 0 0 0 0 0 0 0 0 0 
[CCD拟图]
CCDLRC0=31 101 66 
CCDLRC1=31 101 66 
CCDLRC2=0 0 0 
[反馈数据]
0=68
1=84
2=76
3=4933
4=500
5=500
6=8
7=0
8=0
9=0
10=4
11=2850
12=3185
[控制固参]
0=0
