[CCD原图]
CCD0=55 64 72 76 91 98 106 103 106 100 102 100 102 98 101 100 101 100 103 100 104 102 96 100 106 103 106 104 107 104 104 103 106 107 109 107 110 106 107 103 100 92 89 81 79 73 72 69 71 70 72 71 74 73 76 73 76 74 76 75 78 74 77 74 76 74 76 74 76 74 76 74 76 72 76 73 75 74 76 73 75 72 74 71 73 71 73 72 75 72 74 71 74 71 73 71 74 70 73 71 72 70 72 70 72 70 71 69 71 69 71 69 72 69 71 68 71 69 71 69 70 68 70 68 71 69 71 68 
CCD1=0 0 0 0 0 0 0 0 0 0 0 0 0 0 0 0 0 0 0 0 0 0 0 0 0 0 0 0 0 0 0 0 0 0 0 0 0 0 0 0 0 0 0 0 0 0 0 0 0 0 0 0 0 0 0 0 0 0 0 0 0 0 0 0 0 0 0 0 0 0 0 0 0 0 0 0 0 0 0 0 0 0 0 0 0 0 0 0 0 0 0 0 0 0 0 0 0 0 0 0 0 0 0 0 0 0 0 0 0 0 0 0 0 0 0 0 0 0 0 0 0 0 0 0 0 0 0 0 
[CCD拟图]
CCDLRC0=6 45 8 
CCDLRC1=6 45 8 
CCDLRC2=0 0 0 
[反馈数据]
0=68
1=84
2=76
3=4933
4=500
5=500
6=8
7=0
8=0
9=0
10=7
11=293
12=628
[控制固参]
0=0
