[CCD原图]
CCD0=54 60 66 66 73 74 78 75 78 75 77 75 77 74 77 75 77 74 75 74 77 74 75 74 77 73 76 74 82 102 119 123 125 125 127 127 131 127 133 132 133 131 135 132 136 132 135 135 138 136 138 137 134 133 136 131 136 134 136 137 139 130 142 134 139 137 137 136 137 134 137 136 138 132 137 133 136 134 136 135 138 132 136 135 136 132 134 136 133 133 132 129 132 129 131 130 130 115 91 80 81 77 78 76 79 78 82 81 83 81 82 80 82 79 81 79 81 79 81 79 80 79 80 79 79 79 82 81 
CCD1=0 0 0 0 0 0 0 0 0 0 0 0 0 0 0 0 0 0 0 0 0 0 0 0 0 0 0 0 0 0 0 0 0 0 0 0 0 0 0 0 0 0 0 0 0 0 0 0 0 0 0 0 0 0 0 0 0 0 0 0 0 0 0 0 0 0 0 0 0 0 0 0 0 0 0 0 0 0 0 0 0 0 0 0 0 0 0 0 0 0 0 0 0 0 0 0 0 0 0 0 0 0 0 0 0 0 0 0 0 0 0 0 0 0 0 0 0 0 0 0 0 0 0 0 0 0 0 0 
[CCD拟图]
CCDLRC0=28 99 63 
CCDLRC1=28 99 63 
CCDLRC2=0 0 0 
[反馈数据]
0=68
1=84
2=76
3=4933
4=500
5=500
6=8
7=0
8=0
9=0
10=38
11=2884
12=3219
[控制固参]
0=0
