[CCD原图]
CCD0=54 61 66 67 73 73 79 75 78 75 77 74 77 75 76 75 76 76 78 77 79 77 76 76 78 74 76 75 83 107 122 123 125 125 127 127 132 127 132 133 132 131 135 133 136 132 135 135 138 136 137 136 134 133 137 132 138 136 138 139 140 131 143 136 140 138 138 139 139 136 139 137 139 133 137 134 136 135 137 135 138 133 137 134 135 132 134 136 134 133 131 129 132 129 130 128 127 105 86 80 82 79 81 78 81 80 82 82 82 81 82 80 82 79 81 79 81 79 81 78 81 79 81 79 79 79 82 81 
CCD1=0 0 0 0 0 0 0 0 0 0 0 0 0 0 0 0 0 0 0 0 0 0 0 0 0 0 0 0 0 0 0 0 0 0 0 0 0 0 0 0 0 0 0 0 0 0 0 0 0 0 0 0 0 0 0 0 0 0 0 0 0 0 0 0 0 0 0 0 0 0 0 0 0 0 0 0 0 0 0 0 0 0 0 0 0 0 0 0 0 0 0 0 0 0 0 0 0 0 0 0 0 0 0 0 0 0 0 0 0 0 0 0 0 0 0 0 0 0 0 0 0 0 0 0 0 0 0 0 
[CCD拟图]
CCDLRC0=28 99 63 
CCDLRC1=28 99 63 
CCDLRC2=0 0 0 
[反馈数据]
0=68
1=84
2=76
3=4933
4=500
5=500
6=8
7=0
8=0
9=0
10=40
11=2886
12=3221
[控制固参]
0=0
