[CCD原图]
CCD0=55 65 73 77 91 98 107 104 107 102 105 101 103 99 102 101 101 101 104 102 104 101 97 100 106 104 107 104 107 105 106 105 107 107 108 107 110 106 110 108 106 100 98 88 84 76 73 70 71 69 72 71 73 72 76 74 77 75 77 74 76 73 77 73 76 74 77 75 77 74 77 75 76 73 75 73 75 73 75 73 74 72 73 72 74 71 74 72 74 72 73 70 72 69 72 69 71 69 71 69 71 69 71 70 71 70 72 70 71 69 71 69 71 69 71 68 71 68 71 68 69 68 69 67 69 68 70 68 
CCD1=0 0 0 0 0 0 0 0 0 0 0 0 0 0 0 0 0 0 0 0 0 0 0 0 0 0 0 0 0 0 0 0 0 0 0 0 0 0 0 0 0 0 0 0 0 0 0 0 0 0 0 0 0 0 0 0 0 0 0 0 0 0 0 0 0 0 0 0 0 0 0 0 0 0 0 0 0 0 0 0 0 0 0 0 0 0 0 0 0 0 0 0 0 0 0 0 0 0 0 0 0 0 0 0 0 0 0 0 0 0 0 0 0 0 0 0 0 0 0 0 0 0 0 0 0 0 0 0 
[CCD拟图]
CCDLRC0=6 47 10 
CCDLRC1=6 47 10 
CCDLRC2=0 0 0 
[反馈数据]
0=68
1=84
2=76
3=4933
4=500
5=500
6=8
7=0
8=0
9=0
10=11
11=297
12=632
[控制固参]
0=0
