[CCD原图]
CCD0=55 64 73 77 91 98 108 104 108 102 105 102 104 100 102 101 102 101 105 102 105 103 97 100 106 104 106 104 107 105 106 105 107 106 109 107 110 106 109 108 106 99 96 87 84 75 73 70 71 70 72 69 71 70 74 73 75 75 77 76 78 74 78 75 77 74 76 74 76 74 77 74 76 73 76 74 75 74 75 74 76 73 75 72 74 71 73 71 74 72 72 70 72 69 72 70 71 70 72 70 71 69 71 69 71 69 71 69 71 69 71 69 71 69 71 68 71 69 71 68 71 68 71 68 70 68 70 67 
CCD1=0 0 0 0 0 0 0 0 0 0 0 0 0 0 0 0 0 0 0 0 0 0 0 0 0 0 0 0 0 0 0 0 0 0 0 0 0 0 0 0 0 0 0 0 0 0 0 0 0 0 0 0 0 0 0 0 0 0 0 0 0 0 0 0 0 0 0 0 0 0 0 0 0 0 0 0 0 0 0 0 0 0 0 0 0 0 0 0 0 0 0 0 0 0 0 0 0 0 0 0 0 0 0 0 0 0 0 0 0 0 0 0 0 0 0 0 0 0 0 0 0 0 0 0 0 0 0 0 
[CCD拟图]
CCDLRC0=6 46 9 
CCDLRC1=6 46 9 
CCDLRC2=0 0 0 
[反馈数据]
0=68
1=84
2=76
3=4933
4=500
5=500
6=8
7=0
8=0
9=0
10=12
11=298
12=633
[控制固参]
0=0
