[CCD原图]
CCD0=54 60 66 65 72 73 77 75 78 75 77 74 77 75 77 75 77 75 78 75 75 71 73 76 105 122 128 126 130 127 129 129 130 131 133 131 134 130 135 134 134 132 135 132 137 132 134 134 136 134 137 136 134 133 137 132 137 136 138 138 141 132 145 137 141 139 140 141 143 139 143 142 144 138 143 140 142 140 142 141 143 138 142 139 141 138 139 141 138 136 127 93 82 78 81 81 84 82 85 82 83 81 82 81 81 81 82 81 82 80 81 78 80 79 81 78 80 78 80 78 80 78 80 78 79 79 82 80 
CCD1=0 0 0 0 0 0 0 0 0 0 0 0 0 0 0 0 0 0 0 0 0 0 0 0 0 0 0 0 0 0 0 0 0 0 0 0 0 0 0 0 0 0 0 0 0 0 0 0 0 0 0 0 0 0 0 0 0 0 0 0 0 0 0 0 0 0 0 0 0 0 0 0 0 0 0 0 0 0 0 0 0 0 0 0 0 0 0 0 0 0 0 0 0 0 0 0 0 0 0 0 0 0 0 0 0 0 0 0 0 0 0 0 0 0 0 0 0 0 0 0 0 0 0 0 0 0 0 0 
[CCD拟图]
CCDLRC0=23 92 57 
CCDLRC1=23 92 57 
CCDLRC2=0 0 0 
[反馈数据]
0=68
1=84
2=76
3=4933
4=500
5=500
6=8
7=0
8=0
9=0
10=89
11=2935
12=3270
[控制固参]
0=0
