[CCD原图]
CCD0=53 59 64 64 70 71 75 73 76 72 74 71 75 72 74 72 74 73 76 74 77 74 74 72 73 70 73 70 83 102 112 115 117 117 120 118 122 117 121 120 119 118 121 118 121 117 119 116 117 113 111 112 111 113 120 117 124 122 124 124 127 118 129 122 125 124 123 122 122 118 118 114 116 111 116 113 115 115 120 119 122 117 122 119 120 118 118 120 119 117 116 114 115 111 112 106 91 72 72 69 71 71 73 71 73 71 73 71 73 71 72 69 71 69 71 68 71 69 71 69 70 68 70 68 71 69 71 69 
CCD1=0 0 0 0 0 0 0 0 0 0 0 0 0 0 0 0 0 0 0 0 0 0 0 0 0 0 0 0 0 0 0 0 0 0 0 0 0 0 0 0 0 0 0 0 0 0 0 0 0 0 0 0 0 0 0 0 0 0 0 0 0 0 0 0 0 0 0 0 0 0 0 0 0 0 0 0 0 0 0 0 0 0 0 0 0 0 0 0 0 0 0 0 0 0 0 0 0 0 0 0 0 0 0 0 0 0 0 0 0 0 0 0 0 0 0 0 0 0 0 0 0 0 0 0 0 0 0 0 
[CCD拟图]
CCDLRC0=27 97 62 
CCDLRC1=27 97 62 
CCDLRC2=0 0 0 
[反馈数据]
0=68
1=84
2=76
3=4933
4=500
5=500
6=8
7=0
8=0
9=0
10=7
11=37
12=372
[控制固参]
0=0
