[CCD原图]
CCD0=53 60 66 66 72 72 76 74 78 74 76 74 76 73 76 74 76 75 78 75 78 76 75 76 79 77 80 77 76 73 73 71 73 74 85 101 120 124 131 131 131 129 133 132 136 132 135 135 139 136 138 137 135 135 139 134 139 138 140 141 143 133 146 139 143 141 140 141 143 139 142 141 143 137 142 139 142 140 142 141 143 138 143 140 141 138 138 141 139 138 137 134 137 134 136 136 136 132 136 135 134 130 132 129 129 130 131 131 129 127 127 126 127 121 126 121 124 123 125 122 123 122 125 122 121 126 132 130 
CCD1=0 0 0 0 0 0 0 0 0 0 0 0 0 0 0 0 0 0 0 0 0 0 0 0 0 0 0 0 0 0 0 0 0 0 0 0 0 0 0 0 0 0 0 0 0 0 0 0 0 0 0 0 0 0 0 0 0 0 0 0 0 0 0 0 0 0 0 0 0 0 0 0 0 0 0 0 0 0 0 0 0 0 0 0 0 0 0 0 0 0 0 0 0 0 0 0 0 0 0 0 0 0 0 0 0 0 0 0 0 0 0 0 0 0 0 0 0 0 0 0 0 0 0 0 0 0 0 0 
[CCD拟图]
CCDLRC0=32 122 77 
CCDLRC1=32 122 77 
CCDLRC2=0 0 0 
[反馈数据]
0=68
1=84
2=76
3=4933
4=500
5=500
6=8
7=0
8=0
9=0
10=123
11=2969
12=3304
[控制固参]
0=0
