[CCD原图]
CCD0=53 60 66 65 72 73 77 74 77 74 77 74 76 74 76 74 76 75 78 76 78 76 76 76 80 78 80 78 80 77 78 74 76 74 76 74 82 91 115 126 130 128 132 130 135 132 134 135 138 136 138 136 135 134 139 134 140 137 140 141 143 133 146 139 143 141 141 142 142 139 142 141 143 138 142 139 142 140 142 141 143 138 142 139 139 137 139 141 138 137 136 134 136 133 136 135 136 132 136 134 133 129 132 129 129 130 131 131 128 127 127 126 126 121 125 121 124 122 125 121 123 122 124 122 120 126 131 131 
CCD1=0 0 0 0 0 0 0 0 0 0 0 0 0 0 0 0 0 0 0 0 0 0 0 0 0 0 0 0 0 0 0 0 0 0 0 0 0 0 0 0 0 0 0 0 0 0 0 0 0 0 0 0 0 0 0 0 0 0 0 0 0 0 0 0 0 0 0 0 0 0 0 0 0 0 0 0 0 0 0 0 0 0 0 0 0 0 0 0 0 0 0 0 0 0 0 0 0 0 0 0 0 0 0 0 0 0 0 0 0 0 0 0 0 0 0 0 0 0 0 0 0 0 0 0 0 0 0 0 
[CCD拟图]
CCDLRC0=35 122 80 
CCDLRC1=35 122 80 
CCDLRC2=0 0 0 
[反馈数据]
0=68
1=84
2=76
3=4933
4=500
5=500
6=8
7=0
8=0
9=0
10=126
11=2972
12=3307
[控制固参]
0=0
