[CCD原图]
CCD0=53 60 65 65 71 73 77 75 77 74 77 74 76 74 76 74 76 75 78 76 79 76 76 76 80 78 80 78 80 78 80 79 80 79 81 79 83 79 82 81 82 80 82 80 83 81 82 82 84 83 85 83 83 81 85 82 85 84 86 84 86 81 85 82 85 82 83 81 81 79 83 87 102 113 131 133 137 136 138 137 140 134 137 133 134 131 132 133 130 130 128 126 130 126 128 127 129 124 127 126 126 122 124 122 122 124 125 127 125 125 127 128 132 128 134 130 135 133 135 130 129 125 125 120 118 123 128 127 
CCD1=0 0 0 0 0 0 0 0 0 0 0 0 0 0 0 0 0 0 0 0 0 0 0 0 0 0 0 0 0 0 0 0 0 0 0 0 0 0 0 0 0 0 0 0 0 0 0 0 0 0 0 0 0 0 0 0 0 0 0 0 0 0 0 0 0 0 0 0 0 0 0 0 0 0 0 0 0 0 0 0 0 0 0 0 0 0 0 0 0 0 0 0 0 0 0 0 0 0 0 0 0 0 0 0 0 0 0 0 0 0 0 0 0 0 0 0 0 0 0 0 0 0 0 0 0 0 0 0 
[CCD拟图]
CCDLRC0=70 122 115 
CCDLRC1=70 122 115 
CCDLRC2=0 0 0 
[反馈数据]
0=68
1=84
2=76
3=4933
4=500
5=500
6=8
7=0
8=0
9=0
10=177
11=3023
12=3358
[控制固参]
0=0
