[CCD原图]
CCD0=54 61 66 66 73 73 78 75 78 75 77 75 78 75 78 76 78 77 79 78 80 78 78 78 82 80 81 80 82 76 75 73 75 74 89 112 127 130 143 147 149 149 152 150 156 152 154 151 149 144 141 138 135 133 136 131 136 135 137 138 139 130 142 135 140 138 138 138 140 137 140 138 140 135 140 139 143 144 149 152 158 154 161 159 161 156 153 153 146 142 138 134 134 130 133 132 133 128 129 128 127 122 124 120 109 83 80 77 79 80 82 81 82 79 81 79 81 79 81 79 80 79 80 79 80 80 82 81 
CCD1=0 0 0 0 0 0 0 0 0 0 0 0 0 0 0 0 0 0 0 0 0 0 0 0 0 0 0 0 0 0 0 0 0 0 0 0 0 0 0 0 0 0 0 0 0 0 0 0 0 0 0 0 0 0 0 0 0 0 0 0 0 0 0 0 0 0 0 0 0 0 0 0 0 0 0 0 0 0 0 0 0 0 0 0 0 0 0 0 0 0 0 0 0 0 0 0 0 0 0 0 0 0 0 0 0 0 0 0 0 0 0 0 0 0 0 0 0 0 0 0 0 0 0 0 0 0 0 0 
[CCD拟图]
CCDLRC0=34 106 70 
CCDLRC1=34 106 70 
CCDLRC2=0 0 0 
[反馈数据]
0=68
1=84
2=76
3=4933
4=500
5=500
6=8
7=0
8=0
9=0
10=231
11=3077
12=3412
[控制固参]
0=0
