[CCD原图]
CCD0=53 61 66 65 72 73 77 74 77 75 77 74 77 74 77 75 77 76 79 77 80 77 76 78 81 80 82 80 83 82 83 81 84 82 85 83 85 82 85 84 85 83 85 84 87 84 87 86 86 81 82 79 79 76 80 90 117 131 138 139 141 133 145 138 142 141 141 142 143 141 145 143 146 140 145 141 144 142 144 142 144 139 143 139 140 137 137 139 137 135 135 133 134 130 134 133 134 129 132 131 130 126 129 126 126 127 128 128 127 127 128 128 129 124 130 125 128 127 128 124 125 125 127 125 124 129 134 133 
CCD1=0 0 0 0 0 0 0 0 0 0 0 0 0 0 0 0 0 0 0 0 0 0 0 0 0 0 0 0 0 0 0 0 0 0 0 0 0 0 0 0 0 0 0 0 0 0 0 0 0 0 0 0 0 0 0 0 0 0 0 0 0 0 0 0 0 0 0 0 0 0 0 0 0 0 0 0 0 0 0 0 0 0 0 0 0 0 0 0 0 0 0 0 0 0 0 0 0 0 0 0 0 0 0 0 0 0 0 0 0 0 0 0 0 0 0 0 0 0 0 0 0 0 0 0 0 0 0 0 
[CCD拟图]
CCDLRC0=53 122 91 
CCDLRC1=53 122 91 
CCDLRC2=0 0 0 
[反馈数据]
0=68
1=84
2=76
3=4933
4=500
5=500
6=8
7=0
8=0
9=0
10=51
11=3153
12=3488
[控制固参]
0=0
