[CCD原图]
CCD0=53 60 66 65 72 73 78 75 78 75 77 74 77 74 77 76 77 76 80 78 80 77 77 78 81 79 82 80 82 80 82 81 82 81 83 82 84 81 85 83 85 83 85 83 87 85 86 85 87 85 87 85 85 81 83 79 81 80 82 81 83 86 107 120 134 136 138 141 142 140 143 143 145 140 145 141 144 142 142 141 142 136 140 137 137 134 135 137 134 133 132 129 132 129 131 131 133 129 132 130 130 127 129 127 127 128 130 130 128 127 128 126 129 123 127 123 126 126 126 124 125 124 126 122 121 126 130 130 
CCD1=0 0 0 0 0 0 0 0 0 0 0 0 0 0 0 0 0 0 0 0 0 0 0 0 0 0 0 0 0 0 0 0 0 0 0 0 0 0 0 0 0 0 0 0 0 0 0 0 0 0 0 0 0 0 0 0 0 0 0 0 0 0 0 0 0 0 0 0 0 0 0 0 0 0 0 0 0 0 0 0 0 0 0 0 0 0 0 0 0 0 0 0 0 0 0 0 0 0 0 0 0 0 0 0 0 0 0 0 0 0 0 0 0 0 0 0 0 0 0 0 0 0 0 0 0 0 0 0 
[CCD拟图]
CCDLRC0=59 122 97 
CCDLRC1=59 122 97 
CCDLRC2=0 0 0 
[反馈数据]
0=68
1=84
2=76
3=4933
4=500
5=500
6=8
7=0
8=0
9=0
10=60
11=3162
12=3497
[控制固参]
0=0
