[CCD原图]
CCD0=53 60 66 65 72 74 78 76 79 76 78 75 78 74 78 76 77 76 80 78 80 78 77 78 81 79 81 80 83 80 81 80 82 81 84 82 85 81 84 83 84 82 84 82 86 83 86 84 86 85 87 85 87 85 88 85 88 87 89 85 85 79 82 78 79 76 79 83 98 111 125 132 138 135 140 138 140 139 140 139 141 135 139 135 137 134 134 136 134 133 132 129 132 129 132 132 134 129 132 131 132 127 131 129 128 129 131 131 129 128 128 126 127 121 125 121 125 124 124 121 122 122 124 122 119 125 130 131 
CCD1=0 0 0 0 0 0 0 0 0 0 0 0 0 0 0 0 0 0 0 0 0 0 0 0 0 0 0 0 0 0 0 0 0 0 0 0 0 0 0 0 0 0 0 0 0 0 0 0 0 0 0 0 0 0 0 0 0 0 0 0 0 0 0 0 0 0 0 0 0 0 0 0 0 0 0 0 0 0 0 0 0 0 0 0 0 0 0 0 0 0 0 0 0 0 0 0 0 0 0 0 0 0 0 0 0 0 0 0 0 0 0 0 0 0 0 0 0 0 0 0 0 0 0 0 0 0 0 0 
[CCD拟图]
CCDLRC0=65 122 103 
CCDLRC1=65 122 103 
CCDLRC2=0 0 0 
[反馈数据]
0=68
1=84
2=76
3=4933
4=500
5=500
6=8
7=0
8=0
9=0
10=68
11=3170
12=3505
[控制固参]
0=0
