[CCD原图]
CCD0=54 61 67 67 74 76 81 77 79 76 78 75 78 75 77 75 77 75 78 76 79 77 76 76 80 79 81 79 81 80 81 81 82 80 82 80 83 80 82 81 83 81 83 81 84 81 83 82 84 83 85 83 84 82 85 82 86 84 86 84 87 83 88 85 87 86 87 86 87 84 86 83 82 78 80 76 78 75 77 74 77 78 87 94 107 112 121 129 129 132 131 130 133 129 133 133 135 130 133 133 133 128 132 129 129 131 131 131 129 127 127 126 126 120 124 119 122 121 122 119 122 121 125 123 122 129 135 137 
CCD1=0 0 0 0 0 0 0 0 0 0 0 0 0 0 0 0 0 0 0 0 0 0 0 0 0 0 0 0 0 0 0 0 0 0 0 0 0 0 0 0 0 0 0 0 0 0 0 0 0 0 0 0 0 0 0 0 0 0 0 0 0 0 0 0 0 0 0 0 0 0 0 0 0 0 0 0 0 0 0 0 0 0 0 0 0 0 0 0 0 0 0 0 0 0 0 0 0 0 0 0 0 0 0 0 0 0 0 0 0 0 0 0 0 0 0 0 0 0 0 0 0 0 0 0 0 0 0 0 
[CCD拟图]
CCDLRC0=79 122 117 
CCDLRC1=79 122 117 
CCDLRC2=0 0 0 
[反馈数据]
0=68
1=84
2=76
3=4933
4=500
5=500
6=8
7=0
8=0
9=0
10=89
11=3191
12=3526
[控制固参]
0=0
