[CCD原图]
CCD0=82 101 128 156 214 255 255 255 255 255 255 255 255 246 247 250 246 246 254 250 255 253 225 248 255 255 255 255 255 255 255 255 255 255 255 255 255 255 255 255 255 255 255 255 255 255 255 255 255 255 255 255 255 242 223 188 165 141 131 128 131 126 137 131 136 135 137 136 135 134 139 141 145 140 144 142 144 142 144 142 145 140 143 139 141 137 138 140 138 137 136 134 136 132 135 134 136 132 135 134 134 129 132 130 130 131 132 132 130 128 128 127 129 124 128 124 128 127 128 125 126 125 127 124 122 127 131 131 
CCD1=0 0 0 0 0 0 0 0 0 0 0 0 0 0 0 0 0 0 0 0 0 0 0 0 0 0 0 0 0 0 0 0 0 0 0 0 0 0 0 0 0 0 0 0 0 0 0 0 0 0 0 0 0 0 0 0 0 0 0 0 0 0 0 0 0 0 0 0 0 0 0 0 0 0 0 0 0 0 0 0 0 0 0 0 0 0 0 0 0 0 0 0 0 0 0 0 0 0 0 0 0 0 0 0 0 0 0 0 0 0 0 0 0 0 0 0 0 0 0 0 0 0 0 0 0 0 0 0 
[CCD拟图]
CCDLRC0=6 122 28 
CCDLRC1=6 122 28 
CCDLRC2=0 0 0 
[反馈数据]
0=68
1=84
2=76
3=4933
4=500
5=500
6=8
7=0
8=0
9=0
10=154
11=3256
12=3591
[控制固参]
0=0
