[CCD原图]
CCD0=58 68 78 86 105 117 127 124 127 121 123 119 121 116 119 119 120 119 124 122 126 123 114 121 129 127 130 128 129 126 125 122 121 118 117 112 110 99 99 91 86 79 77 73 76 75 79 78 82 80 83 81 82 80 82 80 84 83 86 85 88 84 89 85 88 86 87 86 86 84 87 85 88 84 87 84 86 85 86 84 86 84 86 83 86 84 86 84 85 83 84 83 86 83 85 83 85 81 83 82 83 81 82 80 82 81 82 80 82 81 82 79 82 79 81 79 81 79 81 79 81 80 81 79 80 81 84 81 
CCD1=0 0 0 0 0 0 0 0 0 0 0 0 0 0 0 0 0 0 0 0 0 0 0 0 0 0 0 0 0 0 0 0 0 0 0 0 0 0 0 0 0 0 0 0 0 0 0 0 0 0 0 0 0 0 0 0 0 0 0 0 0 0 0 0 0 0 0 0 0 0 0 0 0 0 0 0 0 0 0 0 0 0 0 0 0 0 0 0 0 0 0 0 0 0 0 0 0 0 0 0 0 0 0 0 0 0 0 0 0 0 0 0 0 0 0 0 0 0 0 0 0 0 0 0 0 0 0 0 
[CCD拟图]
CCDLRC0=6 41 6 
CCDLRC1=6 41 6 
CCDLRC2=0 0 0 
[反馈数据]
0=68
1=84
2=76
3=4933
4=500
5=500
6=8
7=0
8=0
9=0
10=172
11=3274
12=3609
[控制固参]
0=0
