[CCD原图]
CCD0=54 62 69 71 80 83 90 92 99 95 97 94 96 91 93 91 91 88 90 86 87 84 81 81 83 80 81 78 79 77 78 77 79 78 80 79 81 79 83 81 82 78 80 76 78 76 80 81 83 83 86 85 84 84 86 83 87 85 87 86 88 83 88 84 85 81 82 80 82 81 86 85 87 83 86 84 86 84 86 84 86 84 86 84 85 83 85 84 85 83 85 82 84 82 84 82 84 81 83 81 83 80 82 80 81 80 82 81 82 80 81 79 81 78 81 78 81 80 81 79 80 80 81 79 80 80 83 81 
CCD1=0 0 0 0 0 0 0 0 0 0 0 0 0 0 0 0 0 0 0 0 0 0 0 0 0 0 0 0 0 0 0 0 0 0 0 0 0 0 0 0 0 0 0 0 0 0 0 0 0 0 0 0 0 0 0 0 0 0 0 0 0 0 0 0 0 0 0 0 0 0 0 0 0 0 0 0 0 0 0 0 0 0 0 0 0 0 0 0 0 0 0 0 0 0 0 0 0 0 0 0 0 0 0 0 0 0 0 0 0 0 0 0 0 0 0 0 0 0 0 0 0 0 0 0 0 0 0 0 
[CCD拟图]
CCDLRC0=6 33 6 
CCDLRC1=6 33 6 
CCDLRC2=0 0 0 
[反馈数据]
0=68
1=84
2=76
3=4933
4=500
5=500
6=8
7=0
8=0
9=0
10=192
11=3294
12=3629
[控制固参]
0=0
