[CCD原图]
CCD0=53 60 66 66 73 75 79 77 79 76 79 75 78 75 76 75 77 76 78 77 80 76 75 76 79 77 80 78 80 78 80 79 80 79 82 80 83 80 83 81 83 81 83 81 84 82 84 83 85 83 85 84 85 83 85 83 86 84 86 85 87 83 88 84 87 85 87 85 86 85 87 85 86 84 87 84 86 84 86 85 87 83 83 80 81 80 83 84 85 84 84 82 84 82 84 82 84 81 83 81 82 80 82 81 81 80 82 80 81 80 82 79 81 78 80 78 81 80 81 79 80 79 81 79 80 80 83 81 
CCD1=0 0 0 0 0 0 0 0 0 0 0 0 0 0 0 0 0 0 0 0 0 0 0 0 0 0 0 0 0 0 0 0 0 0 0 0 0 0 0 0 0 0 0 0 0 0 0 0 0 0 0 0 0 0 0 0 0 0 0 0 0 0 0 0 0 0 0 0 0 0 0 0 0 0 0 0 0 0 0 0 0 0 0 0 0 0 0 0 0 0 0 0 0 0 0 0 0 0 0 0 0 0 0 0 0 0 0 0 0 0 0 0 0 0 0 0 0 0 0 0 0 0 0 0 0 0 0 0 
[CCD拟图]
CCDLRC0=6 122 64 
CCDLRC1=6 122 64 
CCDLRC2=0 0 0 
[反馈数据]
0=68
1=84
2=76
3=4933
4=500
5=500
6=8
7=0
8=0
9=0
10=211
11=3313
12=3648
[控制固参]
0=0
