[CCD原图]
CCD0=53 60 66 65 72 73 78 75 77 74 76 74 76 73 75 73 75 74 76 74 77 74 74 74 78 75 78 76 78 76 78 76 78 76 79 77 80 77 81 79 80 78 80 77 79 76 76 73 74 71 74 71 73 73 76 74 79 80 88 96 110 111 130 128 134 133 133 134 135 133 136 135 138 132 137 134 137 136 138 138 140 136 140 139 141 141 145 149 148 148 147 146 148 145 145 144 142 135 135 133 131 126 129 125 126 127 128 128 125 124 124 123 125 120 125 121 125 125 127 125 129 130 137 136 137 146 149 146 
CCD1=0 0 0 0 0 0 0 0 0 0 0 0 0 0 0 0 0 0 0 0 0 0 0 0 0 0 0 0 0 0 0 0 0 0 0 0 0 0 0 0 0 0 0 0 0 0 0 0 0 0 0 0 0 0 0 0 0 0 0 0 0 0 0 0 0 0 0 0 0 0 0 0 0 0 0 0 0 0 0 0 0 0 0 0 0 0 0 0 0 0 0 0 0 0 0 0 0 0 0 0 0 0 0 0 0 0 0 0 0 0 0 0 0 0 0 0 0 0 0 0 0 0 0 0 0 0 0 0 
[CCD拟图]
CCDLRC0=54 122 91 
CCDLRC1=54 122 91 
CCDLRC2=0 0 0 
[反馈数据]
0=68
1=84
2=76
3=4933
4=500
5=500
6=8
7=0
8=0
9=0
10=254
11=3356
12=3691
[控制固参]
0=0
