[CCD原图]
CCD0=53 59 65 64 70 72 76 73 76 73 75 72 75 72 74 73 75 73 76 74 77 74 73 74 77 75 77 75 77 75 77 76 78 75 78 77 80 76 80 78 80 78 80 79 81 79 81 79 82 80 83 81 82 80 82 79 81 77 78 75 75 72 75 73 76 75 77 77 78 82 108 123 131 129 134 131 135 134 135 134 137 132 137 135 137 135 136 140 140 144 145 145 148 145 148 146 147 141 142 139 137 131 132 128 126 127 127 128 124 124 124 123 125 119 124 120 124 122 124 121 124 123 128 126 127 135 142 144 
CCD1=0 0 0 0 0 0 0 0 0 0 0 0 0 0 0 0 0 0 0 0 0 0 0 0 0 0 0 0 0 0 0 0 0 0 0 0 0 0 0 0 0 0 0 0 0 0 0 0 0 0 0 0 0 0 0 0 0 0 0 0 0 0 0 0 0 0 0 0 0 0 0 0 0 0 0 0 0 0 0 0 0 0 0 0 0 0 0 0 0 0 0 0 0 0 0 0 0 0 0 0 0 0 0 0 0 0 0 0 0 0 0 0 0 0 0 0 0 0 0 0 0 0 0 0 0 0 0 0 
[CCD拟图]
CCDLRC0=66 122 103 
CCDLRC1=66 122 103 
CCDLRC2=0 0 0 
[反馈数据]
0=68
1=84
2=76
3=4933
4=500
5=500
6=8
7=0
8=0
9=0
10=24
11=3382
12=3717
[控制固参]
0=0
