[CCD原图]
CCD0=53 60 65 64 71 72 76 73 76 73 75 73 75 72 75 73 74 73 75 74 76 74 73 73 77 75 77 75 77 76 77 76 77 76 78 76 79 76 79 78 79 77 80 78 81 79 81 80 82 80 82 81 81 80 82 80 83 81 84 83 84 80 85 81 83 80 80 76 76 72 74 73 76 73 77 76 79 92 121 130 134 129 134 132 134 131 133 136 134 134 132 132 135 133 136 137 140 136 140 139 139 135 137 135 135 137 135 133 128 126 125 124 124 119 123 119 123 121 122 120 121 120 123 120 119 125 129 129 
CCD1=0 0 0 0 0 0 0 0 0 0 0 0 0 0 0 0 0 0 0 0 0 0 0 0 0 0 0 0 0 0 0 0 0 0 0 0 0 0 0 0 0 0 0 0 0 0 0 0 0 0 0 0 0 0 0 0 0 0 0 0 0 0 0 0 0 0 0 0 0 0 0 0 0 0 0 0 0 0 0 0 0 0 0 0 0 0 0 0 0 0 0 0 0 0 0 0 0 0 0 0 0 0 0 0 0 0 0 0 0 0 0 0 0 0 0 0 0 0 0 0 0 0 0 0 0 0 0 0 
[CCD拟图]
CCDLRC0=75 122 112 
CCDLRC1=75 122 112 
CCDLRC2=0 0 0 
[反馈数据]
0=68
1=84
2=76
3=4933
4=500
5=500
6=8
7=0
8=0
9=0
10=32
11=3390
12=3725
[控制固参]
0=0
