[CCD原图]
CCD0=52 60 65 64 71 71 77 74 77 73 75 72 75 72 75 73 74 73 76 74 76 74 73 74 77 75 77 76 78 76 78 75 77 75 78 76 79 76 79 78 79 78 79 78 80 78 80 79 81 80 82 80 80 80 82 79 82 80 82 81 83 80 85 82 83 82 83 82 84 81 83 82 84 81 84 82 83 81 83 81 83 80 81 79 80 75 77 76 77 76 79 80 86 88 96 102 111 113 120 123 126 123 128 128 130 135 136 136 135 134 134 132 132 126 130 124 127 124 124 120 121 120 123 120 119 123 128 127 
CCD1=0 0 0 0 0 0 0 0 0 0 0 0 0 0 0 0 0 0 0 0 0 0 0 0 0 0 0 0 0 0 0 0 0 0 0 0 0 0 0 0 0 0 0 0 0 0 0 0 0 0 0 0 0 0 0 0 0 0 0 0 0 0 0 0 0 0 0 0 0 0 0 0 0 0 0 0 0 0 0 0 0 0 0 0 0 0 0 0 0 0 0 0 0 0 0 0 0 0 0 0 0 0 0 0 0 0 0 0 0 0 0 0 0 0 0 0 0 0 0 0 0 0 0 0 0 0 0 0 
[CCD拟图]
CCDLRC0=85 122 122 
CCDLRC1=85 122 122 
CCDLRC2=0 0 0 
[反馈数据]
0=68
1=84
2=76
3=4933
4=500
5=500
6=8
7=0
8=0
9=0
10=41
11=3399
12=3734
[控制固参]
0=0
