[CCD原图]
CCD0=53 60 65 64 71 72 77 74 76 74 76 73 75 73 75 73 75 74 77 75 77 75 74 75 78 76 78 77 79 78 79 78 79 78 81 79 81 78 81 79 81 78 81 79 81 79 81 80 82 80 82 81 81 79 82 79 82 80 82 81 83 80 84 81 83 81 82 81 83 80 83 81 83 79 82 80 82 81 82 81 83 80 82 80 82 80 81 79 81 79 80 78 80 78 81 79 81 78 80 79 80 77 79 77 79 77 80 77 79 78 79 77 79 76 78 76 78 78 79 77 78 77 79 76 77 76 76 72 
CCD1=0 0 0 0 0 0 0 0 0 0 0 0 0 0 0 0 0 0 0 0 0 0 0 0 0 0 0 0 0 0 0 0 0 0 0 0 0 0 0 0 0 0 0 0 0 0 0 0 0 0 0 0 0 0 0 0 0 0 0 0 0 0 0 0 0 0 0 0 0 0 0 0 0 0 0 0 0 0 0 0 0 0 0 0 0 0 0 0 0 0 0 0 0 0 0 0 0 0 0 0 0 0 0 0 0 0 0 0 0 0 0 0 0 0 0 0 0 0 0 0 0 0 0 0 0 0 0 0 
[CCD拟图]
CCDLRC0=6 122 122 
CCDLRC1=6 122 122 
CCDLRC2=0 0 0 
[反馈数据]
0=68
1=84
2=76
3=4933
4=500
5=500
6=8
7=0
8=0
9=0
10=101
11=3459
12=3794
[控制固参]
0=0
