[CCD原图]
CCD0=52 59 65 65 72 72 77 74 76 73 76 73 76 73 76 74 75 74 77 75 77 75 74 74 78 76 78 76 80 77 78 78 79 78 80 78 80 77 80 78 80 78 80 78 81 78 80 79 81 80 81 80 81 79 81 79 81 80 82 81 83 79 84 81 83 81 82 81 83 80 82 80 82 79 82 80 82 80 82 80 82 79 81 79 81 79 81 80 80 79 80 78 81 78 80 79 81 78 80 79 80 77 79 78 79 78 80 79 79 78 79 78 79 77 79 76 78 78 79 76 76 72 72 68 70 69 73 74 
CCD1=0 0 0 0 0 0 0 0 0 0 0 0 0 0 0 0 0 0 0 0 0 0 0 0 0 0 0 0 0 0 0 0 0 0 0 0 0 0 0 0 0 0 0 0 0 0 0 0 0 0 0 0 0 0 0 0 0 0 0 0 0 0 0 0 0 0 0 0 0 0 0 0 0 0 0 0 0 0 0 0 0 0 0 0 0 0 0 0 0 0 0 0 0 0 0 0 0 0 0 0 0 0 0 0 0 0 0 0 0 0 0 0 0 0 0 0 0 0 0 0 0 0 0 0 0 0 0 0 
[CCD拟图]
CCDLRC0=6 122 122 
CCDLRC1=6 122 122 
CCDLRC2=0 0 0 
[反馈数据]
0=68
1=84
2=76
3=4933
4=500
5=500
6=8
7=0
8=0
9=0
10=124
11=3482
12=3817
[控制固参]
0=0
