[CCD原图]
CCD0=53 60 65 64 71 72 75 73 76 72 76 72 75 73 75 73 75 74 76 75 77 75 74 74 77 75 78 76 78 76 79 76 78 78 80 79 81 77 81 80 81 79 81 79 81 80 82 81 82 81 83 82 82 81 84 82 84 83 85 83 83 78 82 80 84 84 86 85 87 85 87 87 88 85 88 85 85 80 79 76 78 74 76 73 76 73 74 73 74 72 74 71 74 71 74 71 73 70 73 71 73 71 73 71 73 71 73 70 72 70 72 70 72 70 72 70 72 70 73 72 76 74 76 74 76 76 80 78 
CCD1=0 0 0 0 0 0 0 0 0 0 0 0 0 0 0 0 0 0 0 0 0 0 0 0 0 0 0 0 0 0 0 0 0 0 0 0 0 0 0 0 0 0 0 0 0 0 0 0 0 0 0 0 0 0 0 0 0 0 0 0 0 0 0 0 0 0 0 0 0 0 0 0 0 0 0 0 0 0 0 0 0 0 0 0 0 0 0 0 0 0 0 0 0 0 0 0 0 0 0 0 0 0 0 0 0 0 0 0 0 0 0 0 0 0 0 0 0 0 0 0 0 0 0 0 0 0 0 0 
[CCD拟图]
CCDLRC0=6 122 122 
CCDLRC1=6 122 122 
CCDLRC2=0 0 0 
[反馈数据]
0=68
1=84
2=76
3=4933
4=500
5=500
6=8
7=0
8=0
9=0
10=172
11=3530
12=3865
[控制固参]
0=0
