[CCD原图]
CCD0=58 68 77 84 101 112 121 119 121 115 117 114 116 112 113 113 113 113 116 114 118 115 108 114 120 118 121 120 122 119 121 120 122 121 123 123 126 121 127 126 127 125 129 126 130 127 129 130 132 131 133 133 131 130 135 131 135 135 137 139 141 131 138 124 119 108 100 91 87 81 83 81 84 82 85 83 85 83 85 83 85 82 84 82 84 81 83 82 83 81 83 80 82 80 82 80 83 79 82 80 82 79 81 79 79 78 80 79 79 78 80 78 80 77 79 76 78 77 79 77 79 77 79 76 78 77 80 79 
CCD1=0 0 0 0 0 0 0 0 0 0 0 0 0 0 0 0 0 0 0 0 0 0 0 0 0 0 0 0 0 0 0 0 0 0 0 0 0 0 0 0 0 0 0 0 0 0 0 0 0 0 0 0 0 0 0 0 0 0 0 0 0 0 0 0 0 0 0 0 0 0 0 0 0 0 0 0 0 0 0 0 0 0 0 0 0 0 0 0 0 0 0 0 0 0 0 0 0 0 0 0 0 0 0 0 0 0 0 0 0 0 0 0 0 0 0 0 0 0 0 0 0 0 0 0 0 0 0 0 
[CCD拟图]
CCDLRC0=6 77 37 
CCDLRC1=6 77 37 
CCDLRC2=0 0 0 
[反馈数据]
0=68
1=84
2=76
3=4933
4=500
5=500
6=8
7=0
8=0
9=0
10=224
11=3582
12=3917
[控制固参]
0=0
