[CCD原图]
CCD0=52 60 65 64 70 71 76 72 75 72 75 72 74 72 74 73 75 74 76 74 77 75 75 74 78 75 78 76 78 76 78 77 79 78 80 78 81 77 81 79 80 77 78 74 76 73 74 73 80 89 108 122 124 124 129 125 130 129 131 131 132 124 135 129 133 131 131 131 132 130 132 131 133 127 132 128 132 130 131 130 131 127 131 128 129 126 127 129 128 128 127 125 126 123 128 127 128 124 127 126 126 122 125 122 123 123 123 124 122 120 121 119 120 115 119 116 120 119 120 116 118 117 120 118 116 122 126 125 
CCD1=0 0 0 0 0 0 0 0 0 0 0 0 0 0 0 0 0 0 0 0 0 0 0 0 0 0 0 0 0 0 0 0 0 0 0 0 0 0 0 0 0 0 0 0 0 0 0 0 0 0 0 0 0 0 0 0 0 0 0 0 0 0 0 0 0 0 0 0 0 0 0 0 0 0 0 0 0 0 0 0 0 0 0 0 0 0 0 0 0 0 0 0 0 0 0 0 0 0 0 0 0 0 0 0 0 0 0 0 0 0 0 0 0 0 0 0 0 0 0 0 0 0 0 0 0 0 0 0 
[CCD拟图]
CCDLRC0=46 122 90 
CCDLRC1=46 122 90 
CCDLRC2=0 0 0 
[反馈数据]
0=68
1=84
2=76
3=4933
4=500
5=500
6=8
7=0
8=0
9=0
10=56
11=3670
12=4005
[控制固参]
0=0
