[CCD原图]
CCD0=53 59 64 64 70 70 75 72 75 72 74 71 75 71 74 72 73 72 75 73 76 73 73 73 76 75 77 75 77 75 77 75 78 76 79 77 80 77 80 78 79 78 80 78 81 79 81 80 82 80 83 81 82 80 83 80 83 81 84 83 85 80 84 79 80 76 77 77 87 98 113 121 128 124 129 125 128 127 128 128 130 124 129 126 128 126 127 129 127 126 126 124 125 122 125 125 127 123 125 124 124 120 123 120 120 121 123 123 121 119 120 119 121 116 121 116 118 117 118 116 119 118 121 119 117 123 127 126 
CCD1=0 0 0 0 0 0 0 0 0 0 0 0 0 0 0 0 0 0 0 0 0 0 0 0 0 0 0 0 0 0 0 0 0 0 0 0 0 0 0 0 0 0 0 0 0 0 0 0 0 0 0 0 0 0 0 0 0 0 0 0 0 0 0 0 0 0 0 0 0 0 0 0 0 0 0 0 0 0 0 0 0 0 0 0 0 0 0 0 0 0 0 0 0 0 0 0 0 0 0 0 0 0 0 0 0 0 0 0 0 0 0 0 0 0 0 0 0 0 0 0 0 0 0 0 0 0 0 0 
[CCD拟图]
CCDLRC0=65 122 109 
CCDLRC1=65 122 109 
CCDLRC2=0 0 0 
[反馈数据]
0=68
1=84
2=76
3=4933
4=500
5=500
6=8
7=0
8=0
9=0
10=70
11=3684
12=4019
[控制固参]
0=0
