[CCD原图]
CCD0=61 70 78 81 94 102 111 108 111 106 109 106 108 104 106 106 108 107 110 107 111 107 102 107 112 111 113 111 114 112 114 114 115 115 118 116 119 115 120 119 120 117 120 118 123 121 123 123 125 124 127 127 127 126 130 127 132 131 134 134 137 130 143 136 139 134 135 134 135 133 136 135 136 126 124 117 118 120 144 181 228 249 255 255 255 255 255 255 255 255 255 255 255 255 255 255 255 255 255 255 255 255 255 255 255 255 255 255 255 255 255 255 255 255 255 255 255 255 255 255 255 255 255 255 246 255 255 255 
CCD1=0 0 0 0 0 0 0 0 0 0 0 0 0 0 0 0 0 0 0 0 0 0 0 0 0 0 0 0 0 0 0 0 0 0 0 0 0 0 0 0 0 0 0 0 0 0 0 0 0 0 0 0 0 0 0 0 0 0 0 0 0 0 0 0 0 0 0 0 0 0 0 0 0 0 0 0 0 0 0 0 0 0 0 0 0 0 0 0 0 0 0 0 0 0 0 0 0 0 0 0 0 0 0 0 0 0 0 0 0 0 0 0 0 0 0 0 0 0 0 0 0 0 0 0 0 0 0 0 
[CCD拟图]
CCDLRC0=6 122 119 
CCDLRC1=6 122 119 
CCDLRC2=0 0 0 
[反馈数据]
0=68
1=84
2=76
3=4933
4=500
5=500
6=8
7=0
8=0
9=0
10=116
11=3730
12=4065
[控制固参]
0=0
