[CCD原图]
CCD0=53 60 65 64 70 71 75 72 74 71 74 72 74 72 75 72 74 73 76 75 77 75 74 75 79 77 80 78 80 78 80 79 81 80 83 81 83 79 83 79 79 77 89 108 130 129 132 132 135 134 136 134 132 131 134 130 135 133 135 135 137 128 139 133 137 134 135 135 137 134 137 135 139 133 137 135 138 137 138 137 140 135 139 136 136 134 134 136 133 131 130 127 130 127 130 130 131 128 131 129 129 124 127 124 124 125 126 127 124 122 123 120 106 78 78 74 79 79 81 78 80 78 79 78 79 79 81 79 
CCD1=0 0 0 0 0 0 0 0 0 0 0 0 0 0 0 0 0 0 0 0 0 0 0 0 0 0 0 0 0 0 0 0 0 0 0 0 0 0 0 0 0 0 0 0 0 0 0 0 0 0 0 0 0 0 0 0 0 0 0 0 0 0 0 0 0 0 0 0 0 0 0 0 0 0 0 0 0 0 0 0 0 0 0 0 0 0 0 0 0 0 0 0 0 0 0 0 0 0 0 0 0 0 0 0 0 0 0 0 0 0 0 0 0 0 0 0 0 0 0 0 0 0 0 0 0 0 0 0 
[CCD拟图]
CCDLRC0=40 113 76 
CCDLRC1=40 113 76 
CCDLRC2=0 0 0 
[反馈数据]
0=68
1=84
2=76
3=4933
4=500
5=500
6=8
7=0
8=0
9=0
10=169
11=3783
12=4118
[控制固参]
0=0
