[CCD原图]
CCD0=53 59 65 64 71 71 75 72 75 72 74 71 75 71 74 73 75 73 76 74 77 75 75 75 79 77 80 77 80 78 80 79 81 79 82 81 83 81 84 81 80 76 81 90 121 129 132 132 135 132 134 133 131 131 135 130 135 134 135 135 137 127 138 132 136 134 134 135 137 134 136 136 139 133 138 135 138 136 138 137 140 134 138 135 136 133 134 136 132 132 130 128 130 127 130 130 132 128 131 130 130 125 127 125 124 126 127 126 124 123 122 121 121 98 79 74 76 76 80 78 79 78 79 78 79 78 81 79 
CCD1=0 0 0 0 0 0 0 0 0 0 0 0 0 0 0 0 0 0 0 0 0 0 0 0 0 0 0 0 0 0 0 0 0 0 0 0 0 0 0 0 0 0 0 0 0 0 0 0 0 0 0 0 0 0 0 0 0 0 0 0 0 0 0 0 0 0 0 0 0 0 0 0 0 0 0 0 0 0 0 0 0 0 0 0 0 0 0 0 0 0 0 0 0 0 0 0 0 0 0 0 0 0 0 0 0 0 0 0 0 0 0 0 0 0 0 0 0 0 0 0 0 0 0 0 0 0 0 0 
[CCD拟图]
CCDLRC0=41 114 77 
CCDLRC1=41 114 77 
CCDLRC2=0 0 0 
[反馈数据]
0=68
1=84
2=76
3=4933
4=500
5=500
6=8
7=0
8=0
9=0
10=175
11=3789
12=4124
[控制固参]
0=0
