[CCD原图]
CCD0=53 60 65 64 71 71 77 74 76 73 75 73 76 73 75 74 75 75 78 75 78 75 74 75 79 76 79 78 80 78 79 78 80 78 81 80 82 77 80 80 82 79 80 76 77 76 91 118 131 129 131 131 129 128 132 128 133 131 133 134 135 127 138 131 134 133 132 132 133 131 134 133 136 130 135 132 134 132 134 133 135 130 135 132 134 132 132 134 131 130 129 127 129 127 130 129 131 127 128 127 126 123 125 122 123 124 125 124 122 121 121 119 120 116 119 103 80 75 76 74 79 79 80 78 80 79 81 79 
CCD1=0 0 0 0 0 0 0 0 0 0 0 0 0 0 0 0 0 0 0 0 0 0 0 0 0 0 0 0 0 0 0 0 0 0 0 0 0 0 0 0 0 0 0 0 0 0 0 0 0 0 0 0 0 0 0 0 0 0 0 0 0 0 0 0 0 0 0 0 0 0 0 0 0 0 0 0 0 0 0 0 0 0 0 0 0 0 0 0 0 0 0 0 0 0 0 0 0 0 0 0 0 0 0 0 0 0 0 0 0 0 0 0 0 0 0 0 0 0 0 0 0 0 0 0 0 0 0 0 
[CCD拟图]
CCDLRC0=45 116 80 
CCDLRC1=45 116 80 
CCDLRC2=0 0 0 
[反馈数据]
0=68
1=84
2=76
3=4933
4=500
5=500
6=8
7=0
8=0
9=0
10=207
11=3821
12=4156
[控制固参]
0=0
