[CCD原图]
CCD0=52 59 64 64 70 70 74 71 73 71 72 70 72 69 72 70 73 71 74 72 74 72 72 72 75 73 76 74 76 74 76 75 77 76 78 75 78 75 78 76 78 76 79 77 79 77 79 78 80 79 82 79 81 79 82 80 82 80 82 80 83 78 83 80 82 80 82 79 77 74 77 75 76 73 77 82 95 106 118 123 128 125 129 127 129 125 127 127 126 126 125 122 124 120 123 121 123 119 122 120 120 116 119 117 117 118 119 120 117 116 117 116 117 112 116 112 116 114 116 112 115 113 116 114 112 117 122 122 
CCD1=0 0 0 0 0 0 0 0 0 0 0 0 0 0 0 0 0 0 0 0 0 0 0 0 0 0 0 0 0 0 0 0 0 0 0 0 0 0 0 0 0 0 0 0 0 0 0 0 0 0 0 0 0 0 0 0 0 0 0 0 0 0 0 0 0 0 0 0 0 0 0 0 0 0 0 0 0 0 0 0 0 0 0 0 0 0 0 0 0 0 0 0 0 0 0 0 0 0 0 0 0 0 0 0 0 0 0 0 0 0 0 0 0 0 0 0 0 0 0 0 0 0 0 0 0 0 0 0 
[CCD拟图]
CCDLRC0=72 122 109 
CCDLRC1=72 122 109 
CCDLRC2=0 0 0 
[反馈数据]
0=68
1=84
2=76
3=4933
4=500
5=500
6=8
7=0
8=0
9=0
10=25
11=3895
12=4230
[控制固参]
0=0
