[CCD原图]
CCD0=52 59 65 64 70 69 74 71 74 71 73 70 73 70 73 71 72 71 74 72 74 72 72 72 75 73 75 74 76 73 75 74 76 74 76 74 78 75 78 76 78 75 78 77 80 78 80 79 79 78 80 79 80 78 80 78 80 80 81 80 83 79 83 80 82 80 81 79 80 77 79 76 78 74 77 73 76 78 87 95 108 112 121 121 124 122 124 126 125 124 123 121 123 120 123 123 124 120 123 121 122 117 120 116 117 118 119 119 117 115 116 115 117 112 116 113 116 114 117 113 115 115 116 113 109 113 117 117 
CCD1=0 0 0 0 0 0 0 0 0 0 0 0 0 0 0 0 0 0 0 0 0 0 0 0 0 0 0 0 0 0 0 0 0 0 0 0 0 0 0 0 0 0 0 0 0 0 0 0 0 0 0 0 0 0 0 0 0 0 0 0 0 0 0 0 0 0 0 0 0 0 0 0 0 0 0 0 0 0 0 0 0 0 0 0 0 0 0 0 0 0 0 0 0 0 0 0 0 0 0 0 0 0 0 0 0 0 0 0 0 0 0 0 0 0 0 0 0 0 0 0 0 0 0 0 0 0 0 0 
[CCD拟图]
CCDLRC0=75 122 112 
CCDLRC1=75 122 112 
CCDLRC2=0 0 0 
[反馈数据]
0=68
1=84
2=76
3=4933
4=500
5=500
6=8
7=0
8=0
9=0
10=30
11=3900
12=4235
[控制固参]
0=0
