[CCD原图]
CCD0=52 59 65 63 70 69 74 71 74 71 73 70 73 70 73 71 72 71 73 71 74 71 71 72 75 73 75 73 75 73 75 74 75 74 77 75 78 74 78 77 79 76 78 76 78 76 79 78 80 78 81 78 79 78 81 78 81 80 81 80 82 78 83 79 81 79 81 78 80 76 79 75 78 74 76 73 75 76 86 93 106 110 121 122 125 122 124 126 125 124 124 122 124 121 123 123 125 120 123 121 121 117 119 117 117 118 119 119 117 115 117 115 117 112 117 112 116 115 115 111 111 109 112 111 111 115 119 118 
CCD1=0 0 0 0 0 0 0 0 0 0 0 0 0 0 0 0 0 0 0 0 0 0 0 0 0 0 0 0 0 0 0 0 0 0 0 0 0 0 0 0 0 0 0 0 0 0 0 0 0 0 0 0 0 0 0 0 0 0 0 0 0 0 0 0 0 0 0 0 0 0 0 0 0 0 0 0 0 0 0 0 0 0 0 0 0 0 0 0 0 0 0 0 0 0 0 0 0 0 0 0 0 0 0 0 0 0 0 0 0 0 0 0 0 0 0 0 0 0 0 0 0 0 0 0 0 0 0 0 
[CCD拟图]
CCDLRC0=76 122 113 
CCDLRC1=76 122 113 
CCDLRC2=0 0 0 
[反馈数据]
0=68
1=84
2=76
3=4933
4=500
5=500
6=8
7=0
8=0
9=0
10=33
11=3903
12=4238
[控制固参]
0=0
