[CCD原图]
CCD0=52 60 65 63 70 70 74 71 73 71 73 70 73 70 72 71 73 71 73 72 75 72 72 72 75 73 76 73 76 74 75 74 76 75 77 75 77 74 77 76 78 76 78 76 79 77 79 78 80 78 80 79 80 78 81 78 81 79 81 78 80 76 81 78 80 78 80 78 79 76 78 76 77 73 75 73 76 78 87 96 110 114 123 123 126 124 125 127 126 124 124 122 125 122 124 124 124 119 122 121 120 117 119 117 117 118 119 119 117 116 117 115 117 110 113 108 112 111 113 110 113 111 114 112 111 116 121 120 
CCD1=0 0 0 0 0 0 0 0 0 0 0 0 0 0 0 0 0 0 0 0 0 0 0 0 0 0 0 0 0 0 0 0 0 0 0 0 0 0 0 0 0 0 0 0 0 0 0 0 0 0 0 0 0 0 0 0 0 0 0 0 0 0 0 0 0 0 0 0 0 0 0 0 0 0 0 0 0 0 0 0 0 0 0 0 0 0 0 0 0 0 0 0 0 0 0 0 0 0 0 0 0 0 0 0 0 0 0 0 0 0 0 0 0 0 0 0 0 0 0 0 0 0 0 0 0 0 0 0 
[CCD拟图]
CCDLRC0=77 122 114 
CCDLRC1=77 122 114 
CCDLRC2=0 0 0 
[反馈数据]
0=68
1=84
2=76
3=4933
4=500
5=500
6=8
7=0
8=0
9=0
10=36
11=3906
12=4241
[控制固参]
0=0
