[CCD原图]
CCD0=53 60 65 64 69 70 74 72 75 71 73 71 73 70 73 71 72 71 73 71 74 72 72 72 75 73 75 74 76 74 75 74 76 74 77 74 77 74 77 76 78 76 78 75 79 77 79 78 80 78 80 79 80 79 81 78 81 79 81 80 82 79 83 80 82 80 82 80 81 79 80 78 78 75 77 75 80 84 95 104 116 118 126 124 128 125 127 128 125 122 120 116 119 116 119 119 121 117 120 118 120 116 118 116 116 117 118 118 117 116 117 115 118 112 117 111 115 114 116 113 115 113 117 115 114 119 123 123 
CCD1=0 0 0 0 0 0 0 0 0 0 0 0 0 0 0 0 0 0 0 0 0 0 0 0 0 0 0 0 0 0 0 0 0 0 0 0 0 0 0 0 0 0 0 0 0 0 0 0 0 0 0 0 0 0 0 0 0 0 0 0 0 0 0 0 0 0 0 0 0 0 0 0 0 0 0 0 0 0 0 0 0 0 0 0 0 0 0 0 0 0 0 0 0 0 0 0 0 0 0 0 0 0 0 0 0 0 0 0 0 0 0 0 0 0 0 0 0 0 0 0 0 0 0 0 0 0 0 0 
[CCD拟图]
CCDLRC0=75 122 112 
CCDLRC1=75 122 112 
CCDLRC2=0 0 0 
[反馈数据]
0=68
1=84
2=76
3=4933
4=500
5=500
6=8
7=0
8=0
9=0
10=45
11=3915
12=4250
[控制固参]
0=0
