[CCD原图]
CCD0=53 60 65 64 69 69 74 71 73 71 73 70 73 70 74 71 73 72 74 72 74 72 72 72 75 73 75 73 75 73 75 74 76 74 76 75 77 75 77 75 77 75 78 76 78 76 78 77 80 78 80 78 79 78 80 78 80 78 81 80 82 79 83 80 83 81 83 81 83 80 81 77 78 75 77 75 79 78 85 92 104 109 120 120 123 121 122 125 123 122 121 120 122 120 122 123 124 120 123 121 122 117 120 117 118 118 119 119 118 117 117 116 119 114 118 115 118 117 118 115 116 116 118 116 114 119 123 122 
CCD1=0 0 0 0 0 0 0 0 0 0 0 0 0 0 0 0 0 0 0 0 0 0 0 0 0 0 0 0 0 0 0 0 0 0 0 0 0 0 0 0 0 0 0 0 0 0 0 0 0 0 0 0 0 0 0 0 0 0 0 0 0 0 0 0 0 0 0 0 0 0 0 0 0 0 0 0 0 0 0 0 0 0 0 0 0 0 0 0 0 0 0 0 0 0 0 0 0 0 0 0 0 0 0 0 0 0 0 0 0 0 0 0 0 0 0 0 0 0 0 0 0 0 0 0 0 0 0 0 
[CCD拟图]
CCDLRC0=6 122 112 
CCDLRC1=6 122 112 
CCDLRC2=0 0 0 
[反馈数据]
0=68
1=84
2=76
3=4933
4=500
5=500
6=8
7=0
8=0
9=0
10=51
11=3921
12=4256
[控制固参]
0=0
