[CCD原图]
CCD0=53 60 64 64 70 69 74 71 73 70 73 70 73 70 72 71 72 70 73 71 74 71 72 72 75 73 76 73 76 73 75 74 76 74 77 74 77 74 77 76 77 75 78 75 78 75 76 76 78 77 80 78 79 78 80 78 81 79 81 79 81 77 81 79 83 80 82 80 80 78 81 79 80 76 78 76 79 81 93 103 116 118 125 124 125 123 124 127 125 124 124 121 124 121 124 122 124 120 123 121 122 118 121 119 120 121 122 122 119 119 120 118 120 114 119 114 118 116 118 114 116 115 118 115 114 118 123 121 
CCD1=0 0 0 0 0 0 0 0 0 0 0 0 0 0 0 0 0 0 0 0 0 0 0 0 0 0 0 0 0 0 0 0 0 0 0 0 0 0 0 0 0 0 0 0 0 0 0 0 0 0 0 0 0 0 0 0 0 0 0 0 0 0 0 0 0 0 0 0 0 0 0 0 0 0 0 0 0 0 0 0 0 0 0 0 0 0 0 0 0 0 0 0 0 0 0 0 0 0 0 0 0 0 0 0 0 0 0 0 0 0 0 0 0 0 0 0 0 0 0 0 0 0 0 0 0 0 0 0 
[CCD拟图]
CCDLRC0=75 122 112 
CCDLRC1=75 122 112 
CCDLRC2=0 0 0 
[反馈数据]
0=68
1=84
2=76
3=4933
4=500
5=500
6=8
7=0
8=0
9=0
10=55
11=3925
12=4260
[控制固参]
0=0
