[CCD原图]
CCD0=52 59 65 64 69 69 74 71 74 71 73 70 73 70 73 71 73 71 74 72 74 71 71 70 74 72 75 74 76 74 76 75 76 75 77 75 78 75 79 76 78 76 79 77 80 78 80 79 81 80 82 80 81 79 82 80 83 81 83 81 82 78 81 77 79 76 78 74 80 89 108 119 129 125 132 129 131 130 132 131 134 129 133 131 131 128 129 130 128 127 126 124 126 123 125 124 126 122 126 127 130 130 136 135 137 141 143 143 137 133 129 123 122 114 118 113 115 114 116 113 115 114 117 114 113 117 122 122 
CCD1=0 0 0 0 0 0 0 0 0 0 0 0 0 0 0 0 0 0 0 0 0 0 0 0 0 0 0 0 0 0 0 0 0 0 0 0 0 0 0 0 0 0 0 0 0 0 0 0 0 0 0 0 0 0 0 0 0 0 0 0 0 0 0 0 0 0 0 0 0 0 0 0 0 0 0 0 0 0 0 0 0 0 0 0 0 0 0 0 0 0 0 0 0 0 0 0 0 0 0 0 0 0 0 0 0 0 0 0 0 0 0 0 0 0 0 0 0 0 0 0 0 0 0 0 0 0 0 0 
[CCD拟图]
CCDLRC0=70 122 107 
CCDLRC1=70 122 107 
CCDLRC2=0 0 0 
[反馈数据]
0=68
1=84
2=76
3=4933
4=500
5=500
6=8
7=0
8=0
9=0
10=64
11=3934
12=4269
[控制固参]
0=0
