[CCD原图]
CCD0=53 60 65 65 71 71 76 73 76 73 76 73 76 72 75 74 76 75 77 75 77 75 75 75 79 77 80 77 80 78 80 78 80 78 79 76 82 91 115 122 123 122 126 123 127 124 127 127 130 129 133 138 142 145 152 148 150 144 139 135 136 127 137 131 135 133 133 133 134 131 135 133 136 130 135 132 135 133 134 132 135 129 133 129 130 128 129 130 128 127 126 125 128 130 141 150 158 156 161 158 152 141 135 127 122 121 119 111 95 80 78 75 78 78 81 79 82 80 82 79 81 79 81 79 80 80 82 81 
CCD1=0 0 0 0 0 0 0 0 0 0 0 0 0 0 0 0 0 0 0 0 0 0 0 0 0 0 0 0 0 0 0 0 0 0 0 0 0 0 0 0 0 0 0 0 0 0 0 0 0 0 0 0 0 0 0 0 0 0 0 0 0 0 0 0 0 0 0 0 0 0 0 0 0 0 0 0 0 0 0 0 0 0 0 0 0 0 0 0 0 0 0 0 0 0 0 0 0 0 0 0 0 0 0 0 0 0 0 0 0 0 0 0 0 0 0 0 0 0 0 0 0 0 0 0 0 0 0 0 
[CCD拟图]
CCDLRC0=37 111 74 
CCDLRC1=37 111 74 
CCDLRC2=0 0 0 
[反馈数据]
0=68
1=84
2=76
3=4933
4=500
5=500
6=8
7=0
8=0
9=0
10=82
11=3952
12=4287
[控制固参]
0=0
