[CCD原图]
CCD0=53 61 65 65 72 72 77 75 78 75 77 74 77 74 76 75 77 76 78 76 78 76 75 74 75 73 74 71 78 96 115 118 121 121 125 130 140 143 155 158 157 150 144 133 132 127 128 128 130 129 131 131 129 128 132 128 134 132 133 134 137 129 140 133 138 135 136 136 136 134 137 135 138 133 138 137 141 146 156 165 174 171 175 168 160 149 146 145 140 136 133 129 131 126 129 128 129 123 110 82 80 77 81 81 82 81 82 81 82 80 82 79 81 79 82 79 81 79 81 79 80 79 81 79 81 79 83 81 
CCD1=0 0 0 0 0 0 0 0 0 0 0 0 0 0 0 0 0 0 0 0 0 0 0 0 0 0 0 0 0 0 0 0 0 0 0 0 0 0 0 0 0 0 0 0 0 0 0 0 0 0 0 0 0 0 0 0 0 0 0 0 0 0 0 0 0 0 0 0 0 0 0 0 0 0 0 0 0 0 0 0 0 0 0 0 0 0 0 0 0 0 0 0 0 0 0 0 0 0 0 0 0 0 0 0 0 0 0 0 0 0 0 0 0 0 0 0 0 0 0 0 0 0 0 0 0 0 0 0 
[CCD拟图]
CCDLRC0=29 101 65 
CCDLRC1=29 101 65 
CCDLRC2=0 0 0 
[反馈数据]
0=68
1=84
2=76
3=4933
4=500
5=500
6=8
7=0
8=0
9=0
10=99
11=3969
12=4304
[控制固参]
0=0
