[CCD原图]
CCD0=54 61 66 65 72 73 77 74 77 74 76 74 77 74 76 74 77 75 78 76 79 77 76 77 79 75 77 78 100 118 122 129 137 142 149 151 157 150 152 145 136 129 129 125 129 125 128 128 131 128 131 129 129 129 133 128 133 133 135 135 139 129 141 135 139 137 137 137 138 136 140 139 145 144 155 160 170 172 173 173 170 153 148 139 138 135 136 137 135 133 132 128 131 127 129 128 113 83 81 78 79 80 83 82 82 81 83 82 83 80 82 80 82 79 81 79 81 80 81 79 81 78 81 79 80 80 83 81 
CCD1=0 0 0 0 0 0 0 0 0 0 0 0 0 0 0 0 0 0 0 0 0 0 0 0 0 0 0 0 0 0 0 0 0 0 0 0 0 0 0 0 0 0 0 0 0 0 0 0 0 0 0 0 0 0 0 0 0 0 0 0 0 0 0 0 0 0 0 0 0 0 0 0 0 0 0 0 0 0 0 0 0 0 0 0 0 0 0 0 0 0 0 0 0 0 0 0 0 0 0 0 0 0 0 0 0 0 0 0 0 0 0 0 0 0 0 0 0 0 0 0 0 0 0 0 0 0 0 0 
[CCD拟图]
CCDLRC0=27 97 62 
CCDLRC1=27 97 62 
CCDLRC2=0 0 0 
[反馈数据]
0=68
1=84
2=76
3=4933
4=500
5=500
6=8
7=0
8=0
9=0
10=108
11=3978
12=4313
[控制固参]
0=0
