[CCD原图]
CCD0=54 60 66 66 72 73 77 74 77 74 76 74 77 75 77 75 77 75 78 76 79 78 76 76 78 75 79 85 113 123 128 134 141 145 150 150 151 140 139 134 129 126 128 125 129 125 128 127 130 128 131 130 128 127 132 127 131 130 134 134 135 128 139 131 137 136 136 137 138 136 140 143 153 155 164 160 162 164 163 155 152 141 142 137 138 133 135 137 133 133 131 128 131 127 128 107 84 79 80 78 82 81 83 82 83 81 83 82 82 81 82 80 82 78 81 78 81 79 81 79 81 79 81 78 80 80 83 82 
CCD1=0 0 0 0 0 0 0 0 0 0 0 0 0 0 0 0 0 0 0 0 0 0 0 0 0 0 0 0 0 0 0 0 0 0 0 0 0 0 0 0 0 0 0 0 0 0 0 0 0 0 0 0 0 0 0 0 0 0 0 0 0 0 0 0 0 0 0 0 0 0 0 0 0 0 0 0 0 0 0 0 0 0 0 0 0 0 0 0 0 0 0 0 0 0 0 0 0 0 0 0 0 0 0 0 0 0 0 0 0 0 0 0 0 0 0 0 0 0 0 0 0 0 0 0 0 0 0 0 
[CCD拟图]
CCDLRC0=26 97 61 
CCDLRC1=26 97 61 
CCDLRC2=0 0 0 
[反馈数据]
0=68
1=84
2=76
3=4933
4=500
5=500
6=8
7=0
8=0
9=0
10=112
11=3982
12=4317
[控制固参]
0=0
