[CCD原图]
CCD0=53 60 66 65 73 73 77 74 77 73 76 74 77 74 77 75 77 76 78 76 79 76 76 75 78 76 84 103 124 129 132 133 135 134 135 130 132 125 129 128 127 124 127 125 130 126 128 129 132 130 132 131 130 130 134 130 134 132 135 134 137 129 140 134 139 136 138 139 140 138 143 146 155 155 164 162 163 157 154 148 146 138 140 135 136 134 133 135 133 132 131 127 130 122 100 81 80 76 79 81 84 81 83 82 83 81 83 82 82 80 82 80 82 79 81 79 81 80 81 79 81 80 82 79 81 80 83 81 
CCD1=0 0 0 0 0 0 0 0 0 0 0 0 0 0 0 0 0 0 0 0 0 0 0 0 0 0 0 0 0 0 0 0 0 0 0 0 0 0 0 0 0 0 0 0 0 0 0 0 0 0 0 0 0 0 0 0 0 0 0 0 0 0 0 0 0 0 0 0 0 0 0 0 0 0 0 0 0 0 0 0 0 0 0 0 0 0 0 0 0 0 0 0 0 0 0 0 0 0 0 0 0 0 0 0 0 0 0 0 0 0 0 0 0 0 0 0 0 0 0 0 0 0 0 0 0 0 0 0 
[CCD拟图]
CCDLRC0=26 95 60 
CCDLRC1=26 95 60 
CCDLRC2=0 0 0 
[反馈数据]
0=68
1=84
2=76
3=4933
4=500
5=500
6=8
7=0
8=0
9=0
10=118
11=3988
12=4323
[控制固参]
0=0
