[CCD原图]
CCD0=53 61 67 67 75 76 81 78 80 76 79 75 78 75 78 76 78 76 79 78 80 78 77 79 81 80 82 81 84 82 83 78 76 74 77 76 93 114 133 145 149 140 133 124 127 122 124 124 126 125 126 126 124 124 128 123 129 126 127 129 131 123 134 128 131 127 128 130 131 131 137 141 147 143 148 142 141 134 131 128 129 123 126 122 123 120 121 122 120 119 117 115 117 114 115 114 115 110 113 110 110 106 108 106 105 98 82 72 72 71 72 69 71 68 70 68 72 71 73 70 71 68 70 69 71 70 73 70 
CCD1=0 0 0 0 0 0 0 0 0 0 0 0 0 0 0 0 0 0 0 0 0 0 0 0 0 0 0 0 0 0 0 0 0 0 0 0 0 0 0 0 0 0 0 0 0 0 0 0 0 0 0 0 0 0 0 0 0 0 0 0 0 0 0 0 0 0 0 0 0 0 0 0 0 0 0 0 0 0 0 0 0 0 0 0 0 0 0 0 0 0 0 0 0 0 0 0 0 0 0 0 0 0 0 0 0 0 0 0 0 0 0 0 0 0 0 0 0 0 0 0 0 0 0 0 0 0 0 0 
[CCD拟图]
CCDLRC0=36 106 71 
CCDLRC1=36 106 71 
CCDLRC2=0 0 0 
[反馈数据]
0=68
1=84
2=76
3=4933
4=500
5=500
6=8
7=0
8=0
9=0
10=123
11=409
12=744
[控制固参]
0=0
