[CCD原图]
CCD0=54 61 66 66 72 74 78 76 78 75 78 75 78 75 77 74 73 72 75 72 80 98 103 112 121 119 122 121 123 121 123 121 123 123 126 125 128 123 129 127 128 127 131 129 134 131 133 134 137 135 137 137 135 134 138 133 140 137 141 142 148 142 160 158 164 163 161 158 153 144 143 139 140 133 138 135 136 134 136 133 136 130 134 130 132 128 125 99 82 80 81 80 84 82 84 82 84 82 84 83 85 81 83 81 83 82 83 81 82 80 82 80 82 79 81 79 81 80 82 79 79 77 79 84 110 124 130 129 
CCD1=0 0 0 0 0 0 0 0 0 0 0 0 0 0 0 0 0 0 0 0 0 0 0 0 0 0 0 0 0 0 0 0 0 0 0 0 0 0 0 0 0 0 0 0 0 0 0 0 0 0 0 0 0 0 0 0 0 0 0 0 0 0 0 0 0 0 0 0 0 0 0 0 0 0 0 0 0 0 0 0 0 0 0 0 0 0 0 0 0 0 0 0 0 0 0 0 0 0 0 0 0 0 0 0 0 0 0 0 0 0 0 0 0 0 0 0 0 0 0 0 0 0 0 0 0 0 0 0 
[CCD拟图]
CCDLRC0=20 88 54 
CCDLRC1=20 88 54 
CCDLRC2=0 0 0 
[反馈数据]
0=68
1=84
2=76
3=4933
4=500
5=500
6=8
7=0
8=0
9=0
10=167
11=4037
12=4372
[控制固参]
0=0
