[CCD原图]
CCD0=54 60 66 67 74 74 79 76 79 76 79 76 78 75 75 73 74 73 75 88 111 114 108 114 121 119 122 120 123 121 121 121 123 124 127 125 128 124 129 129 129 127 130 129 134 131 135 136 139 137 138 138 136 135 140 136 141 141 144 147 154 148 167 162 167 164 156 150 147 142 143 140 141 135 139 136 138 136 136 135 137 132 136 132 132 115 88 81 82 81 85 82 85 82 85 83 86 81 84 82 84 81 83 81 82 82 83 82 83 81 83 80 82 79 82 79 82 80 82 79 81 79 79 77 78 90 126 129 
CCD1=0 0 0 0 0 0 0 0 0 0 0 0 0 0 0 0 0 0 0 0 0 0 0 0 0 0 0 0 0 0 0 0 0 0 0 0 0 0 0 0 0 0 0 0 0 0 0 0 0 0 0 0 0 0 0 0 0 0 0 0 0 0 0 0 0 0 0 0 0 0 0 0 0 0 0 0 0 0 0 0 0 0 0 0 0 0 0 0 0 0 0 0 0 0 0 0 0 0 0 0 0 0 0 0 0 0 0 0 0 0 0 0 0 0 0 0 0 0 0 0 0 0 0 0 0 0 0 0 
[CCD拟图]
CCDLRC0=18 87 52 
CCDLRC1=18 87 52 
CCDLRC2=0 0 0 
[反馈数据]
0=68
1=84
2=76
3=4933
4=500
5=500
6=8
7=0
8=0
9=0
10=176
11=4046
12=4381
[控制固参]
0=0
