[CCD原图]
CCD0=54 62 66 67 74 75 80 77 80 76 79 75 77 73 75 80 103 113 118 116 120 117 110 116 122 120 124 121 124 122 123 122 125 124 127 126 130 127 131 131 132 130 133 131 136 132 135 135 138 137 138 138 136 136 142 137 143 144 149 155 164 156 173 162 164 156 148 145 144 140 141 139 141 135 139 135 137 135 136 134 136 130 131 108 86 79 80 81 84 84 85 83 85 82 84 83 85 82 84 83 83 81 83 81 82 81 82 81 82 80 82 80 81 78 81 78 81 80 81 79 81 79 80 78 80 79 81 76 
CCD1=0 0 0 0 0 0 0 0 0 0 0 0 0 0 0 0 0 0 0 0 0 0 0 0 0 0 0 0 0 0 0 0 0 0 0 0 0 0 0 0 0 0 0 0 0 0 0 0 0 0 0 0 0 0 0 0 0 0 0 0 0 0 0 0 0 0 0 0 0 0 0 0 0 0 0 0 0 0 0 0 0 0 0 0 0 0 0 0 0 0 0 0 0 0 0 0 0 0 0 0 0 0 0 0 0 0 0 0 0 0 0 0 0 0 0 0 0 0 0 0 0 0 0 0 0 0 0 0 
[CCD拟图]
CCDLRC0=15 85 50 
CCDLRC1=15 85 50 
CCDLRC2=0 0 0 
[反馈数据]
0=68
1=84
2=76
3=4933
4=500
5=500
6=8
7=0
8=0
9=0
10=184
11=4054
12=4389
[控制固参]
0=0
