[CCD原图]
CCD0=54 62 67 67 74 75 77 70 71 69 77 96 112 110 114 112 113 114 118 115 119 116 108 114 119 118 121 120 123 121 122 121 123 124 127 125 129 125 129 129 129 128 131 130 134 131 134 134 137 135 137 136 134 134 140 137 144 142 147 154 162 147 152 139 142 138 138 138 139 136 138 136 138 130 130 116 94 78 79 77 80 80 85 83 85 83 85 84 85 83 84 82 83 81 83 82 83 81 83 81 83 79 82 80 81 80 81 80 81 80 81 79 81 78 80 78 80 78 80 78 79 78 80 78 79 79 82 80 
CCD1=0 0 0 0 0 0 0 0 0 0 0 0 0 0 0 0 0 0 0 0 0 0 0 0 0 0 0 0 0 0 0 0 0 0 0 0 0 0 0 0 0 0 0 0 0 0 0 0 0 0 0 0 0 0 0 0 0 0 0 0 0 0 0 0 0 0 0 0 0 0 0 0 0 0 0 0 0 0 0 0 0 0 0 0 0 0 0 0 0 0 0 0 0 0 0 0 0 0 0 0 0 0 0 0 0 0 0 0 0 0 0 0 0 0 0 0 0 0 0 0 0 0 0 0 0 0 0 0 
[CCD拟图]
CCDLRC0=9 76 42 
CCDLRC1=9 76 42 
CCDLRC2=0 0 0 
[反馈数据]
0=68
1=84
2=76
3=4933
4=500
5=500
6=8
7=0
8=0
9=0
10=209
11=4079
12=4414
[控制固参]
0=0
