[CCD原图]
CCD0=54 61 67 67 74 74 80 77 79 76 77 70 70 68 71 75 98 113 121 120 124 122 113 121 127 124 128 125 128 126 126 126 128 126 128 127 132 128 134 134 134 132 135 132 138 134 138 139 141 139 141 142 139 137 142 137 141 139 140 143 148 140 154 149 154 151 150 150 150 146 147 145 146 141 146 143 145 143 143 141 141 113 86 79 81 81 85 84 85 84 84 82 84 82 84 82 84 81 83 82 83 80 82 80 81 80 82 81 82 80 82 79 81 78 81 78 80 79 81 79 80 78 81 78 79 79 81 81 
CCD1=0 0 0 0 0 0 0 0 0 0 0 0 0 0 0 0 0 0 0 0 0 0 0 0 0 0 0 0 0 0 0 0 0 0 0 0 0 0 0 0 0 0 0 0 0 0 0 0 0 0 0 0 0 0 0 0 0 0 0 0 0 0 0 0 0 0 0 0 0 0 0 0 0 0 0 0 0 0 0 0 0 0 0 0 0 0 0 0 0 0 0 0 0 0 0 0 0 0 0 0 0 0 0 0 0 0 0 0 0 0 0 0 0 0 0 0 0 0 0 0 0 0 0 0 0 0 0 0 
[CCD拟图]
CCDLRC0=14 82 48 
CCDLRC1=14 82 48 
CCDLRC2=0 0 0 
[反馈数据]
0=68
1=84
2=76
3=4933
4=500
5=500
6=8
7=0
8=0
9=0
10=228
11=4098
12=4433
[控制固参]
0=0
