[CCD原图]
CCD0=58 68 78 83 101 110 120 117 120 115 116 114 116 112 113 114 114 113 118 115 119 115 108 114 121 118 121 119 122 121 121 121 123 123 125 124 128 123 129 127 128 126 130 127 131 128 131 131 133 133 134 133 132 130 135 130 136 134 136 138 140 131 140 128 124 109 95 82 78 76 79 77 80 78 83 85 89 87 88 86 88 84 86 84 85 83 84 83 83 81 83 80 82 79 81 80 82 79 81 80 81 79 81 79 80 79 80 80 81 78 80 79 80 78 81 78 81 80 82 80 82 81 83 82 83 83 86 85 
CCD1=0 0 0 0 0 0 0 0 0 0 0 0 0 0 0 0 0 0 0 0 0 0 0 0 0 0 0 0 0 0 0 0 0 0 0 0 0 0 0 0 0 0 0 0 0 0 0 0 0 0 0 0 0 0 0 0 0 0 0 0 0 0 0 0 0 0 0 0 0 0 0 0 0 0 0 0 0 0 0 0 0 0 0 0 0 0 0 0 0 0 0 0 0 0 0 0 0 0 0 0 0 0 0 0 0 0 0 0 0 0 0 0 0 0 0 0 0 0 0 0 0 0 0 0 0 0 0 0 
[CCD拟图]
CCDLRC0=6 69 31 
CCDLRC1=6 69 31 
CCDLRC2=0 0 0 
[反馈数据]
0=68
1=84
2=76
3=4933
4=500
5=500
6=8
7=0
8=0
9=0
10=7
11=4133
12=4468
[控制固参]
0=0
