[CCD原图]
CCD0=56 65 72 77 90 97 106 104 106 101 103 100 104 100 102 101 102 102 105 103 107 104 99 103 109 107 109 107 111 109 109 109 110 110 112 111 115 110 116 115 116 114 116 115 119 117 120 121 123 121 122 121 118 114 115 108 107 100 95 87 85 79 80 76 78 75 79 78 80 78 81 80 81 78 81 78 80 76 78 76 79 76 79 76 79 75 78 77 78 76 77 75 77 75 77 75 77 74 76 74 76 73 75 73 75 74 75 73 75 73 76 74 76 72 75 73 75 73 75 73 75 73 75 73 74 73 75 73 
CCD1=0 0 0 0 0 0 0 0 0 0 0 0 0 0 0 0 0 0 0 0 0 0 0 0 0 0 0 0 0 0 0 0 0 0 0 0 0 0 0 0 0 0 0 0 0 0 0 0 0 0 0 0 0 0 0 0 0 0 0 0 0 0 0 0 0 0 0 0 0 0 0 0 0 0 0 0 0 0 0 0 0 0 0 0 0 0 0 0 0 0 0 0 0 0 0 0 0 0 0 0 0 0 0 0 0 0 0 0 0 0 0 0 0 0 0 0 0 0 0 0 0 0 0 0 0 0 0 0 
[CCD拟图]
CCDLRC0=6 65 27 
CCDLRC1=6 65 27 
CCDLRC2=0 0 0 
[反馈数据]
0=68
1=84
2=76
3=4933
4=500
5=500
6=8
7=0
8=0
9=0
10=59
11=4185
12=4520
[控制固参]
0=0
