[CCD原图]
CCD0=52 58 63 62 67 66 71 67 71 67 70 67 70 67 69 66 67 66 69 68 71 69 69 69 72 69 72 70 72 70 71 70 72 70 73 70 73 70 73 71 73 70 73 71 74 72 73 72 75 72 76 73 75 72 75 73 75 74 76 74 76 72 74 70 71 68 71 71 74 73 75 73 75 73 76 73 76 74 75 74 77 73 76 74 76 74 76 75 76 74 76 74 76 74 76 74 76 74 77 75 76 73 76 74 75 73 75 73 75 73 75 73 74 71 73 71 74 72 74 72 73 72 73 71 73 72 75 72 
CCD1=0 0 0 0 0 0 0 0 0 0 0 0 0 0 0 0 0 0 0 0 0 0 0 0 0 0 0 0 0 0 0 0 0 0 0 0 0 0 0 0 0 0 0 0 0 0 0 0 0 0 0 0 0 0 0 0 0 0 0 0 0 0 0 0 0 0 0 0 0 0 0 0 0 0 0 0 0 0 0 0 0 0 0 0 0 0 0 0 0 0 0 0 0 0 0 0 0 0 0 0 0 0 0 0 0 0 0 0 0 0 0 0 0 0 0 0 0 0 0 0 0 0 0 0 0 0 0 0 
[CCD拟图]
CCDLRC0=6 122 27 
CCDLRC1=6 122 27 
CCDLRC2=0 0 0 
[反馈数据]
0=68
1=84
2=76
3=4933
4=500
5=500
6=8
7=0
8=0
9=0
10=78
11=4204
12=4539
[控制固参]
0=0
