[CCD原图]
CCD0=54 61 67 67 75 76 82 77 80 74 73 70 72 71 94 109 113 114 119 117 121 118 110 117 124 121 124 123 126 124 125 125 127 127 131 131 135 130 135 133 134 132 135 130 133 129 130 131 132 130 131 130 128 126 130 125 129 127 129 128 130 121 132 125 129 127 127 128 128 125 128 125 128 124 130 130 136 135 133 128 126 118 120 116 117 113 114 115 113 109 102 90 82 75 76 74 77 75 78 75 76 73 75 74 75 73 76 73 75 72 74 72 74 70 72 69 70 67 71 70 72 70 72 69 71 71 73 71 
CCD1=0 0 0 0 0 0 0 0 0 0 0 0 0 0 0 0 0 0 0 0 0 0 0 0 0 0 0 0 0 0 0 0 0 0 0 0 0 0 0 0 0 0 0 0 0 0 0 0 0 0 0 0 0 0 0 0 0 0 0 0 0 0 0 0 0 0 0 0 0 0 0 0 0 0 0 0 0 0 0 0 0 0 0 0 0 0 0 0 0 0 0 0 0 0 0 0 0 0 0 0 0 0 0 0 0 0 0 0 0 0 0 0 0 0 0 0 0 0 0 0 0 0 0 0 0 0 0 0 
[CCD拟图]
CCDLRC0=14 93 53 
CCDLRC1=14 93 53 
CCDLRC2=0 0 0 
[反馈数据]
0=68
1=84
2=76
3=4933
4=500
5=500
6=8
7=0
8=0
9=0
10=146
11=432
12=767
[控制固参]
0=0
