[CCD原图]
CCD0=51 57 62 61 67 66 69 66 69 66 68 66 68 66 68 66 68 66 69 67 70 67 68 67 70 68 70 68 71 68 70 68 69 68 70 68 71 68 70 67 69 67 70 68 71 68 70 68 70 68 71 68 69 68 71 68 70 67 70 68 71 67 70 67 70 68 69 69 70 68 70 68 69 67 69 67 69 66 68 67 69 66 69 66 68 66 67 65 67 65 67 65 67 64 67 64 67 65 67 66 68 68 78 77 81 73 69 66 68 65 67 66 68 65 67 65 67 65 67 65 67 65 67 64 67 65 67 65 
CCD1=0 0 0 0 0 0 0 0 0 0 0 0 0 0 0 0 0 0 0 0 0 0 0 0 0 0 0 0 0 0 0 0 0 0 0 0 0 0 0 0 0 0 0 0 0 0 0 0 0 0 0 0 0 0 0 0 0 0 0 0 0 0 0 0 0 0 0 0 0 0 0 0 0 0 0 0 0 0 0 0 0 0 0 0 0 0 0 0 0 0 0 0 0 0 0 0 0 0 0 0 0 0 0 0 0 0 0 0 0 0 0 0 0 0 0 0 0 0 0 0 0 0 0 0 0 0 0 0 
[CCD拟图]
CCDLRC0=6 97 51 
CCDLRC1=6 97 51 
CCDLRC2=0 0 0 
[反馈数据]
0=68
1=84
2=76
3=4933
4=500
5=500
6=8
7=0
8=0
9=0
10=153
11=4279
12=4614
[控制固参]
0=0
