[CCD原图]
CCD0=55 62 69 71 81 86 92 89 91 87 89 86 88 86 89 89 90 87 91 87 90 88 85 86 91 89 91 90 92 90 91 89 91 89 91 89 93 88 91 89 89 84 84 79 80 76 77 76 79 78 82 82 84 83 86 83 87 86 88 87 89 84 90 86 90 87 88 86 87 85 88 86 86 82 87 83 84 81 82 81 83 80 82 79 82 80 82 81 81 79 79 77 79 77 79 78 79 77 79 76 78 75 77 75 76 76 79 81 94 105 117 119 111 96 87 78 79 78 79 76 78 76 77 75 76 76 79 78 
CCD1=0 0 0 0 0 0 0 0 0 0 0 0 0 0 0 0 0 0 0 0 0 0 0 0 0 0 0 0 0 0 0 0 0 0 0 0 0 0 0 0 0 0 0 0 0 0 0 0 0 0 0 0 0 0 0 0 0 0 0 0 0 0 0 0 0 0 0 0 0 0 0 0 0 0 0 0 0 0 0 0 0 0 0 0 0 0 0 0 0 0 0 0 0 0 0 0 0 0 0 0 0 0 0 0 0 0 0 0 0 0 0 0 0 0 0 0 0 0 0 0 0 0 0 0 0 0 0 0 
[CCD拟图]
CCDLRC0=6 97 51 
CCDLRC1=6 97 51 
CCDLRC2=0 0 0 
[反馈数据]
0=68
1=84
2=76
3=4933
4=500
5=500
6=8
7=0
8=0
9=0
10=161
11=4287
12=4622
[控制固参]
0=0
