[CCD原图]
CCD0=53 61 67 67 76 78 84 81 84 80 83 81 83 81 83 81 83 81 84 82 84 81 79 80 83 80 82 79 82 79 81 79 81 79 81 79 82 79 82 81 82 80 82 80 82 76 77 76 80 84 87 85 86 85 87 84 87 86 88 87 90 85 90 86 89 87 88 88 89 86 89 86 88 85 88 86 88 86 87 86 88 85 87 85 87 84 86 85 86 84 85 83 85 82 86 84 86 83 85 84 85 82 84 82 83 83 85 83 84 82 84 82 84 80 83 81 83 81 84 81 84 81 83 82 83 84 87 85 
CCD1=0 0 0 0 0 0 0 0 0 0 0 0 0 0 0 0 0 0 0 0 0 0 0 0 0 0 0 0 0 0 0 0 0 0 0 0 0 0 0 0 0 0 0 0 0 0 0 0 0 0 0 0 0 0 0 0 0 0 0 0 0 0 0 0 0 0 0 0 0 0 0 0 0 0 0 0 0 0 0 0 0 0 0 0 0 0 0 0 0 0 0 0 0 0 0 0 0 0 0 0 0 0 0 0 0 0 0 0 0 0 0 0 0 0 0 0 0 0 0 0 0 0 0 0 0 0 0 0 
[CCD拟图]
CCDLRC0=117 123 117 
CCDLRC1=117 123 117 
CCDLRC2=0 0 0 
[反馈数据]
0=68
1=84
2=76
3=4933
4=500
5=500
6=8
7=0
8=0
9=0
10=35
11=4417
12=4752
[控制固参]
0=0
