[CCD原图]
CCD0=60 70 79 86 104 114 125 122 125 119 121 119 122 119 120 121 120 119 123 121 123 119 109 114 119 116 117 114 116 113 114 113 114 113 114 112 115 110 115 114 114 114 116 113 115 103 103 103 111 123 127 126 125 125 128 125 130 128 130 130 132 124 135 129 133 131 132 131 132 128 130 129 131 126 130 126 130 127 128 126 128 123 128 124 126 123 126 126 125 123 122 120 122 120 123 122 124 120 123 121 122 118 121 118 119 120 122 121 119 119 119 119 119 114 119 115 119 116 118 115 119 117 119 116 116 121 126 127 
CCD1=0 0 0 0 0 0 0 0 0 0 0 0 0 0 0 0 0 0 0 0 0 0 0 0 0 0 0 0 0 0 0 0 0 0 0 0 0 0 0 0 0 0 0 0 0 0 0 0 0 0 0 0 0 0 0 0 0 0 0 0 0 0 0 0 0 0 0 0 0 0 0 0 0 0 0 0 0 0 0 0 0 0 0 0 0 0 0 0 0 0 0 0 0 0 0 0 0 0 0 0 0 0 0 0 0 0 0 0 0 0 0 0 0 0 0 0 0 0 0 0 0 0 0 0 0 0 0 0 
[CCD拟图]
CCDLRC0=117 123 117 
CCDLRC1=117 123 117 
CCDLRC2=0 0 0 
[反馈数据]
0=68
1=84
2=76
3=4933
4=500
5=500
6=8
7=0
8=0
9=0
10=210
11=4592
12=4927
[控制固参]
0=0
