[CCD原图]
CCD0=53 60 67 68 76 78 84 82 84 80 83 80 83 80 83 81 83 81 84 82 84 81 79 79 82 80 82 80 82 80 81 79 81 80 81 79 81 78 82 80 82 80 82 79 82 76 77 75 80 84 87 84 86 85 87 84 88 86 88 87 90 85 90 86 89 87 89 88 88 87 89 87 89 86 88 85 88 86 87 85 88 85 87 85 86 84 86 85 86 84 85 83 85 83 85 84 86 83 86 84 85 82 85 82 84 83 84 83 84 82 84 82 84 80 84 81 83 81 84 81 83 81 84 81 82 83 87 86 
CCD1=0 0 0 0 0 0 0 0 0 0 0 0 0 0 0 0 0 0 0 0 0 0 0 0 0 0 0 0 0 0 0 0 0 0 0 0 0 0 0 0 0 0 0 0 0 0 0 0 0 0 0 0 0 0 0 0 0 0 0 0 0 0 0 0 0 0 0 0 0 0 0 0 0 0 0 0 0 0 0 0 0 0 0 0 0 0 0 0 0 0 0 0 0 0 0 0 0 0 0 0 0 0 0 0 0 0 0 0 0 0 0 0 0 0 0 0 0 0 0 0 0 0 0 0 0 0 0 0 
[CCD拟图]
CCDLRC0=117 123 117 
CCDLRC1=117 123 117 
CCDLRC2=0 0 0 
[反馈数据]
0=68
1=84
2=76
3=4933
4=500
5=500
6=8
7=0
8=0
9=0
10=70
11=4708
12=5043
[控制固参]
0=0
