[CCD原图]
CCD0=53 61 66 68 76 77 83 81 84 81 82 81 83 80 82 81 82 81 84 81 83 81 79 78 82 79 81 79 82 79 80 79 80 79 81 79 81 78 81 80 81 80 82 80 82 76 78 75 80 84 87 85 86 84 87 85 88 87 88 87 89 84 91 86 89 87 89 87 89 86 89 86 89 85 88 85 89 86 88 85 87 84 87 85 86 83 86 86 85 84 85 82 84 83 85 84 86 83 85 84 85 82 84 82 83 82 84 83 84 82 84 82 84 80 84 80 83 81 83 81 83 81 84 81 82 84 87 85 
CCD1=0 0 0 0 0 0 0 0 0 0 0 0 0 0 0 0 0 0 0 0 0 0 0 0 0 0 0 0 0 0 0 0 0 0 0 0 0 0 0 0 0 0 0 0 0 0 0 0 0 0 0 0 0 0 0 0 0 0 0 0 0 0 0 0 0 0 0 0 0 0 0 0 0 0 0 0 0 0 0 0 0 0 0 0 0 0 0 0 0 0 0 0 0 0 0 0 0 0 0 0 0 0 0 0 0 0 0 0 0 0 0 0 0 0 0 0 0 0 0 0 0 0 0 0 0 0 0 0 
[CCD拟图]
CCDLRC0=117 123 117 
CCDLRC1=117 123 117 
CCDLRC2=0 0 0 
[反馈数据]
0=68
1=84
2=76
3=4933
4=500
5=500
6=8
7=0
8=0
9=0
10=71
11=4709
12=5044
[控制固参]
0=0
