[CCD原图]
CCD0=54 61 67 67 76 76 81 79 81 77 79 77 79 76 79 77 79 77 79 74 75 73 72 76 96 107 114 115 119 116 117 117 120 120 123 122 125 121 127 128 130 131 137 136 140 136 136 134 136 132 132 131 128 126 129 124 128 126 128 128 130 122 134 127 132 131 130 131 131 128 130 129 132 127 132 129 132 130 133 133 135 131 135 133 136 133 135 138 136 136 135 132 133 130 132 131 131 125 123 112 99 80 76 74 75 74 76 74 78 76 77 75 77 74 76 73 75 73 75 71 72 69 71 70 73 71 73 71 
CCD1=0 0 0 0 0 0 0 0 0 0 0 0 0 0 0 0 0 0 0 0 0 0 0 0 0 0 0 0 0 0 0 0 0 0 0 0 0 0 0 0 0 0 0 0 0 0 0 0 0 0 0 0 0 0 0 0 0 0 0 0 0 0 0 0 0 0 0 0 0 0 0 0 0 0 0 0 0 0 0 0 0 0 0 0 0 0 0 0 0 0 0 0 0 0 0 0 0 0 0 0 0 0 0 0 0 0 0 0 0 0 0 0 0 0 0 0 0 0 0 0 0 0 0 0 0 0 0 0 
[CCD拟图]
CCDLRC0=24 102 63 
CCDLRC1=24 102 63 
CCDLRC2=0 0 0 
[反馈数据]
0=68
1=84
2=76
3=4933
4=500
5=500
6=8
7=0
8=0
9=0
10=225
11=511
12=846
[控制固参]
0=0
