[CCD原图]
CCD0=53 61 66 67 74 76 81 78 81 78 80 78 80 77 80 79 80 79 81 80 81 79 78 79 83 81 82 78 79 76 79 84 97 108 117 118 123 120 127 127 131 134 146 149 158 157 158 155 151 141 137 134 131 129 133 129 133 131 133 132 135 126 137 131 134 132 132 132 133 130 133 131 134 128 133 129 133 130 132 131 134 131 136 134 137 136 137 138 135 134 131 127 130 125 125 125 126 121 123 121 120 108 90 77 76 74 76 75 78 76 77 75 76 73 76 73 76 74 75 71 73 71 73 71 73 72 75 73 
CCD1=0 0 0 0 0 0 0 0 0 0 0 0 0 0 0 0 0 0 0 0 0 0 0 0 0 0 0 0 0 0 0 0 0 0 0 0 0 0 0 0 0 0 0 0 0 0 0 0 0 0 0 0 0 0 0 0 0 0 0 0 0 0 0 0 0 0 0 0 0 0 0 0 0 0 0 0 0 0 0 0 0 0 0 0 0 0 0 0 0 0 0 0 0 0 0 0 0 0 0 0 0 0 0 0 0 0 0 0 0 0 0 0 0 0 0 0 0 0 0 0 0 0 0 0 0 0 0 0 
[CCD拟图]
CCDLRC0=28 102 65 
CCDLRC1=28 102 65 
CCDLRC2=0 0 0 
[反馈数据]
0=68
1=84
2=76
3=4933
4=500
5=500
6=8
7=0
8=0
9=0
10=14
11=556
12=891
[控制固参]
0=0
