[CCD原图]
CCD0=54 61 67 67 75 77 83 80 82 80 83 79 81 78 81 79 78 73 74 73 76 82 96 110 120 118 123 123 129 128 127 126 128 129 132 134 142 144 158 164 165 161 156 144 142 134 133 132 134 131 132 131 129 128 132 127 131 129 131 131 133 124 135 129 133 130 130 130 131 128 129 127 127 120 124 122 126 125 129 129 138 140 152 157 169 172 174 175 159 147 137 128 127 117 108 92 85 79 81 80 82 78 79 77 80 79 81 80 80 78 79 76 78 75 77 75 78 76 76 72 74 73 74 72 74 73 75 72 
CCD1=0 0 0 0 0 0 0 0 0 0 0 0 0 0 0 0 0 0 0 0 0 0 0 0 0 0 0 0 0 0 0 0 0 0 0 0 0 0 0 0 0 0 0 0 0 0 0 0 0 0 0 0 0 0 0 0 0 0 0 0 0 0 0 0 0 0 0 0 0 0 0 0 0 0 0 0 0 0 0 0 0 0 0 0 0 0 0 0 0 0 0 0 0 0 0 0 0 0 0 0 0 0 0 0 0 0 0 0 0 0 0 0 0 0 0 0 0 0 0 0 0 0 0 0 0 0 0 0 
[CCD拟图]
CCDLRC0=22 97 59 
CCDLRC1=22 97 59 
CCDLRC2=0 0 0 
[反馈数据]
0=68
1=84
2=76
3=4933
4=500
5=500
6=8
7=0
8=0
9=0
10=48
11=590
12=925
[控制固参]
0=0
