[CCD原图]
CCD0=54 61 67 68 75 77 83 80 83 80 83 80 81 79 81 74 73 72 75 77 99 111 108 114 121 119 124 125 128 124 125 127 130 132 136 140 150 152 166 171 171 164 157 144 143 134 133 132 133 128 131 132 129 128 131 126 131 129 131 130 132 124 135 128 131 129 129 129 130 127 129 128 130 125 129 126 129 127 130 131 135 130 135 131 132 128 129 134 131 125 106 90 84 79 81 81 83 82 84 82 82 79 82 78 80 79 81 79 80 78 78 76 77 74 77 75 78 75 75 72 74 73 74 72 74 72 75 72 
CCD1=0 0 0 0 0 0 0 0 0 0 0 0 0 0 0 0 0 0 0 0 0 0 0 0 0 0 0 0 0 0 0 0 0 0 0 0 0 0 0 0 0 0 0 0 0 0 0 0 0 0 0 0 0 0 0 0 0 0 0 0 0 0 0 0 0 0 0 0 0 0 0 0 0 0 0 0 0 0 0 0 0 0 0 0 0 0 0 0 0 0 0 0 0 0 0 0 0 0 0 0 0 0 0 0 0 0 0 0 0 0 0 0 0 0 0 0 0 0 0 0 0 0 0 0 0 0 0 0 
[CCD拟图]
CCDLRC0=20 93 56 
CCDLRC1=20 93 56 
CCDLRC2=0 0 0 
[反馈数据]
0=68
1=84
2=76
3=4933
4=500
5=500
6=8
7=0
8=0
9=0
10=51
11=593
12=928
[控制固参]
0=0
