[CCD原图]
CCD0=54 62 67 68 76 78 84 82 84 80 83 79 82 76 76 75 90 110 118 115 119 117 109 115 122 121 124 123 126 126 128 129 135 141 147 150 155 149 155 153 150 146 145 137 137 130 131 130 132 130 131 130 128 127 130 126 130 128 130 129 131 122 133 126 131 127 127 127 128 125 128 126 129 123 128 125 128 127 130 129 139 142 141 112 88 76 75 73 75 78 84 84 85 82 84 82 83 80 83 81 82 80 81 79 80 78 80 78 79 77 78 76 78 74 76 73 75 72 74 72 75 72 74 72 74 73 74 72 
CCD1=0 0 0 0 0 0 0 0 0 0 0 0 0 0 0 0 0 0 0 0 0 0 0 0 0 0 0 0 0 0 0 0 0 0 0 0 0 0 0 0 0 0 0 0 0 0 0 0 0 0 0 0 0 0 0 0 0 0 0 0 0 0 0 0 0 0 0 0 0 0 0 0 0 0 0 0 0 0 0 0 0 0 0 0 0 0 0 0 0 0 0 0 0 0 0 0 0 0 0 0 0 0 0 0 0 0 0 0 0 0 0 0 0 0 0 0 0 0 0 0 0 0 0 0 0 0 0 0 
[CCD拟图]
CCDLRC0=16 86 51 
CCDLRC1=16 86 51 
CCDLRC2=0 0 0 
[反馈数据]
0=68
1=84
2=76
3=4933
4=500
5=500
6=8
7=0
8=0
9=0
10=56
11=598
12=933
[控制固参]
0=0
