[CCD原图]
CCD0=54 62 67 68 76 79 84 82 85 81 82 79 81 73 75 77 99 112 118 115 120 117 109 115 123 120 124 123 126 125 129 132 140 148 155 155 158 151 154 150 147 142 141 134 135 129 131 130 132 130 131 130 128 127 131 126 130 128 129 128 131 123 133 127 130 127 128 127 128 124 128 125 128 124 128 125 128 127 129 130 140 129 105 81 77 75 77 75 78 81 85 83 85 82 84 82 84 80 82 81 82 79 81 79 80 78 79 76 77 75 77 75 78 75 76 72 73 72 75 72 74 72 74 72 73 72 74 71 
CCD1=0 0 0 0 0 0 0 0 0 0 0 0 0 0 0 0 0 0 0 0 0 0 0 0 0 0 0 0 0 0 0 0 0 0 0 0 0 0 0 0 0 0 0 0 0 0 0 0 0 0 0 0 0 0 0 0 0 0 0 0 0 0 0 0 0 0 0 0 0 0 0 0 0 0 0 0 0 0 0 0 0 0 0 0 0 0 0 0 0 0 0 0 0 0 0 0 0 0 0 0 0 0 0 0 0 0 0 0 0 0 0 0 0 0 0 0 0 0 0 0 0 0 0 0 0 0 0 0 
[CCD拟图]
CCDLRC0=15 85 50 
CCDLRC1=15 85 50 
CCDLRC2=0 0 0 
[反馈数据]
0=68
1=84
2=76
3=4933
4=500
5=500
6=8
7=0
8=0
9=0
10=57
11=599
12=934
[控制固参]
0=0
