[CCD原图]
CCD0=54 62 68 68 77 79 85 82 84 81 81 74 73 70 73 73 95 110 120 119 124 121 114 121 128 126 130 129 133 130 131 130 133 131 133 133 138 134 139 138 139 136 139 135 138 134 135 135 137 134 136 135 131 130 133 128 133 131 132 131 133 125 137 130 136 133 132 134 135 131 133 132 134 129 134 131 134 132 135 132 132 107 84 75 77 74 78 82 84 84 85 83 85 82 85 82 84 81 83 81 82 79 82 79 80 78 77 74 75 74 78 76 78 74 75 73 75 72 73 72 74 71 74 71 73 72 74 72 
CCD1=0 0 0 0 0 0 0 0 0 0 0 0 0 0 0 0 0 0 0 0 0 0 0 0 0 0 0 0 0 0 0 0 0 0 0 0 0 0 0 0 0 0 0 0 0 0 0 0 0 0 0 0 0 0 0 0 0 0 0 0 0 0 0 0 0 0 0 0 0 0 0 0 0 0 0 0 0 0 0 0 0 0 0 0 0 0 0 0 0 0 0 0 0 0 0 0 0 0 0 0 0 0 0 0 0 0 0 0 0 0 0 0 0 0 0 0 0 0 0 0 0 0 0 0 0 0 0 0 
[CCD拟图]
CCDLRC0=15 82 48 
CCDLRC1=15 82 48 
CCDLRC2=0 0 0 
[反馈数据]
0=68
1=84
2=76
3=4933
4=500
5=500
6=8
7=0
8=0
9=0
10=68
11=610
12=945
[控制固参]
0=0
