[CCD原图]
CCD0=54 61 68 68 76 79 85 81 84 80 82 75 73 70 73 73 93 111 121 120 124 122 114 121 127 127 130 127 132 130 131 130 132 130 131 130 135 131 138 139 139 136 139 136 140 135 136 135 137 134 134 134 132 130 133 128 132 130 131 130 133 124 136 130 135 133 133 133 134 131 134 132 135 129 134 132 134 132 134 133 134 120 91 76 78 76 79 80 85 84 85 83 85 82 84 82 84 81 83 81 82 79 81 79 79 78 79 78 78 75 78 76 77 75 76 73 74 70 72 71 73 72 73 71 73 71 74 72 
CCD1=0 0 0 0 0 0 0 0 0 0 0 0 0 0 0 0 0 0 0 0 0 0 0 0 0 0 0 0 0 0 0 0 0 0 0 0 0 0 0 0 0 0 0 0 0 0 0 0 0 0 0 0 0 0 0 0 0 0 0 0 0 0 0 0 0 0 0 0 0 0 0 0 0 0 0 0 0 0 0 0 0 0 0 0 0 0 0 0 0 0 0 0 0 0 0 0 0 0 0 0 0 0 0 0 0 0 0 0 0 0 0 0 0 0 0 0 0 0 0 0 0 0 0 0 0 0 0 0 
[CCD拟图]
CCDLRC0=15 83 49 
CCDLRC1=15 83 49 
CCDLRC2=0 0 0 
[反馈数据]
0=68
1=84
2=76
3=4933
4=500
5=500
6=8
7=0
8=0
9=0
10=71
11=613
12=948
[控制固参]
0=0
