[CCD原图]
CCD0=54 62 68 69 77 79 85 81 83 80 80 75 76 82 110 118 119 118 123 121 124 122 115 122 128 127 130 127 131 128 129 130 133 132 135 135 139 134 140 140 139 137 139 135 139 135 136 137 139 137 137 136 134 131 136 131 135 132 134 133 135 126 138 131 136 135 133 134 135 134 137 135 138 131 136 132 135 135 136 135 137 133 129 97 89 87 87 86 88 85 86 84 86 84 85 83 85 82 83 80 81 77 80 79 81 79 80 79 79 78 79 77 79 75 77 75 77 74 74 70 72 72 75 72 74 72 74 72 
CCD1=0 0 0 0 0 0 0 0 0 0 0 0 0 0 0 0 0 0 0 0 0 0 0 0 0 0 0 0 0 0 0 0 0 0 0 0 0 0 0 0 0 0 0 0 0 0 0 0 0 0 0 0 0 0 0 0 0 0 0 0 0 0 0 0 0 0 0 0 0 0 0 0 0 0 0 0 0 0 0 0 0 0 0 0 0 0 0 0 0 0 0 0 0 0 0 0 0 0 0 0 0 0 0 0 0 0 0 0 0 0 0 0 0 0 0 0 0 0 0 0 0 0 0 0 0 0 0 0 
[CCD拟图]
CCDLRC0=12 122 67 
CCDLRC1=12 122 67 
CCDLRC2=0 0 0 
[反馈数据]
0=68
1=84
2=76
3=4933
4=500
5=500
6=8
7=0
8=0
9=0
10=86
11=628
12=963
[控制固参]
0=0
