[CCD原图]
CCD0=52 59 65 64 70 71 75 73 75 72 75 72 75 71 74 72 75 73 76 74 76 73 73 70 72 70 72 70 87 103 110 113 116 115 118 116 119 115 119 117 117 116 119 116 121 116 118 115 116 112 113 112 113 113 118 115 122 120 122 123 126 118 129 121 125 122 122 121 122 118 119 116 118 110 114 113 117 116 119 118 122 117 122 119 120 117 119 120 118 117 117 114 115 112 114 108 90 74 75 72 74 71 74 72 73 72 73 71 73 71 72 70 72 69 71 68 71 69 71 68 70 68 69 68 69 68 70 68 
CCD1=0 0 0 0 0 0 0 0 0 0 0 0 0 0 0 0 0 0 0 0 0 0 0 0 0 0 0 0 0 0 0 0 0 0 0 0 0 0 0 0 0 0 0 0 0 0 0 0 0 0 0 0 0 0 0 0 0 0 0 0 0 0 0 0 0 0 0 0 0 0 0 0 0 0 0 0 0 0 0 0 0 0 0 0 0 0 0 0 0 0 0 0 0 0 0 0 0 0 0 0 0 0 0 0 0 0 0 0 0 0 0 0 0 0 0 0 0 0 0 0 0 0 0 0 0 0 0 0 
[CCD拟图]
CCDLRC0=27 97 62 
CCDLRC1=27 97 62 
CCDLRC2=0 0 0 
[反馈数据]
0=68
1=84
2=76
3=4933
4=500
5=500
6=8
7=0
8=0
9=0
10=41
11=71
12=406
[控制固参]
0=0
