[CCD原图]
CCD0=54 60 67 67 74 75 80 77 80 76 79 77 79 75 79 78 79 78 81 77 77 75 76 91 115 117 120 119 122 121 124 125 127 127 129 128 131 127 131 130 129 127 130 128 132 129 131 132 135 133 134 134 132 131 134 130 134 132 134 134 136 127 139 131 135 133 131 132 132 128 130 130 132 126 130 127 129 128 129 127 130 124 128 125 128 125 126 129 126 125 120 100 81 76 78 77 83 81 82 81 83 80 82 79 81 80 81 80 80 79 80 78 80 77 80 77 79 77 78 76 78 76 78 76 77 73 73 72 
CCD1=0 0 0 0 0 0 0 0 0 0 0 0 0 0 0 0 0 0 0 0 0 0 0 0 0 0 0 0 0 0 0 0 0 0 0 0 0 0 0 0 0 0 0 0 0 0 0 0 0 0 0 0 0 0 0 0 0 0 0 0 0 0 0 0 0 0 0 0 0 0 0 0 0 0 0 0 0 0 0 0 0 0 0 0 0 0 0 0 0 0 0 0 0 0 0 0 0 0 0 0 0 0 0 0 0 0 0 0 0 0 0 0 0 0 0 0 0 0 0 0 0 0 0 0 0 0 0 0 
[CCD拟图]
CCDLRC0=22 92 57 
CCDLRC1=22 92 57 
CCDLRC2=0 0 0 
[反馈数据]
0=68
1=84
2=76
3=4933
4=500
5=500
6=8
7=0
8=0
9=0
10=172
11=714
12=1049
[控制固参]
0=0
