[CCD原图]
CCD0=53 60 67 67 73 75 79 76 79 77 79 76 78 76 78 77 79 78 80 78 81 79 78 76 80 84 114 126 129 128 128 128 131 131 134 133 137 131 138 136 136 134 137 135 137 133 136 135 137 137 138 138 136 135 139 133 139 138 139 140 142 132 144 137 140 138 137 138 139 136 138 137 138 132 138 134 138 135 137 136 138 133 138 134 136 132 134 137 134 132 131 128 128 104 83 76 78 76 82 81 82 80 82 79 81 79 81 80 80 80 81 79 80 77 79 76 79 77 79 75 78 75 78 76 77 76 77 72 
CCD1=0 0 0 0 0 0 0 0 0 0 0 0 0 0 0 0 0 0 0 0 0 0 0 0 0 0 0 0 0 0 0 0 0 0 0 0 0 0 0 0 0 0 0 0 0 0 0 0 0 0 0 0 0 0 0 0 0 0 0 0 0 0 0 0 0 0 0 0 0 0 0 0 0 0 0 0 0 0 0 0 0 0 0 0 0 0 0 0 0 0 0 0 0 0 0 0 0 0 0 0 0 0 0 0 0 0 0 0 0 0 0 0 0 0 0 0 0 0 0 0 0 0 0 0 0 0 0 0 
[CCD拟图]
CCDLRC0=25 94 59 
CCDLRC1=25 94 59 
CCDLRC2=0 0 0 
[反馈数据]
0=68
1=84
2=76
3=4933
4=500
5=500
6=8
7=0
8=0
9=0
10=189
11=731
12=1066
[控制固参]
0=0
