[CCD原图]
CCD0=53 61 66 67 73 75 80 77 79 76 79 75 78 75 78 76 79 78 80 78 81 79 79 78 80 79 98 122 130 128 130 129 131 131 134 133 137 132 136 136 136 134 137 133 138 133 136 135 138 136 138 137 135 134 138 134 138 137 138 139 141 132 143 136 140 137 137 137 138 135 138 135 138 132 137 134 137 135 137 136 138 133 138 135 136 134 134 136 134 133 132 129 130 117 88 77 78 76 82 82 82 80 82 81 81 80 81 80 81 78 80 78 80 77 79 76 79 77 78 76 78 76 78 76 77 76 78 72 
CCD1=0 0 0 0 0 0 0 0 0 0 0 0 0 0 0 0 0 0 0 0 0 0 0 0 0 0 0 0 0 0 0 0 0 0 0 0 0 0 0 0 0 0 0 0 0 0 0 0 0 0 0 0 0 0 0 0 0 0 0 0 0 0 0 0 0 0 0 0 0 0 0 0 0 0 0 0 0 0 0 0 0 0 0 0 0 0 0 0 0 0 0 0 0 0 0 0 0 0 0 0 0 0 0 0 0 0 0 0 0 0 0 0 0 0 0 0 0 0 0 0 0 0 0 0 0 0 0 0 
[CCD拟图]
CCDLRC0=25 95 60 
CCDLRC1=25 95 60 
CCDLRC2=0 0 0 
[反馈数据]
0=68
1=84
2=76
3=4933
4=500
5=500
6=8
7=0
8=0
9=0
10=192
11=734
12=1069
[控制固参]
0=0
