[CCD原图]
CCD0=53 60 66 66 73 74 79 76 79 76 79 75 78 75 78 76 77 76 79 78 80 78 77 75 75 73 75 73 88 112 123 126 129 129 132 131 134 128 133 132 132 130 133 129 135 131 133 133 135 133 134 132 130 129 133 130 134 132 133 134 136 128 140 133 138 135 135 135 136 132 135 134 135 130 135 131 135 133 135 133 136 131 134 133 134 131 132 134 132 132 129 127 129 124 125 110 83 73 74 73 75 75 80 79 81 80 81 80 80 78 80 77 80 76 79 77 79 77 79 76 78 76 76 74 76 76 79 77 
CCD1=0 0 0 0 0 0 0 0 0 0 0 0 0 0 0 0 0 0 0 0 0 0 0 0 0 0 0 0 0 0 0 0 0 0 0 0 0 0 0 0 0 0 0 0 0 0 0 0 0 0 0 0 0 0 0 0 0 0 0 0 0 0 0 0 0 0 0 0 0 0 0 0 0 0 0 0 0 0 0 0 0 0 0 0 0 0 0 0 0 0 0 0 0 0 0 0 0 0 0 0 0 0 0 0 0 0 0 0 0 0 0 0 0 0 0 0 0 0 0 0 0 0 0 0 0 0 0 0 
[CCD拟图]
CCDLRC0=27 96 61 
CCDLRC1=27 96 61 
CCDLRC2=0 0 0 
[反馈数据]
0=68
1=84
2=76
3=4933
4=500
5=500
6=8
7=0
8=0
9=0
10=200
11=742
12=1077
[控制固参]
0=0
