[CCD原图]
CCD0=53 60 66 66 72 73 78 76 79 75 78 75 78 75 78 76 78 77 79 78 80 78 77 78 80 74 75 72 74 75 98 117 126 128 131 130 134 128 132 132 132 131 134 131 135 132 134 133 136 133 134 133 130 130 134 130 135 133 135 135 137 128 140 132 136 134 134 134 135 132 135 133 135 129 134 131 133 132 134 132 135 130 134 129 132 130 131 133 131 131 131 128 130 128 129 128 128 115 93 76 76 73 76 75 79 78 80 79 80 78 80 78 79 76 80 76 79 77 79 76 78 76 78 76 77 76 79 77 
CCD1=0 0 0 0 0 0 0 0 0 0 0 0 0 0 0 0 0 0 0 0 0 0 0 0 0 0 0 0 0 0 0 0 0 0 0 0 0 0 0 0 0 0 0 0 0 0 0 0 0 0 0 0 0 0 0 0 0 0 0 0 0 0 0 0 0 0 0 0 0 0 0 0 0 0 0 0 0 0 0 0 0 0 0 0 0 0 0 0 0 0 0 0 0 0 0 0 0 0 0 0 0 0 0 0 0 0 0 0 0 0 0 0 0 0 0 0 0 0 0 0 0 0 0 0 0 0 0 0 
[CCD拟图]
CCDLRC0=29 99 64 
CCDLRC1=29 99 64 
CCDLRC2=0 0 0 
[反馈数据]
0=68
1=84
2=76
3=4933
4=500
5=500
6=8
7=0
8=0
9=0
10=210
11=752
12=1087
[控制固参]
0=0
