[CCD原图]
CCD0=53 60 65 64 71 71 75 72 75 72 74 71 75 71 73 72 74 73 76 73 76 74 73 70 73 70 72 70 79 98 108 110 115 115 118 117 120 114 119 118 118 115 119 115 120 116 118 117 117 114 114 113 112 112 118 114 119 118 121 121 125 117 127 120 124 122 122 121 120 116 120 117 116 110 114 113 116 115 118 117 121 117 120 117 119 117 118 119 117 116 114 113 114 111 113 111 105 80 75 72 74 73 75 73 74 72 74 72 73 71 73 71 72 70 71 69 72 70 71 69 70 68 70 67 70 68 70 68 
CCD1=0 0 0 0 0 0 0 0 0 0 0 0 0 0 0 0 0 0 0 0 0 0 0 0 0 0 0 0 0 0 0 0 0 0 0 0 0 0 0 0 0 0 0 0 0 0 0 0 0 0 0 0 0 0 0 0 0 0 0 0 0 0 0 0 0 0 0 0 0 0 0 0 0 0 0 0 0 0 0 0 0 0 0 0 0 0 0 0 0 0 0 0 0 0 0 0 0 0 0 0 0 0 0 0 0 0 0 0 0 0 0 0 0 0 0 0 0 0 0 0 0 0 0 0 0 0 0 0 
[CCD拟图]
CCDLRC0=27 98 62 
CCDLRC1=27 98 62 
CCDLRC2=0 0 0 
[反馈数据]
0=68
1=84
2=76
3=4933
4=500
5=500
6=8
7=0
8=0
9=0
10=64
11=94
12=429
[控制固参]
0=0
