[CCD原图]
CCD0=54 61 67 68 74 77 82 79 82 78 80 78 80 77 80 78 80 79 82 79 80 74 72 71 75 80 107 117 123 123 123 122 124 126 128 128 131 128 133 132 133 132 137 135 142 140 143 146 152 151 152 152 146 144 147 140 144 142 141 142 144 134 147 139 144 142 142 141 142 138 141 140 142 137 142 139 141 139 140 139 142 137 141 137 138 136 139 145 145 147 145 142 143 137 116 88 84 81 89 86 85 83 84 82 82 80 81 79 79 75 76 77 82 81 83 80 82 81 82 80 82 80 82 80 81 81 84 82 
CCD1=0 0 0 0 0 0 0 0 0 0 0 0 0 0 0 0 0 0 0 0 0 0 0 0 0 0 0 0 0 0 0 0 0 0 0 0 0 0 0 0 0 0 0 0 0 0 0 0 0 0 0 0 0 0 0 0 0 0 0 0 0 0 0 0 0 0 0 0 0 0 0 0 0 0 0 0 0 0 0 0 0 0 0 0 0 0 0 0 0 0 0 0 0 0 0 0 0 0 0 0 0 0 0 0 0 0 0 0 0 0 0 0 0 0 0 0 0 0 0 0 0 0 0 0 0 0 0 0 
[CCD拟图]
CCDLRC0=25 95 60 
CCDLRC1=25 95 60 
CCDLRC2=0 0 0 
[反馈数据]
0=68
1=84
2=76
3=4933
4=500
5=500
6=8
7=0
8=0
9=0
10=117
11=915
12=1250
[控制固参]
0=0
