[CCD原图]
CCD0=54 61 67 68 75 76 81 79 81 78 80 78 81 77 80 78 80 79 81 79 81 73 72 71 75 78 106 118 123 123 125 125 127 127 129 128 133 127 133 133 133 133 137 137 145 144 147 148 155 154 156 154 150 147 148 141 145 142 143 142 144 134 148 139 143 141 141 141 141 137 136 136 138 132 136 134 136 135 137 137 140 134 140 137 139 136 137 140 138 138 134 127 118 103 88 77 78 75 83 85 87 84 86 84 85 84 85 84 84 83 85 82 84 81 83 80 82 81 83 80 82 80 82 79 81 81 83 82 
CCD1=0 0 0 0 0 0 0 0 0 0 0 0 0 0 0 0 0 0 0 0 0 0 0 0 0 0 0 0 0 0 0 0 0 0 0 0 0 0 0 0 0 0 0 0 0 0 0 0 0 0 0 0 0 0 0 0 0 0 0 0 0 0 0 0 0 0 0 0 0 0 0 0 0 0 0 0 0 0 0 0 0 0 0 0 0 0 0 0 0 0 0 0 0 0 0 0 0 0 0 0 0 0 0 0 0 0 0 0 0 0 0 0 0 0 0 0 0 0 0 0 0 0 0 0 0 0 0 0 
[CCD拟图]
CCDLRC0=25 95 60 
CCDLRC1=25 95 60 
CCDLRC2=0 0 0 
[反馈数据]
0=68
1=84
2=76
3=4933
4=500
5=500
6=8
7=0
8=0
9=0
10=120
11=918
12=1253
[控制固参]
0=0
