[CCD原图]
CCD0=54 61 67 67 75 76 81 79 82 78 80 78 81 78 80 78 80 79 81 79 81 73 72 71 76 88 115 119 126 124 125 124 126 126 129 128 132 127 133 133 134 133 139 137 144 142 146 149 154 154 158 159 156 153 152 144 147 144 144 143 144 135 146 139 142 140 139 140 140 138 140 138 141 134 139 136 139 136 136 136 139 135 139 136 138 136 138 142 141 143 142 132 109 83 79 77 78 76 82 84 86 84 85 83 85 83 85 84 84 82 84 82 84 80 82 80 82 81 83 80 82 80 82 80 81 81 83 81 
CCD1=0 0 0 0 0 0 0 0 0 0 0 0 0 0 0 0 0 0 0 0 0 0 0 0 0 0 0 0 0 0 0 0 0 0 0 0 0 0 0 0 0 0 0 0 0 0 0 0 0 0 0 0 0 0 0 0 0 0 0 0 0 0 0 0 0 0 0 0 0 0 0 0 0 0 0 0 0 0 0 0 0 0 0 0 0 0 0 0 0 0 0 0 0 0 0 0 0 0 0 0 0 0 0 0 0 0 0 0 0 0 0 0 0 0 0 0 0 0 0 0 0 0 0 0 0 0 0 0 
[CCD拟图]
CCDLRC0=24 93 58 
CCDLRC1=24 93 58 
CCDLRC2=0 0 0 
[反馈数据]
0=68
1=84
2=76
3=4933
4=500
5=500
6=8
7=0
8=0
9=0
10=131
11=929
12=1264
[控制固参]
0=0
