[CCD原图]
CCD0=53 59 65 65 70 72 76 73 75 72 75 72 74 71 73 71 74 73 75 73 76 74 73 73 73 70 72 71 74 90 105 110 113 115 118 117 120 115 119 118 117 116 118 115 120 116 118 117 118 114 114 113 111 113 119 116 122 121 123 124 126 118 129 121 124 121 120 119 121 117 119 118 118 110 114 112 115 114 117 117 119 116 120 117 119 116 118 118 117 115 114 112 114 111 113 111 107 83 76 73 74 72 75 73 75 73 74 72 73 71 73 71 72 70 72 69 71 69 71 68 70 68 70 68 70 68 70 68 
CCD1=0 0 0 0 0 0 0 0 0 0 0 0 0 0 0 0 0 0 0 0 0 0 0 0 0 0 0 0 0 0 0 0 0 0 0 0 0 0 0 0 0 0 0 0 0 0 0 0 0 0 0 0 0 0 0 0 0 0 0 0 0 0 0 0 0 0 0 0 0 0 0 0 0 0 0 0 0 0 0 0 0 0 0 0 0 0 0 0 0 0 0 0 0 0 0 0 0 0 0 0 0 0 0 0 0 0 0 0 0 0 0 0 0 0 0 0 0 0 0 0 0 0 0 0 0 0 0 0 
[CCD拟图]
CCDLRC0=28 98 63 
CCDLRC1=28 98 63 
CCDLRC2=0 0 0 
[反馈数据]
0=68
1=84
2=76
3=4933
4=500
5=500
6=8
7=0
8=0
9=0
10=70
11=100
12=435
[控制固参]
0=0
