[CCD原图]
CCD0=54 61 67 67 75 76 81 78 81 78 80 77 80 78 80 79 80 80 82 80 82 80 78 77 81 79 83 101 125 124 126 125 127 128 130 129 133 128 133 132 132 131 134 133 138 135 138 140 144 146 152 157 159 161 167 162 166 159 155 153 151 139 151 141 145 143 143 142 142 139 140 139 141 136 140 137 139 137 139 137 141 135 140 137 142 143 147 153 148 144 139 135 136 128 107 85 84 81 85 87 88 84 87 84 86 84 86 84 85 83 83 82 84 81 83 81 83 81 83 80 82 80 82 81 81 81 84 82 
CCD1=0 0 0 0 0 0 0 0 0 0 0 0 0 0 0 0 0 0 0 0 0 0 0 0 0 0 0 0 0 0 0 0 0 0 0 0 0 0 0 0 0 0 0 0 0 0 0 0 0 0 0 0 0 0 0 0 0 0 0 0 0 0 0 0 0 0 0 0 0 0 0 0 0 0 0 0 0 0 0 0 0 0 0 0 0 0 0 0 0 0 0 0 0 0 0 0 0 0 0 0 0 0 0 0 0 0 0 0 0 0 0 0 0 0 0 0 0 0 0 0 0 0 0 0 0 0 0 0 
[CCD拟图]
CCDLRC0=26 95 60 
CCDLRC1=26 95 60 
CCDLRC2=0 0 0 
[反馈数据]
0=68
1=84
2=76
3=4933
4=500
5=500
6=8
7=0
8=0
9=0
10=158
11=956
12=1291
[控制固参]
0=0
