[CCD原图]
CCD0=54 62 67 67 75 76 81 79 81 78 80 78 80 78 80 79 80 79 81 79 81 79 77 74 76 72 76 76 99 116 123 125 128 128 131 130 134 129 134 133 133 131 134 131 137 133 137 138 142 141 145 146 146 147 155 153 162 161 161 158 155 141 153 143 147 144 143 143 144 140 142 139 141 136 141 137 141 139 140 139 141 135 140 136 138 135 135 137 135 134 133 133 137 120 97 80 80 78 79 80 86 84 86 84 85 84 86 84 85 83 84 82 84 81 84 80 82 81 83 81 82 81 82 80 81 81 83 82 
CCD1=0 0 0 0 0 0 0 0 0 0 0 0 0 0 0 0 0 0 0 0 0 0 0 0 0 0 0 0 0 0 0 0 0 0 0 0 0 0 0 0 0 0 0 0 0 0 0 0 0 0 0 0 0 0 0 0 0 0 0 0 0 0 0 0 0 0 0 0 0 0 0 0 0 0 0 0 0 0 0 0 0 0 0 0 0 0 0 0 0 0 0 0 0 0 0 0 0 0 0 0 0 0 0 0 0 0 0 0 0 0 0 0 0 0 0 0 0 0 0 0 0 0 0 0 0 0 0 0 
[CCD拟图]
CCDLRC0=27 95 61 
CCDLRC1=27 95 61 
CCDLRC2=0 0 0 
[反馈数据]
0=68
1=84
2=76
3=4933
4=500
5=500
6=8
7=0
8=0
9=0
10=210
11=1008
12=1343
[控制固参]
0=0
