[CCD原图]
CCD0=54 61 67 67 75 76 81 78 81 77 79 77 80 77 80 78 79 78 82 79 82 79 76 74 76 73 79 106 124 125 127 126 128 129 132 131 135 130 134 133 133 131 134 132 137 134 137 139 142 142 144 147 147 150 158 158 166 161 157 155 153 141 153 144 147 145 144 143 143 139 141 138 140 135 141 139 142 139 141 139 141 136 140 138 138 136 137 138 136 136 135 135 137 121 99 81 81 78 80 80 85 84 86 84 86 84 86 84 85 82 84 82 84 81 84 82 83 81 83 81 82 81 82 80 81 81 83 82 
CCD1=0 0 0 0 0 0 0 0 0 0 0 0 0 0 0 0 0 0 0 0 0 0 0 0 0 0 0 0 0 0 0 0 0 0 0 0 0 0 0 0 0 0 0 0 0 0 0 0 0 0 0 0 0 0 0 0 0 0 0 0 0 0 0 0 0 0 0 0 0 0 0 0 0 0 0 0 0 0 0 0 0 0 0 0 0 0 0 0 0 0 0 0 0 0 0 0 0 0 0 0 0 0 0 0 0 0 0 0 0 0 0 0 0 0 0 0 0 0 0 0 0 0 0 0 0 0 0 0 
[CCD拟图]
CCDLRC0=27 95 61 
CCDLRC1=27 95 61 
CCDLRC2=0 0 0 
[反馈数据]
0=68
1=84
2=76
3=4933
4=500
5=500
6=8
7=0
8=0
9=0
10=215
11=1013
12=1348
[控制固参]
0=0
