[CCD原图]
CCD0=54 61 68 69 77 79 84 82 84 81 84 81 84 81 84 83 84 82 85 83 86 82 79 79 94 122 130 129 132 131 132 131 133 133 136 134 138 132 138 137 137 135 138 136 141 137 141 142 146 145 147 148 145 145 151 146 152 150 151 150 152 142 155 147 151 148 147 148 148 145 148 146 149 142 148 144 146 144 145 143 145 140 145 142 142 140 141 143 139 139 137 123 97 82 83 81 86 85 88 86 87 84 85 84 85 84 85 83 84 82 84 82 84 80 82 80 83 81 83 80 82 81 82 80 81 81 84 82 
CCD1=0 0 0 0 0 0 0 0 0 0 0 0 0 0 0 0 0 0 0 0 0 0 0 0 0 0 0 0 0 0 0 0 0 0 0 0 0 0 0 0 0 0 0 0 0 0 0 0 0 0 0 0 0 0 0 0 0 0 0 0 0 0 0 0 0 0 0 0 0 0 0 0 0 0 0 0 0 0 0 0 0 0 0 0 0 0 0 0 0 0 0 0 0 0 0 0 0 0 0 0 0 0 0 0 0 0 0 0 0 0 0 0 0 0 0 0 0 0 0 0 0 0 0 0 0 0 0 0 
[CCD拟图]
CCDLRC0=23 93 58 
CCDLRC1=23 93 58 
CCDLRC2=0 0 0 
[反馈数据]
0=68
1=84
2=76
3=4933
4=500
5=500
6=8
7=0
8=0
9=0
10=26
11=1080
12=1415
[控制固参]
0=0
