[CCD原图]
CCD0=55 62 68 68 76 78 83 80 83 81 83 80 83 80 82 81 82 81 84 80 82 78 80 104 124 124 127 125 128 126 128 127 130 129 132 131 136 131 136 135 135 133 137 135 140 137 140 142 145 145 147 147 145 145 150 146 151 150 151 151 153 141 154 146 150 147 147 147 148 144 146 145 147 140 145 142 144 143 143 142 145 139 144 140 142 139 140 141 138 135 122 89 82 79 83 86 88 84 86 85 86 83 85 83 84 83 85 84 84 83 84 81 84 80 83 81 83 81 83 80 81 80 82 80 81 81 83 82 
CCD1=0 0 0 0 0 0 0 0 0 0 0 0 0 0 0 0 0 0 0 0 0 0 0 0 0 0 0 0 0 0 0 0 0 0 0 0 0 0 0 0 0 0 0 0 0 0 0 0 0 0 0 0 0 0 0 0 0 0 0 0 0 0 0 0 0 0 0 0 0 0 0 0 0 0 0 0 0 0 0 0 0 0 0 0 0 0 0 0 0 0 0 0 0 0 0 0 0 0 0 0 0 0 0 0 0 0 0 0 0 0 0 0 0 0 0 0 0 0 0 0 0 0 0 0 0 0 0 0 
[CCD拟图]
CCDLRC0=22 92 57 
CCDLRC1=22 92 57 
CCDLRC2=0 0 0 
[反馈数据]
0=68
1=84
2=76
3=4933
4=500
5=500
6=8
7=0
8=0
9=0
10=67
11=1121
12=1456
[控制固参]
0=0
