[CCD原图]
CCD0=58 68 78 83 102 112 123 119 122 117 118 114 117 113 115 115 116 116 119 117 122 118 110 116 123 121 124 121 124 122 122 122 123 124 126 125 128 124 128 127 128 125 128 125 129 126 129 129 131 127 127 121 110 98 91 81 81 78 80 79 82 79 83 80 82 81 83 81 83 81 83 81 83 80 82 80 82 80 81 79 82 79 80 79 80 78 79 77 78 76 78 75 78 75 77 76 78 74 77 76 76 74 76 74 76 74 76 75 75 73 75 74 75 72 74 72 74 73 74 72 73 72 74 71 73 71 74 72 
CCD1=0 0 0 0 0 0 0 0 0 0 0 0 0 0 0 0 0 0 0 0 0 0 0 0 0 0 0 0 0 0 0 0 0 0 0 0 0 0 0 0 0 0 0 0 0 0 0 0 0 0 0 0 0 0 0 0 0 0 0 0 0 0 0 0 0 0 0 0 0 0 0 0 0 0 0 0 0 0 0 0 0 0 0 0 0 0 0 0 0 0 0 0 0 0 0 0 0 0 0 0 0 0 0 0 0 0 0 0 0 0 0 0 0 0 0 0 0 0 0 0 0 0 0 0 0 0 0 0 
[CCD拟图]
CCDLRC0=6 58 18 
CCDLRC1=6 58 18 
CCDLRC2=0 0 0 
[反馈数据]
0=68
1=84
2=76
3=4933
4=500
5=500
6=8
7=0
8=0
9=0
10=134
11=1188
12=1523
[控制固参]
0=0
