[CCD原图]
CCD0=58 67 78 83 102 112 123 119 122 115 118 114 115 111 113 113 114 114 117 115 119 116 108 115 121 119 121 120 123 122 123 124 127 130 131 127 127 120 124 122 122 120 123 120 124 120 122 121 124 121 123 122 119 115 117 112 115 113 110 103 97 85 84 78 78 77 80 80 81 79 80 79 81 78 80 78 80 78 80 78 80 78 80 78 79 77 78 78 79 77 79 76 79 75 78 77 79 76 78 77 80 81 87 90 95 97 101 101 96 91 88 82 83 79 81 76 77 73 74 71 73 71 73 71 73 71 74 72 
CCD1=0 0 0 0 0 0 0 0 0 0 0 0 0 0 0 0 0 0 0 0 0 0 0 0 0 0 0 0 0 0 0 0 0 0 0 0 0 0 0 0 0 0 0 0 0 0 0 0 0 0 0 0 0 0 0 0 0 0 0 0 0 0 0 0 0 0 0 0 0 0 0 0 0 0 0 0 0 0 0 0 0 0 0 0 0 0 0 0 0 0 0 0 0 0 0 0 0 0 0 0 0 0 0 0 0 0 0 0 0 0 0 0 0 0 0 0 0 0 0 0 0 0 0 0 0 0 0 0 
[CCD拟图]
CCDLRC0=6 61 21 
CCDLRC1=6 61 21 
CCDLRC2=0 0 0 
[反馈数据]
0=68
1=84
2=76
3=4933
4=500
5=500
6=8
7=0
8=0
9=0
10=158
11=1212
12=1547
[控制固参]
0=0
