[CCD原图]
CCD0=53 60 64 64 68 68 74 74 76 73 76 73 76 73 75 74 75 74 76 74 77 75 74 76 79 78 79 78 81 80 80 79 81 79 81 79 81 77 80 78 79 76 79 77 80 77 79 78 80 78 80 78 79 78 79 77 79 78 80 78 80 76 80 77 79 77 79 76 78 76 78 76 78 75 77 75 78 75 77 75 77 74 76 73 76 74 76 74 75 73 74 72 74 72 74 73 74 72 73 72 73 71 73 71 72 71 73 71 74 74 78 78 80 79 82 79 81 80 82 79 81 79 81 79 80 80 83 82 
CCD1=0 0 0 0 0 0 0 0 0 0 0 0 0 0 0 0 0 0 0 0 0 0 0 0 0 0 0 0 0 0 0 0 0 0 0 0 0 0 0 0 0 0 0 0 0 0 0 0 0 0 0 0 0 0 0 0 0 0 0 0 0 0 0 0 0 0 0 0 0 0 0 0 0 0 0 0 0 0 0 0 0 0 0 0 0 0 0 0 0 0 0 0 0 0 0 0 0 0 0 0 0 0 0 0 0 0 0 0 0 0 0 0 0 0 0 0 0 0 0 0 0 0 0 0 0 0 0 0 
[CCD拟图]
CCDLRC0=6 122 9 
CCDLRC1=6 122 9 
CCDLRC2=0 0 0 
[反馈数据]
0=68
1=84
2=76
3=4933
4=500
5=500
6=8
7=0
8=0
9=0
10=177
11=1231
12=1566
[控制固参]
0=0
