[CCD原图]
CCD0=60 70 82 89 109 122 134 130 135 129 131 127 127 122 122 125 127 123 126 123 127 124 116 123 130 128 134 134 141 142 145 146 150 151 154 152 153 144 148 146 144 139 141 138 142 137 140 140 144 141 143 143 141 140 144 141 147 147 150 151 154 144 156 147 151 148 147 146 147 143 146 145 146 141 146 141 145 142 143 141 145 139 143 141 143 143 149 157 160 164 164 162 163 159 160 157 155 145 143 138 136 130 132 128 127 129 129 129 126 125 125 124 125 120 124 120 124 122 124 121 122 123 125 123 121 127 133 134 
CCD1=0 0 0 0 0 0 0 0 0 0 0 0 0 0 0 0 0 0 0 0 0 0 0 0 0 0 0 0 0 0 0 0 0 0 0 0 0 0 0 0 0 0 0 0 0 0 0 0 0 0 0 0 0 0 0 0 0 0 0 0 0 0 0 0 0 0 0 0 0 0 0 0 0 0 0 0 0 0 0 0 0 0 0 0 0 0 0 0 0 0 0 0 0 0 0 0 0 0 0 0 0 0 0 0 0 0 0 0 0 0 0 0 0 0 0 0 0 0 0 0 0 0 0 0 0 0 0 0 
[CCD拟图]
CCDLRC0=6 122 64 
CCDLRC1=6 122 64 
CCDLRC2=0 0 0 
[反馈数据]
0=68
1=84
2=76
3=4933
4=500
5=500
6=8
7=0
8=0
9=0
10=221
11=1275
12=1610
[控制固参]
0=0
