[CCD原图]
CCD0=60 70 81 89 109 121 133 131 134 128 129 126 129 125 128 124 123 123 129 131 130 130 121 128 133 130 131 128 131 128 130 131 133 134 139 139 145 140 147 146 146 144 145 142 146 140 142 142 144 142 143 143 141 140 144 140 145 144 146 147 150 140 154 148 154 152 151 151 151 148 149 146 148 141 146 143 146 144 146 145 146 141 144 141 143 141 142 145 145 146 150 153 158 157 161 161 161 154 156 152 148 140 139 133 132 132 132 132 129 127 127 126 127 122 127 121 125 124 125 121 124 123 125 124 122 127 132 132 
CCD1=0 0 0 0 0 0 0 0 0 0 0 0 0 0 0 0 0 0 0 0 0 0 0 0 0 0 0 0 0 0 0 0 0 0 0 0 0 0 0 0 0 0 0 0 0 0 0 0 0 0 0 0 0 0 0 0 0 0 0 0 0 0 0 0 0 0 0 0 0 0 0 0 0 0 0 0 0 0 0 0 0 0 0 0 0 0 0 0 0 0 0 0 0 0 0 0 0 0 0 0 0 0 0 0 0 0 0 0 0 0 0 0 0 0 0 0 0 0 0 0 0 0 0 0 0 0 0 0 
[CCD拟图]
CCDLRC0=6 122 64 
CCDLRC1=6 122 64 
CCDLRC2=0 0 0 
[反馈数据]
0=68
1=84
2=76
3=4933
4=500
5=500
6=8
7=0
8=0
9=0
10=228
11=1282
12=1617
[控制固参]
0=0
