[CCD原图]
CCD0=60 70 81 89 109 122 133 129 133 127 129 126 128 124 128 127 126 125 129 130 132 126 119 127 132 129 130 127 130 128 128 128 131 133 137 137 141 137 143 143 142 141 144 141 145 141 142 142 144 142 143 143 140 140 144 140 145 144 145 146 149 140 154 147 153 153 153 154 153 149 151 147 148 143 146 144 146 145 146 144 146 140 145 141 142 140 141 142 142 144 147 148 155 155 159 160 163 157 160 157 152 144 145 138 135 135 134 133 130 128 128 127 128 123 127 123 126 125 127 124 124 124 127 124 122 128 132 132 
CCD1=0 0 0 0 0 0 0 0 0 0 0 0 0 0 0 0 0 0 0 0 0 0 0 0 0 0 0 0 0 0 0 0 0 0 0 0 0 0 0 0 0 0 0 0 0 0 0 0 0 0 0 0 0 0 0 0 0 0 0 0 0 0 0 0 0 0 0 0 0 0 0 0 0 0 0 0 0 0 0 0 0 0 0 0 0 0 0 0 0 0 0 0 0 0 0 0 0 0 0 0 0 0 0 0 0 0 0 0 0 0 0 0 0 0 0 0 0 0 0 0 0 0 0 0 0 0 0 0 
[CCD拟图]
CCDLRC0=6 122 64 
CCDLRC1=6 122 64 
CCDLRC2=0 0 0 
[反馈数据]
0=68
1=84
2=76
3=4933
4=500
5=500
6=8
7=0
8=0
9=0
10=230
11=1284
12=1619
[控制固参]
0=0
