[CCD原图]
CCD0=55 62 68 69 77 79 84 82 84 81 83 82 84 81 84 82 83 81 83 82 85 81 78 74 77 76 97 119 128 127 129 128 131 131 134 133 137 134 140 140 140 138 142 140 145 142 144 144 147 145 146 145 142 141 145 141 146 144 146 147 148 139 152 143 148 145 142 148 149 148 151 150 151 144 148 144 146 144 144 143 145 137 142 140 141 138 138 139 137 136 136 133 136 134 139 142 147 147 157 162 164 160 162 156 151 150 146 141 134 130 129 127 127 121 126 121 125 123 125 122 123 122 125 122 121 126 131 131 
CCD1=0 0 0 0 0 0 0 0 0 0 0 0 0 0 0 0 0 0 0 0 0 0 0 0 0 0 0 0 0 0 0 0 0 0 0 0 0 0 0 0 0 0 0 0 0 0 0 0 0 0 0 0 0 0 0 0 0 0 0 0 0 0 0 0 0 0 0 0 0 0 0 0 0 0 0 0 0 0 0 0 0 0 0 0 0 0 0 0 0 0 0 0 0 0 0 0 0 0 0 0 0 0 0 0 0 0 0 0 0 0 0 0 0 0 0 0 0 0 0 0 0 0 0 0 0 0 0 0 
[CCD拟图]
CCDLRC0=25 122 73 
CCDLRC1=25 122 73 
CCDLRC2=0 0 0 
[反馈数据]
0=68
1=84
2=76
3=4933
4=500
5=500
6=8
7=0
8=0
9=0
10=240
11=1294
12=1629
[控制固参]
0=0
