[CCD原图]
CCD0=54 61 66 66 72 72 75 73 77 75 79 76 79 78 79 78 80 79 81 81 83 81 80 81 85 84 84 80 84 93 132 141 139 134 134 131 135 130 134 134 134 133 137 135 141 137 139 140 144 142 145 145 143 143 148 144 147 146 146 144 145 136 148 140 144 143 141 142 143 140 142 141 143 138 143 143 148 149 156 159 162 159 165 160 156 149 146 146 143 141 138 135 137 133 135 135 136 125 104 83 83 80 85 85 87 86 87 86 87 85 86 85 87 84 86 84 86 85 86 84 85 83 84 83 83 83 86 84 
CCD1=0 0 0 0 0 0 0 0 0 0 0 0 0 0 0 0 0 0 0 0 0 0 0 0 0 0 0 0 0 0 0 0 0 0 0 0 0 0 0 0 0 0 0 0 0 0 0 0 0 0 0 0 0 0 0 0 0 0 0 0 0 0 0 0 0 0 0 0 0 0 0 0 0 0 0 0 0 0 0 0 0 0 0 0 0 0 0 0 0 0 0 0 0 0 0 0 0 0 0 0 0 0 0 0 0 0 0 0 0 0 0 0 0 0 0 0 0 0 0 0 0 0 0 0 0 0 0 0 
[CCD拟图]
CCDLRC0=28 99 63 
CCDLRC1=28 99 63 
CCDLRC2=0 0 0 
[反馈数据]
0=68
1=84
2=76
3=4933
4=500
5=500
6=8
7=0
8=0
9=0
10=25
11=1335
12=1670
[控制固参]
0=0
