[CCD原图]
CCD0=53 61 66 66 74 74 79 76 79 75 78 75 78 75 77 75 78 76 79 77 80 78 77 78 81 79 82 79 80 75 75 74 76 81 110 125 132 129 134 133 132 130 135 132 137 133 137 137 140 139 141 142 141 140 144 141 148 148 151 151 152 141 153 145 148 146 145 145 147 143 146 145 147 142 146 143 142 139 141 142 155 156 164 158 167 167 163 165 156 145 140 136 139 136 138 137 137 132 134 132 126 98 83 79 81 84 87 86 86 84 86 84 86 83 86 83 86 83 86 83 85 84 86 84 84 85 88 86 
CCD1=0 0 0 0 0 0 0 0 0 0 0 0 0 0 0 0 0 0 0 0 0 0 0 0 0 0 0 0 0 0 0 0 0 0 0 0 0 0 0 0 0 0 0 0 0 0 0 0 0 0 0 0 0 0 0 0 0 0 0 0 0 0 0 0 0 0 0 0 0 0 0 0 0 0 0 0 0 0 0 0 0 0 0 0 0 0 0 0 0 0 0 0 0 0 0 0 0 0 0 0 0 0 0 0 0 0 0 0 0 0 0 0 0 0 0 0 0 0 0 0 0 0 0 0 0 0 0 0 
[CCD拟图]
CCDLRC0=33 102 67 
CCDLRC1=33 102 67 
CCDLRC2=0 0 0 
[反馈数据]
0=68
1=84
2=76
3=4933
4=500
5=500
6=8
7=0
8=0
9=0
10=56
11=1366
12=1701
[控制固参]
0=0
