[CCD原图]
CCD0=54 61 67 66 73 74 79 76 79 76 78 76 78 75 78 76 78 76 79 78 81 78 77 78 82 80 83 81 83 80 81 80 83 99 125 130 133 129 134 134 133 133 136 134 139 136 139 141 145 143 144 144 141 140 145 141 147 146 148 147 148 139 151 142 146 143 142 142 144 140 143 142 144 139 144 141 144 144 148 149 152 148 156 158 161 160 161 162 156 152 147 142 142 136 137 136 138 132 134 130 119 88 82 78 82 84 87 86 86 84 85 84 85 82 85 83 85 84 85 84 85 83 85 83 83 84 87 86 
CCD1=0 0 0 0 0 0 0 0 0 0 0 0 0 0 0 0 0 0 0 0 0 0 0 0 0 0 0 0 0 0 0 0 0 0 0 0 0 0 0 0 0 0 0 0 0 0 0 0 0 0 0 0 0 0 0 0 0 0 0 0 0 0 0 0 0 0 0 0 0 0 0 0 0 0 0 0 0 0 0 0 0 0 0 0 0 0 0 0 0 0 0 0 0 0 0 0 0 0 0 0 0 0 0 0 0 0 0 0 0 0 0 0 0 0 0 0 0 0 0 0 0 0 0 0 0 0 0 0 
[CCD拟图]
CCDLRC0=32 101 66 
CCDLRC1=32 101 66 
CCDLRC2=0 0 0 
[反馈数据]
0=68
1=84
2=76
3=4933
4=500
5=500
6=8
7=0
8=0
9=0
10=71
11=1381
12=1716
[控制固参]
0=0
