[CCD原图]
CCD0=53 60 66 66 73 74 79 76 79 75 78 75 77 74 77 75 77 75 78 76 79 76 76 77 80 78 80 79 81 79 81 79 81 80 83 81 84 81 84 82 84 82 84 82 85 84 85 84 87 85 88 85 86 85 87 85 88 87 89 88 90 84 87 83 87 88 102 123 137 140 144 142 143 136 142 139 141 139 141 141 143 138 141 139 141 138 139 141 139 138 136 133 135 132 134 133 134 130 133 131 131 128 130 128 128 129 129 130 128 127 127 126 128 123 128 124 128 128 130 127 129 130 133 131 130 137 140 138 
CCD1=0 0 0 0 0 0 0 0 0 0 0 0 0 0 0 0 0 0 0 0 0 0 0 0 0 0 0 0 0 0 0 0 0 0 0 0 0 0 0 0 0 0 0 0 0 0 0 0 0 0 0 0 0 0 0 0 0 0 0 0 0 0 0 0 0 0 0 0 0 0 0 0 0 0 0 0 0 0 0 0 0 0 0 0 0 0 0 0 0 0 0 0 0 0 0 0 0 0 0 0 0 0 0 0 0 0 0 0 0 0 0 0 0 0 0 0 0 0 0 0 0 0 0 0 0 0 0 0 
[CCD拟图]
CCDLRC0=65 122 103 
CCDLRC1=65 122 103 
CCDLRC2=0 0 0 
[反馈数据]
0=68
1=84
2=76
3=4933
4=500
5=500
6=8
7=0
8=0
9=0
10=120
11=1430
12=1765
[控制固参]
0=0
