[CCD原图]
CCD0=54 60 66 67 74 74 79 77 79 76 78 75 78 75 78 77 78 77 79 78 80 78 77 78 81 79 81 80 82 80 81 80 82 81 83 82 84 82 84 83 84 80 78 75 78 75 79 95 122 134 138 138 134 134 137 134 140 138 140 140 142 133 146 139 144 142 142 143 144 141 145 144 147 143 147 142 143 139 145 153 158 152 154 148 147 143 142 142 139 137 134 132 133 130 133 132 133 130 134 133 132 127 129 127 126 128 129 130 129 128 129 129 131 123 112 84 78 75 78 77 84 84 86 84 85 85 87 87 
CCD1=0 0 0 0 0 0 0 0 0 0 0 0 0 0 0 0 0 0 0 0 0 0 0 0 0 0 0 0 0 0 0 0 0 0 0 0 0 0 0 0 0 0 0 0 0 0 0 0 0 0 0 0 0 0 0 0 0 0 0 0 0 0 0 0 0 0 0 0 0 0 0 0 0 0 0 0 0 0 0 0 0 0 0 0 0 0 0 0 0 0 0 0 0 0 0 0 0 0 0 0 0 0 0 0 0 0 0 0 0 0 0 0 0 0 0 0 0 0 0 0 0 0 0 0 0 0 0 0 
[CCD拟图]
CCDLRC0=47 116 81 
CCDLRC1=47 116 81 
CCDLRC2=0 0 0 
[反馈数据]
0=68
1=84
2=76
3=4933
4=500
5=500
6=8
7=0
8=0
9=0
10=140
11=1450
12=1785
[控制固参]
0=0
