[CCD原图]
CCD0=54 61 66 66 73 75 80 77 80 76 79 76 79 76 78 77 78 76 80 78 80 78 78 78 81 79 81 80 82 80 81 81 82 81 83 82 85 82 84 82 81 76 78 76 82 99 128 136 138 137 138 137 134 135 139 134 140 138 140 140 142 133 146 138 143 141 141 142 144 142 146 146 148 138 144 141 147 153 156 154 154 145 148 143 143 139 140 142 139 137 136 133 135 131 133 133 134 129 133 133 132 128 131 128 128 131 133 137 135 136 137 136 136 116 87 77 78 76 80 83 86 86 87 84 85 85 87 85 
CCD1=0 0 0 0 0 0 0 0 0 0 0 0 0 0 0 0 0 0 0 0 0 0 0 0 0 0 0 0 0 0 0 0 0 0 0 0 0 0 0 0 0 0 0 0 0 0 0 0 0 0 0 0 0 0 0 0 0 0 0 0 0 0 0 0 0 0 0 0 0 0 0 0 0 0 0 0 0 0 0 0 0 0 0 0 0 0 0 0 0 0 0 0 0 0 0 0 0 0 0 0 0 0 0 0 0 0 0 0 0 0 0 0 0 0 0 0 0 0 0 0 0 0 0 0 0 0 0 0 
[CCD拟图]
CCDLRC0=45 114 79 
CCDLRC1=45 114 79 
CCDLRC2=0 0 0 
[反馈数据]
0=68
1=84
2=76
3=4933
4=500
5=500
6=8
7=0
8=0
9=0
10=145
11=1455
12=1790
[控制固参]
0=0
