[CCD原图]
CCD0=54 61 66 65 71 71 75 72 75 73 75 73 76 73 77 76 78 78 81 79 81 79 78 78 82 78 76 73 76 74 83 107 120 124 127 127 131 126 131 130 130 129 132 130 136 133 137 140 144 143 143 143 142 140 142 137 142 140 140 139 139 129 141 132 138 136 135 136 139 136 140 138 141 134 139 137 139 137 139 138 141 136 140 138 140 139 143 149 150 154 154 153 156 149 148 146 143 135 129 105 86 81 82 83 87 86 88 86 84 82 84 83 85 82 84 81 83 82 84 83 84 82 84 82 84 83 88 86 
CCD1=0 0 0 0 0 0 0 0 0 0 0 0 0 0 0 0 0 0 0 0 0 0 0 0 0 0 0 0 0 0 0 0 0 0 0 0 0 0 0 0 0 0 0 0 0 0 0 0 0 0 0 0 0 0 0 0 0 0 0 0 0 0 0 0 0 0 0 0 0 0 0 0 0 0 0 0 0 0 0 0 0 0 0 0 0 0 0 0 0 0 0 0 0 0 0 0 0 0 0 0 0 0 0 0 0 0 0 0 0 0 0 0 0 0 0 0 0 0 0 0 0 0 0 0 0 0 0 0 
[CCD拟图]
CCDLRC0=30 100 65 
CCDLRC1=30 100 65 
CCDLRC2=0 0 0 
[反馈数据]
0=68
1=84
2=76
3=4933
4=500
5=500
6=8
7=0
8=0
9=0
10=221
11=1531
12=1866
[控制固参]
0=0
