[CCD原图]
CCD0=52 59 65 63 70 69 73 71 74 71 73 70 73 70 74 71 73 72 75 72 75 71 70 69 72 69 79 95 106 108 109 110 112 112 115 113 118 113 118 117 117 115 118 114 117 113 116 116 119 118 120 120 120 118 123 120 124 121 123 123 124 117 126 119 123 120 120 120 120 116 118 116 118 113 117 114 116 114 116 115 117 112 116 113 115 112 112 113 112 110 108 105 106 98 82 71 72 70 73 73 74 71 73 72 72 71 73 71 72 71 72 71 73 70 72 70 72 71 73 71 72 71 72 70 71 71 73 71 
CCD1=0 0 0 0 0 0 0 0 0 0 0 0 0 0 0 0 0 0 0 0 0 0 0 0 0 0 0 0 0 0 0 0 0 0 0 0 0 0 0 0 0 0 0 0 0 0 0 0 0 0 0 0 0 0 0 0 0 0 0 0 0 0 0 0 0 0 0 0 0 0 0 0 0 0 0 0 0 0 0 0 0 0 0 0 0 0 0 0 0 0 0 0 0 0 0 0 0 0 0 0 0 0 0 0 0 0 0 0 0 0 0 0 0 0 0 0 0 0 0 0 0 0 0 0 0 0 0 0 
[CCD拟图]
CCDLRC0=26 95 60 
CCDLRC1=26 95 60 
CCDLRC2=0 0 0 
[反馈数据]
0=68
1=84
2=76
3=4933
4=500
5=500
6=8
7=0
8=0
9=0
10=131
11=161
12=496
[控制固参]
0=0
