[CCD原图]
CCD0=37 39 40 41 43 45 47 48 50 51 52 53 54 54 55 56 57 58 59 59 60 61 61 62 62 63 64 65 65 66 66 66 67 67 68 69 70 70 71 72 72 73 74 74 75 76 76 77 78 78 79 80 81 82 82 83 84 84 85 86 87 88 88 89 90 90 92 92 93 93 108 109 255 255 255 255 255 255 255 255 255 255 255 255 255 255 255 255 255 255 255 255 255 255 255 255 255 255 255 255 255 255 255 255 255 255 255 255 255 255 255 255 255 255 255 255 255 255 255 255 255 255 255 255 255 255 255 255 
CCD1=0 0 0 0 0 0 0 0 0 0 0 0 0 0 0 0 0 0 0 0 0 0 0 0 0 0 0 0 0 0 0 0 0 0 0 0 0 0 0 0 0 0 0 0 0 0 0 0 0 0 0 0 0 0 0 0 0 0 0 0 0 0 0 0 0 0 0 0 0 0 0 0 0 0 0 0 0 0 0 0 0 0 0 0 0 0 0 0 0 0 0 0 0 0 0 0 0 0 0 0 0 0 0 0 0 0 0 0 0 0 0 0 0 0 0 0 0 0 0 0 0 0 0 0 0 0 0 0 
[CCD拟图]
CCDLRC0=255 255 255 
CCDLRC1=255 255 255 
CCDLRC2=0 0 0 
[反馈数据]
0=64
1=64
2=64
3=4896
4=1800
5=1750
6=0
7=0
8=0
9=0
10=75
11=11
12=598
[控制固参]
0=0
