[CCD原图]
CCD0=156 156 155 155 155 154 154 153 152 152 151 151 151 150 150 150 149 149 149 148 148 148 147 147 147 147 146 146 146 145 145 145 144 144 144 143 143 142 142 142 141 141 141 140 140 139 139 139 139 139 138 138 138 137 137 136 136 135 135 135 134 134 134 134 133 133 132 132 132 131 23 25 255 255 255 255 255 255 255 255 255 255 255 255 255 255 255 255 255 255 255 255 255 255 255 255 255 255 255 255 255 255 255 255 255 255 255 255 255 255 255 255 255 255 255 255 255 255 255 255 255 255 255 255 255 255 255 255 
CCD1=0 0 0 0 0 0 0 0 0 0 0 0 0 0 0 0 0 0 0 0 0 0 0 0 0 0 0 0 0 0 0 0 0 0 0 0 0 0 0 0 0 0 0 0 0 0 0 0 0 0 0 0 0 0 0 0 0 0 0 0 0 0 0 0 0 0 0 0 0 0 0 0 0 0 0 0 0 0 0 0 0 0 0 0 0 0 0 0 0 0 0 0 0 0 0 0 0 0 0 0 0 0 0 0 0 0 0 0 0 0 0 0 0 0 0 0 0 0 0 0 0 0 0 0 0 0 0 0 
[CCD拟图]
CCDLRC0=255 255 255 
CCDLRC1=255 255 255 
CCDLRC2=0 0 0 
[反馈数据]
0=64
1=64
2=64
3=4896
4=1800
5=1750
6=0
7=0
8=0
9=0
10=75
11=11
12=598
[控制固参]
0=0
